"CB1 0AG",10,546182,257043,"E92000001","E19000001","E18000006","E10000003","E07000008","E05013054"
"CB1 0AH",10,546182,257043,"E92000001","E19000001","E18000006","E10000003","E07000008","E05013054"
"CB1 0AN",10,546182,257043,"E92000001","E19000001","E18000006","E10000003","E07000008","E05013054"
"CB1 0AS",10,546182,257043,"E92000001","E19000001","E18000006","E10000003","E07000008","E05013054"
"CB1 0AT",10,546182,257043,"E92000001","E19000001","E18000006","E10000003","E07000008","E05013054"
"CB1 0AU",10,546182,257043,"E92000001","E19000001","E18000006","E10000003","E07000008","E05013054"
"CB1 0BA",10,546182,257043,"E92000001","E19000001","E18000006","E10000003","E07000008","E05013054"
"CB1 0BE",10,546182,257043,"E92000001","E19000001","E18000006","E10000003","E07000008","E05013054"
"CB1 0BG",10,546182,257043,"E92000001","E19000001","E18000006","E10000003","E07000008","E05013054"
"CB1 0BH",10,546182,257043,"E92000001","E19000001","E18000006","E10000003","E07000008","E05013054"
"CB1 0BN",10,546182,257043,"E92000001","E19000001","E18000006","E10000003","E07000008","E05013054"
"CB1 0BS",10,546182,257043,"E92000001","E19000001","E18000006","E10000003","E07000008","E05013054"
"CB1 0BW",10,546182,257043,"E92000001","E19000001","E18000006","E10000003","E07000008","E05013054"
"CB1 0BX",10,546182,257043,"E92000001","E19000001","E18000006","E10000003","E07000008","E05013054"
"CB1 0BZ",10,546182,257043,"E92000001","E19000001","E18000006","E10000003","E07000008","E05013054"
"CB1 0DA",10,531405,260070,"E92000001","E19000001","E18000006","E10000003","E07000012","E05014031"
"CB1 0DG",10,546182,257043,"E92000001","E19000001","E18000006","E10000003","E07000008","E05013054"
"CB1 0DH",10,546182,257043,"E92000001","E19000001","E18000006","E10000003","E07000008","E05013054"
"CB1 0DR",10,546182,257043,"E92000001","E19000001","E18000006","E10000003","E07000008","E05013054"
"CB1 0DU",10,546182,257043,"E92000001","E19000001","E18000006","E10000003","E07000008","E05013054"
"CB1 0DW",10,546182,257043,"E92000001","E19000001","E18000006","E10000003","E07000008","E05013054"
"CB1 0DX",10,546182,257043,"E92000001","E19000001","E18000006","E10000003","E07000008","E05013054"
"CB1 0DZ",10,546182,257043,"E92000001","E19000001","E18000006","E10000003","E07000008","E05013054"
"CB1 0EA",10,546182,257043,"E92000001","E19000001","E18000006","E10000003","E07000008","E05013054"
"CB1 0EE",10,546182,257043,"E92000001","E19000001","E18000006","E10000003","E07000008","E05013054"
"CB1 0EJ",10,546182,257043,"E92000001","E19000001","E18000006","E10000003","E07000008","E05013054"
"CB1 0EN",10,546182,257043,"E92000001","E19000001","E18000006","E10000003","E07000008","E05013054"
"CB1 0ET",10,546182,257043,"E92000001","E19000001","E18000006","E10000003","E07000008","E05013054"
"CB1 0EY",10,546182,257043,"E92000001","E19000001","E18000006","E10000003","E07000008","E05013054"
"CB1 0EZ",10,546182,257043,"E92000001","E19000001","E18000006","E10000003","E07000008","E05013054"
"CB1 0FA",10,546182,257043,"E92000001","E19000001","E18000006","E10000003","E07000008","E05013054"
"CB1 0FD",10,546182,257043,"E92000001","E19000001","E18000006","E10000003","E07000008","E05013054"
"CB1 0FE",10,546182,257043,"E92000001","E19000001","E18000006","E10000003","E07000008","E05013054"
"CB1 0FG",10,546182,257043,"E92000001","E19000001","E18000006","E10000003","E07000008","E05013054"
"CB1 0FJ",10,546182,257043,"E92000001","E19000001","E18000006","E10000003","E07000008","E05013054"
"CB1 0FU",10,546182,257043,"E92000001","E19000001","E18000006","E10000003","E07000008","E05013054"
"CB1 0FZ",10,546182,257043,"E92000001","E19000001","E18000006","E10000003","E07000008","E05013054"
"CB1 0GA",50,546182,257043,"E92000001","E19000001","E18000006","E10000003","E07000008","E05013054"
"CB1 0GB",50,546182,257043,"E92000001","E19000001","E18000006","E10000003","E07000008","E05013054"
"CB1 0GF",10,546182,257043,"E92000001","E19000001","E18000006","E10000003","E07000008","E05013054"
"CB1 0GG",50,546182,257043,"E92000001","E19000001","E18000006","E10000003","E07000008","E05013054"
"CB1 0GJ",10,546182,257043,"E92000001","E19000001","E18000006","E10000003","E07000008","E05013054"
"CB1 0GL",50,546182,257043,"E92000001","E19000001","E18000006","E10000003","E07000008","E05013054"
"CB1 0GN",50,546182,257043,"E92000001","E19000001","E18000006","E10000003","E07000008","E05013054"
"CB1 0GP",50,546182,257043,"E92000001","E19000001","E18000006","E10000003","E07000008","E05013054"
"CB1 0GR",50,546182,257043,"E92000001","E19000001","E18000006","E10000003","E07000008","E05013054"
"CB1 0GS",10,546182,257043,"E92000001","E19000001","E18000006","E10000003","E07000008","E05013054"
"CB1 0GT",10,546182,257043,"E92000001","E19000001","E18000006","E10000003","E07000008","E05013054"
"CB1 0GX",50,546182,257043,"E92000001","E19000001","E18000006","E10000003","E07000008","E05013054"
"CB1 0GY",10,546182,257043,"E92000001","E19000001","E18000006","E10000003","E07000008","E05013054"
"CB1 0GZ",50,546182,257043,"E92000001","E19000001","E18000006","E10000003","E07000008","E05013054"
"CB1 0HB",50,546182,257043,"E92000001","E19000001","E18000006","E10000003","E07000008","E05013054"
"CB1 0HD",50,546182,257043,"E92000001","E19000001","E18000006","E10000003","E07000008","E05013054"
"CB1 0HF",50,546182,257043,"E92000001","E19000001","E18000006","E10000003","E07000008","E05013054"
"CB1 0HH",50,546182,257043,"E92000001","E19000001","E18000006","E10000003","E07000008","E05013054"
"CB1 0HJ",50,546182,257043,"E92000001","E19000001","E18000006","E10000003","E07000008","E05013054"
"CB1 0HQ",50,546182,257043,"E92000001","E19000001","E18000006","E10000003","E07000008","E05013054"
"CB1 0HU",10,546182,257043,"E92000001","E19000001","E18000006","E10000003","E07000008","E05013054"
"CB1 0HW",10,546182,257043,"E92000001","E19000001","E18000006","E10000003","E07000008","E05013054"
"CB1 0HZ",50,546182,257043,"E92000001","E19000001","E18000006","E10000003","E07000008","E05013054"
"CB1 0JA",10,546182,257043,"E92000001","E19000001","E18000006","E10000003","E07000008","E05013054"
"CB1 0JB",50,546182,257043,"E92000001","E19000001","E18000006","E10000003","E07000008","E05013054"
"CB1 0JG",10,546182,257043,"E92000001","E19000001","E18000006","E10000003","E07000008","E05013054"
"CB1 0JH",10,546182,257043,"E92000001","E19000001","E18000006","E10000003","E07000008","E05013054"
"CB1 0JJ",10,546182,257043,"E92000001","E19000001","E18000006","E10000003","E07000008","E05013054"
"CB1 0JL",10,546182,257043,"E92000001","E19000001","E18000006","E10000003","E07000008","E05013054"
"CB1 0JN",10,531399,260061,"E92000001","E19000001","E18000006","E10000003","E07000012","E05014031"
"CB1 0JQ",10,546182,257043,"E92000001","E19000001","E18000006","E10000003","E07000008","E05013054"
"CB1 0JS",10,546182,257043,"E92000001","E19000001","E18000006","E10000003","E07000008","E05013054"
"CB1 0JU",10,546182,257043,"E92000001","E19000001","E18000006","E10000003","E07000008","E05013054"
"CB1 0JX",10,546182,257043,"E92000001","E19000001","E18000006","E10000003","E07000008","E05013054"
"CB1 0JY",10,546182,257043,"E92000001","E19000001","E18000006","E10000003","E07000008","E05013054"
"CB1 0LD",50,546182,257043,"E92000001","E19000001","E18000006","E10000003","E07000008","E05013054"
"CB1 0LE",50,546182,257043,"E92000001","E19000001","E18000006","E10000003","E07000008","E05013054"
"CB1 0LF",10,546182,257043,"E92000001","E19000001","E18000006","E10000003","E07000008","E05013054"
"CB1 0LG",10,546182,257043,"E92000001","E19000001","E18000006","E10000003","E07000008","E05013054"
"CB1 0LH",10,546182,257043,"E92000001","E19000001","E18000006","E10000003","E07000008","E05013054"
"CB1 0LJ",50,546182,257043,"E92000001","E19000001","E18000006","E10000003","E07000008","E05013054"
"CB1 0LL",50,546182,257043,"E92000001","E19000001","E18000006","E10000003","E07000008","E05013054"
"CB1 0LN",50,546182,257043,"E92000001","E19000001","E18000006","E10000003","E07000008","E05013054"
"CB1 0LQ",10,546182,257043,"E92000001","E19000001","E18000006","E10000003","E07000008","E05013054"
"CB1 0LR",10,546182,257043,"E92000001","E19000001","E18000006","E10000003","E07000008","E05013054"
"CB1 0LS",50,546182,257043,"E92000001","E19000001","E18000006","E10000003","E07000008","E05013054"
"CB1 0LT",50,546182,257043,"E92000001","E19000001","E18000006","E10000003","E07000008","E05013054"
"CB1 0LU",50,546182,257043,"E92000001","E19000001","E18000006","E10000003","E07000008","E05013054"
"CB1 0LW",50,546182,257043,"E92000001","E19000001","E18000006","E10000003","E07000008","E05013054"
"CB1 0LX",50,546182,257043,"E92000001","E19000001","E18000006","E10000003","E07000008","E05013054"
"CB1 0LY",10,546182,257043,"E92000001","E19000001","E18000006","E10000003","E07000008","E05013054"
"CB1 0LZ",50,546182,257043,"E92000001","E19000001","E18000006","E10000003","E07000008","E05013054"
"CB1 0NB",10,546182,257043,"E92000001","E19000001","E18000006","E10000003","E07000008","E05013054"
"CB1 0NE",10,546182,257043,"E92000001","E19000001","E18000006","E10000003","E07000008","E05013054"
"CB1 0NG",50,546182,257043,"E92000001","E19000001","E18000006","E10000003","E07000008","E05013054"
"CB1 0NJ",50,546182,257043,"E92000001","E19000001","E18000006","E10000003","E07000008","E05013054"
"CB1 0NN",10,546182,257043,"E92000001","E19000001","E18000006","E10000003","E07000008","E05013054"
"CB1 0NR",10,546182,257043,"E92000001","E19000001","E18000006","E10000003","E07000008","E05013054"
"CB1 0NS",10,546182,257043,"E92000001","E19000001","E18000006","E10000003","E07000008","E05013054"
"CB1 0NU",50,546182,257043,"E92000001","E19000001","E18000006","E10000003","E07000008","E05013054"
"CB1 0PE",50,546182,257043,"E92000001","E19000001","E18000006","E10000003","E07000008","E05013054"
"CB1 0PF",10,546182,257043,"E92000001","E19000001","E18000006","E10000003","E07000008","E05013054"
"CB1 0PH",50,546182,257043,"E92000001","E19000001","E18000006","E10000003","E07000008","E05013054"
"CB1 0PJ",50,546182,257043,"E92000001","E19000001","E18000006","E10000003","E07000008","E05013054"
"CB1 0PL",50,546182,257043,"E92000001","E19000001","E18000006","E10000003","E07000008","E05013054"
"CB1 0PN",50,546182,257043,"E92000001","E19000001","E18000006","E10000003","E07000008","E05013054"
"CB1 0PQ",50,546182,257043,"E92000001","E19000001","E18000006","E10000003","E07000008","E05013054"
"CB1 0PR",50,546182,257043,"E92000001","E19000001","E18000006","E10000003","E07000008","E05013054"
"CB1 0PT",10,546182,257043,"E92000001","E19000001","E18000006","E10000003","E07000008","E05013054"
"CB1 0PX",50,546182,257043,"E92000001","E19000001","E18000006","E10000003","E07000008","E05013054"
"CB1 0QD",50,546182,257043,"E92000001","E19000001","E18000006","E10000003","E07000008","E05013054"
"CB1 0QF",50,546182,257043,"E92000001","E19000001","E18000006","E10000003","E07000008","E05013054"
"CB1 0QP",10,546182,257043,"E92000001","E19000001","E18000006","E10000003","E07000008","E05013054"
"CB1 0QQ",50,546182,257043,"E92000001","E19000001","E18000006","E10000003","E07000008","E05013054"
"CB1 0QR",50,546182,257043,"E92000001","E19000001","E18000006","E10000003","E07000008","E05013054"
"CB1 0QS",50,546182,257043,"E92000001","E19000001","E18000006","E10000003","E07000008","E05013054"
"CB1 0QT",50,546182,257043,"E92000001","E19000001","E18000006","E10000003","E07000008","E05013054"
"CB1 0QU",50,546182,257043,"E92000001","E19000001","E18000006","E10000003","E07000008","E05013054"
"CB1 0QW",50,546182,257043,"E92000001","E19000001","E18000006","E10000003","E07000008","E05013054"
"CB1 0QX",10,546182,257043,"E92000001","E19000001","E18000006","E10000003","E07000008","E05013054"
"CB1 0QZ",50,546182,257043,"E92000001","E19000001","E18000006","E10000003","E07000008","E05013054"
"CB1 0RA",50,546182,257043,"E92000001","E19000001","E18000006","E10000003","E07000008","E05013054"
"CB1 0RB",50,546182,257043,"E92000001","E19000001","E18000006","E10000003","E07000008","E05013054"
"CB1 0RD",50,546182,257043,"E92000001","E19000001","E18000006","E10000003","E07000008","E05013054"
"CB1 0RE",50,546182,257043,"E92000001","E19000001","E18000006","E10000003","E07000008","E05013054"
"CB1 0RF",50,546182,257043,"E92000001","E19000001","E18000006","E10000003","E07000008","E05013054"
"CB1 0RG",50,546182,257043,"E92000001","E19000001","E18000006","E10000003","E07000008","E05013054"
"CB1 0RH",50,546182,257043,"E92000001","E19000001","E18000006","E10000003","E07000008","E05013054"
"CB1 0RJ",50,546182,257043,"E92000001","E19000001","E18000006","E10000003","E07000008","E05013054"
"CB1 0RN",50,546182,257043,"E92000001","E19000001","E18000006","E10000003","E07000008","E05013054"
"CB1 0RP",50,546182,257043,"E92000001","E19000001","E18000006","E10000003","E07000008","E05013054"
"CB1 0RQ",50,546182,257043,"E92000001","E19000001","E18000006","E10000003","E07000008","E05013054"
"CB1 0RR",50,546182,257043,"E92000001","E19000001","E18000006","E10000003","E07000008","E05013054"
"CB1 0RS",50,546182,257043,"E92000001","E19000001","E18000006","E10000003","E07000008","E05013054"
"CB1 0RT",50,546182,257043,"E92000001","E19000001","E18000006","E10000003","E07000008","E05013054"
"CB1 0RU",50,546182,257043,"E92000001","E19000001","E18000006","E10000003","E07000008","E05013054"
"CB1 0RW",10,546182,257043,"E92000001","E19000001","E18000006","E10000003","E07000008","E05013054"
"CB1 0RX",50,546182,257043,"E92000001","E19000001","E18000006","E10000003","E07000008","E05013054"
"CB1 0RY",50,546182,257043,"E92000001","E19000001","E18000006","E10000003","E07000008","E05013054"
"CB1 0RZ",50,546182,257043,"E92000001","E19000001","E18000006","E10000003","E07000008","E05013054"
"CB1 0SA",10,544914,258405,"E92000001","E19000001","E18000006","E10000003","E07000008","E05013057"
"CB1 0SB",10,544914,258405,"E92000001","E19000001","E18000006","E10000003","E07000008","E05013057"
"CB1 0SD",10,544914,258405,"E92000001","E19000001","E18000006","E10000003","E07000008","E05013057"
"CB1 0SE",10,544914,258405,"E92000001","E19000001","E18000006","E10000003","E07000008","E05013057"
"CB1 0SF",10,544914,258405,"E92000001","E19000001","E18000006","E10000003","E07000008","E05013057"
"CB1 0SG",10,544914,258405,"E92000001","E19000001","E18000006","E10000003","E07000008","E05013057"
"CB1 0SH",10,544914,258405,"E92000001","E19000001","E18000006","E10000003","E07000008","E05013057"
"CB1 0SJ",10,544914,258405,"E92000001","E19000001","E18000006","E10000003","E07000008","E05013057"
"CB1 0SL",10,544914,258405,"E92000001","E19000001","E18000006","E10000003","E07000008","E05013057"
"CB1 0SN",10,531399,260061,"E92000001","E19000001","E18000006","E10000003","E07000012","E05014031"
"CB1 0SP",10,544914,258405,"E92000001","E19000001","E18000006","E10000003","E07000008","E05013057"
"CB1 0SQ",10,544914,258405,"E92000001","E19000001","E18000006","E10000003","E07000008","E05013057"
"CB1 0SR",10,544914,258405,"E92000001","E19000001","E18000006","E10000003","E07000008","E05013057"
"CB1 0SS",10,544914,258405,"E92000001","E19000001","E18000006","E10000003","E07000008","E05013057"
"CB1 0ST",10,544914,258405,"E92000001","E19000001","E18000006","E10000003","E07000008","E05013057"
"CB1 0SU",10,544914,258405,"E92000001","E19000001","E18000006","E10000003","E07000008","E05013057"
"CB1 0SW",10,531399,260061,"E92000001","E19000001","E18000006","E10000003","E07000012","E05014031"
"CB1 0SX",10,531399,260061,"E92000001","E19000001","E18000006","E10000003","E07000012","E05014031"
"CB1 0SY",10,531399,260061,"E92000001","E19000001","E18000006","E10000003","E07000012","E05014031"
"CB1 0SZ",10,531399,260061,"E92000001","E19000001","E18000006","E10000003","E07000012","E05014031"
"CB1 0TA",10,531399,260061,"E92000001","E19000001","E18000006","E10000003","E07000012","E05014031"
"CB1 0TB",10,531399,260061,"E92000001","E19000001","E18000006","E10000003","E07000012","E05014031"
"CB1 0TD",10,531399,260061,"E92000001","E19000001","E18000006","E10000003","E07000012","E05014031"
"CB1 0TE",10,531399,260061,"E92000001","E19000001","E18000006","E10000003","E07000012","E05014031"
"CB1 0TF",10,531399,260061,"E92000001","E19000001","E18000006","E10000003","E07000012","E05014031"
"CB1 0TG",10,531399,260061,"E92000001","E19000001","E18000006","E10000003","E07000012","E05014031"
"CB1 0TH",10,531399,260061,"E92000001","E19000001","E18000006","E10000003","E07000012","E05014031"
"CB1 0TJ",10,531399,260061,"E92000001","E19000001","E18000006","E10000003","E07000012","E05014031"
"CB1 0TL",10,531399,260061,"E92000001","E19000001","E18000006","E10000003","E07000012","E05014031"
"CB1 0TN",10,531399,260061,"E92000001","E19000001","E18000006","E10000003","E07000012","E05014031"
"CB1 0TP",10,531399,260061,"E92000001","E19000001","E18000006","E10000003","E07000012","E05014031"
"CB1 0TQ",10,531399,260061,"E92000001","E19000001","E18000006","E10000003","E07000012","E05014031"
"CB1 0TR",10,531399,260061,"E92000001","E19000001","E18000006","E10000003","E07000012","E05014031"
"CB1 0TS",10,531399,260061,"E92000001","E19000001","E18000006","E10000003","E07000012","E05014031"
"CB1 0TT",10,531399,260061,"E92000001","E19000001","E18000006","E10000003","E07000012","E05014031"
"CB1 0TU",10,531399,260061,"E92000001","E19000001","E18000006","E10000003","E07000012","E05014031"
"CB1 0TW",10,531399,260061,"E92000001","E19000001","E18000006","E10000003","E07000012","E05014031"
"CB1 0TX",10,531399,260061,"E92000001","E19000001","E18000006","E10000003","E07000012","E05014031"
"CB1 0TY",10,531399,260061,"E92000001","E19000001","E18000006","E10000003","E07000012","E05014031"
"CB1 0TZ",10,531399,260061,"E92000001","E19000001","E18000006","E10000003","E07000012","E05014031"
"CB1 0UA",10,531399,260061,"E92000001","E19000001","E18000006","E10000003","E07000012","E05014031"
"CB1 0UB",10,531399,260061,"E92000001","E19000001","E18000006","E10000003","E07000012","E05014031"
"CB1 0UD",10,531399,260061,"E92000001","E19000001","E18000006","E10000003","E07000012","E05014031"
"CB1 0UE",10,531399,260061,"E92000001","E19000001","E18000006","E10000003","E07000012","E05014031"
"CB1 0UF",10,531399,260061,"E92000001","E19000001","E18000006","E10000003","E07000012","E05014031"
"CB1 0UG",10,531399,260061,"E92000001","E19000001","E18000006","E10000003","E07000012","E05014031"
"CB1 0UH",10,531399,260061,"E92000001","E19000001","E18000006","E10000003","E07000012","E05014031"
"CB1 0UJ",10,531399,260061,"E92000001","E19000001","E18000006","E10000003","E07000012","E05014031"
"CB1 0UL",10,531399,260061,"E92000001","E19000001","E18000006","E10000003","E07000012","E05014031"
"CB1 0UN",10,531399,260061,"E92000001","E19000001","E18000006","E10000003","E07000012","E05014031"
"CB1 0UQ",50,531399,260061,"E92000001","E19000001","E18000006","E10000003","E07000012","E05014031"
"CB1 0UR",10,546182,257043,"E92000001","E19000001","E18000006","E10000003","E07000008","E05013054"
"CB1 0US",50,546182,257043,"E92000001","E19000001","E18000006","E10000003","E07000008","E05013054"
"CB1 0UT",50,546182,257043,"E92000001","E19000001","E18000006","E10000003","E07000008","E05013054"
"CB1 0UU",50,546182,257043,"E92000001","E19000001","E18000006","E10000003","E07000008","E05013054"
"CB1 0UW",10,546182,257043,"E92000001","E19000001","E18000006","E10000003","E07000008","E05013054"
"CB1 0UX",50,546182,257043,"E92000001","E19000001","E18000006","E10000003","E07000008","E05013054"
"CB1 0UY",50,546182,257043,"E92000001","E19000001","E18000006","E10000003","E07000008","E05013054"
"CB1 0UZ",50,546182,257043,"E92000001","E19000001","E18000006","E10000003","E07000008","E05013054"
"CB1 0WA",50,546182,257043,"E92000001","E19000001","E18000006","E10000003","E07000008","E05013054"
"CB1 0WB",50,546182,257043,"E92000001","E19000001","E18000006","E10000003","E07000008","E05013054"
"CB1 0WD",50,546182,257043,"E92000001","E19000001","E18000006","E10000003","E07000008","E05013054"
"CB1 0WE",50,546182,257043,"E92000001","E19000001","E18000006","E10000003","E07000008","E05013054"
"CB1 0WF",50,546182,257043,"E92000001","E19000001","E18000006","E10000003","E07000008","E05013054"
"CB1 0WG",50,546182,257043,"E92000001","E19000001","E18000006","E10000003","E07000008","E05013054"
"CB1 0WH",50,546182,257043,"E92000001","E19000001","E18000006","E10000003","E07000008","E05013054"
"CB1 0WJ",10,546182,257043,"E92000001","E19000001","E18000006","E10000003","E07000008","E05013054"
"CB1 0WL",50,546182,257043,"E92000001","E19000001","E18000006","E10000003","E07000008","E05013054"
"CB1 0WN",50,546182,257043,"E92000001","E19000001","E18000006","E10000003","E07000008","E05013054"
"CB1 0WP",10,546182,257043,"E92000001","E19000001","E18000006","E10000003","E07000008","E05013054"
"CB1 0WQ",50,546182,257043,"E92000001","E19000001","E18000006","E10000003","E07000008","E05013054"
"CB1 0WR",10,546182,257043,"E92000001","E19000001","E18000006","E10000003","E07000008","E05013054"
"CB1 0WS",50,546182,257043,"E92000001","E19000001","E18000006","E10000003","E07000008","E05013054"
"CB1 0WT",50,546182,257043,"E92000001","E19000001","E18000006","E10000003","E07000008","E05013054"
"CB1 0WU",50,546182,257043,"E92000001","E19000001","E18000006","E10000003","E07000008","E05013054"
"CB1 0WW",50,546182,257043,"E92000001","E19000001","E18000006","E10000003","E07000008","E05013054"
"CB1 0WX",10,546182,257043,"E92000001","E19000001","E18000006","E10000003","E07000008","E05013054"
"CB1 0WY",50,546182,257043,"E92000001","E19000001","E18000006","E10000003","E07000008","E05013054"
"CB1 0WZ",50,546182,257043,"E92000001","E19000001","E18000006","E10000003","E07000008","E05013054"
"CB1 0XA",50,546182,257043,"E92000001","E19000001","E18000006","E10000003","E07000008","E05013054"
"CB1 0XB",50,546182,257043,"E92000001","E19000001","E18000006","E10000003","E07000008","E05013054"
"CB1 0XD",10,546182,257043,"E92000001","E19000001","E18000006","E10000003","E07000008","E05013054"
"CB1 0XE",50,546182,257043,"E92000001","E19000001","E18000006","E10000003","E07000008","E05013054"
"CB1 0XF",50,546182,257043,"E92000001","E19000001","E18000006","E10000003","E07000008","E05013054"
"CB1 0XG",50,546182,257043,"E92000001","E19000001","E18000006","E10000003","E07000008","E05013054"
"CB1 0XH",50,546182,257043,"E92000001","E19000001","E18000006","E10000003","E07000008","E05013054"
"CB1 0XJ",50,546182,257043,"E92000001","E19000001","E18000006","E10000003","E07000008","E05013054"
"CB1 0XL",50,546182,257043,"E92000001","E19000001","E18000006","E10000003","E07000008","E05013054"
"CB1 0XP",50,546182,257043,"E92000001","E19000001","E18000006","E10000003","E07000008","E05013054"
"CB1 0XQ",10,546182,257043,"E92000001","E19000001","E18000006","E10000003","E07000008","E05013054"
"CB1 0XR",10,546182,257043,"E92000001","E19000001","E18000006","E10000003","E07000008","E05013054"
"CB1 0XS",50,546182,257043,"E92000001","E19000001","E18000006","E10000003","E07000008","E05013054"
"CB1 0XU",10,546182,257043,"E92000001","E19000001","E18000006","E10000003","E07000008","E05013054"
"CB1 0XW",50,546182,257043,"E92000001","E19000001","E18000006","E10000003","E07000008","E05013054"
"CB1 0XX",10,546182,257043,"E92000001","E19000001","E18000006","E10000003","E07000008","E05013054"
"CB1 0XY",50,546182,257043,"E92000001","E19000001","E18000006","E10000003","E07000008","E05013054"
"CB1 0XZ",50,546182,257043,"E92000001","E19000001","E18000006","E10000003","E07000008","E05013054"
"CB1 0YB",10,546182,257043,"E92000001","E19000001","E18000006","E10000003","E07000008","E05013054"
"CB1 0YG",10,546182,257043,"E92000001","E19000001","E18000006","E10000003","E07000008","E05013054"
"CB1 0YQ",10,546182,257043,"E92000001","E19000001","E18000006","E10000003","E07000008","E05013054"
"CB1 0YR",10,546182,257043,"E92000001","E19000001","E18000006","E10000003","E07000008","E05013054"
"CB1 0YY",10,546182,257043,"E92000001","E19000001","E18000006","E10000003","E07000008","E05013054"
"CB1 0ZA",50,546881,258966,"E92000001","E19000001","E18000006","E10000003","E07000008","E05013050"
"CB1 0ZD",10,546182,257043,"E92000001","E19000001","E18000006","E10000003","E07000008","E05013054"
"CB1 0ZE",10,546182,257043,"E92000001","E19000001","E18000006","E10000003","E07000008","E05013054"
"CB1 0ZH",10,546182,257043,"E92000001","E19000001","E18000006","E10000003","E07000008","E05013054"
"CB1 0ZJ",10,531405,260070,"E92000001","E19000001","E18000006","E10000003","E07000012","E05014031"
"CB1 0ZL",10,546182,257043,"E92000001","E19000001","E18000006","E10000003","E07000008","E05013054"
"CB1 0ZX",10,546182,257043,"E92000001","E19000001","E18000006","E10000003","E07000008","E05013054"
"CB1 0ZY",50,546881,258966,"E92000001","E19000001","E18000006","E10000003","E07000008","E05013050"
"CB1 0ZZ",50,546881,258966,"E92000001","E19000001","E18000006","E10000003","E07000008","E05013050"
"CB1 1AH",10,545171,258702,"E92000001","E19000001","E18000006","E10000003","E07000008","E05013057"
"CB1 1AJ",10,545789,258503,"E92000001","E19000001","E18000006","E10000003","E07000008","E05013057"
"CB1 1AL",10,546044,258752,"E92000001","E19000001","E18000006","E10000003","E07000008","E05013057"
"CB1 1AN",10,546028,258755,"E92000001","E19000001","E18000006","E10000003","E07000008","E05013057"
"CB1 1AP",10,545628,258565,"E92000001","E19000001","E18000006","E10000003","E07000008","E05013057"
"CB1 1AQ",10,546042,258765,"E92000001","E19000001","E18000006","E10000003","E07000008","E05013057"
"CB1 1AR",10,545340,258730,"E92000001","E19000001","E18000006","E10000003","E07000008","E05013057"
"CB1 1AS",10,545923,258768,"E92000001","E19000001","E18000006","E10000003","E07000008","E05013057"
"CB1 1AZ",10,545710,258463,"E92000001","E19000001","E18000006","E10000003","E07000008","E05013057"
"CB1 1BA",10,545790,258313,"E92000001","E19000001","E18000006","E10000003","E07000008","E05013057"
"CB1 1BB",10,545846,258169,"E92000001","E19000001","E18000006","E10000003","E07000008","E05013059"
"CB1 1BD",10,545829,258289,"E92000001","E19000001","E18000006","E10000003","E07000008","E05013059"
"CB1 1BG",10,545863,258402,"E92000001","E19000001","E18000006","E10000003","E07000008","E05013057"
"CB1 1BH",10,545775,258280,"E92000001","E19000001","E18000006","E10000003","E07000008","E05013057"
"CB1 1BL",10,545961,258443,"E92000001","E19000001","E18000006","E10000003","E07000008","E05013059"
"CB1 1BN",10,545973,258488,"E92000001","E19000001","E18000006","E10000003","E07000008","E05013059"
"CB1 1BP",10,546015,258534,"E92000001","E19000001","E18000006","E10000003","E07000008","E05013059"
"CB1 1BS",10,546037,258557,"E92000001","E19000001","E18000006","E10000003","E07000008","E05013059"
"CB1 1BT",10,546109,258661,"E92000001","E19000001","E18000006","E10000003","E07000008","E05013059"
"CB1 1BU",10,546171,258728,"E92000001","E19000001","E18000006","E10000003","E07000008","E05013059"
"CB1 1BW",10,545992,258507,"E92000001","E19000001","E18000006","E10000003","E07000008","E05013059"
"CB1 1BX",10,546173,258767,"E92000001","E19000001","E18000006","E10000003","E07000008","E05013059"
"CB1 1BY",10,546136,258722,"E92000001","E19000001","E18000006","E10000003","E07000008","E05013059"
"CB1 1DB",10,545936,258532,"E92000001","E19000001","E18000006","E10000003","E07000008","E05013057"
"CB1 1DG",10,545857,258562,"E92000001","E19000001","E18000006","E10000003","E07000008","E05013057"
"CB1 1DJ",10,545854,258532,"E92000001","E19000001","E18000006","E10000003","E07000008","E05013057"
"CB1 1DP",10,545708,258524,"E92000001","E19000001","E18000006","E10000003","E07000008","E05013057"
"CB1 1DR",10,545804,258508,"E92000001","E19000001","E18000006","E10000003","E07000008","E05013057"
"CB1 1DS",10,545778,258469,"E92000001","E19000001","E18000006","E10000003","E07000008","E05013057"
"CB1 1DT",10,545762,258426,"E92000001","E19000001","E18000006","E10000003","E07000008","E05013057"
"CB1 1DU",10,545656,258437,"E92000001","E19000001","E18000006","E10000003","E07000008","E05013057"
"CB1 1DW",10,545793,258350,"E92000001","E19000001","E18000006","E10000003","E07000008","E05013057"
"CB1 1DX",10,545809,258379,"E92000001","E19000001","E18000006","E10000003","E07000008","E05013057"
"CB1 1DY",10,545859,258391,"E92000001","E19000001","E18000006","E10000003","E07000008","E05013057"
"CB1 1DZ",10,545745,258398,"E92000001","E19000001","E18000006","E10000003","E07000008","E05013057"
"CB1 1EA",10,546182,257043,"E92000001","E19000001","E18000006","E10000003","E07000008","E05013054"
"CB1 1EB",10,545704,258336,"E92000001","E19000001","E18000006","E10000003","E07000008","E05013057"
"CB1 1EE",10,545662,258321,"E92000001","E19000001","E18000006","E10000003","E07000008","E05013057"
"CB1 1EG",10,545693,258382,"E92000001","E19000001","E18000006","E10000003","E07000008","E05013057"
"CB1 1EH",10,545550,258380,"E92000001","E19000001","E18000006","E10000003","E07000008","E05013057"
"CB1 1EJ",10,545542,258525,"E92000001","E19000001","E18000006","E10000003","E07000008","E05013057"
"CB1 1EL",10,545651,258542,"E92000001","E19000001","E18000006","E10000003","E07000008","E05013057"
"CB1 1EQ",10,545600,258375,"E92000001","E19000001","E18000006","E10000003","E07000008","E05013057"
"CB1 1ER",10,545675,258659,"E92000001","E19000001","E18000006","E10000003","E07000008","E05013057"
"CB1 1ES",10,545659,258513,"E92000001","E19000001","E18000006","E10000003","E07000008","E05013057"
"CB1 1EW",10,545676,258625,"E92000001","E19000001","E18000006","E10000003","E07000008","E05013057"
"CB1 1EX",10,545593,258588,"E92000001","E19000001","E18000006","E10000003","E07000008","E05013057"
"CB1 1EY",10,545509,258575,"E92000001","E19000001","E18000006","E10000003","E07000008","E05013057"
"CB1 1EZ",10,545541,258654,"E92000001","E19000001","E18000006","E10000003","E07000008","E05013057"
"CB1 1HA",10,545602,258707,"E92000001","E19000001","E18000006","E10000003","E07000008","E05013057"
"CB1 1HE",10,545715,258673,"E92000001","E19000001","E18000006","E10000003","E07000008","E05013057"
"CB1 1HP",10,545941,258753,"E92000001","E19000001","E18000006","E10000003","E07000008","E05013057"
"CB1 1HQ",10,545727,258220,"E92000001","E19000001","E18000006","E10000003","E07000008","E05013057"
"CB1 1HR",10,545913,258747,"E92000001","E19000001","E18000006","E10000003","E07000008","E05013057"
"CB1 1HS",10,545751,258251,"E92000001","E19000001","E18000006","E10000003","E07000008","E05013057"
"CB1 1HT",10,545844,258700,"E92000001","E19000001","E18000006","E10000003","E07000008","E05013057"
"CB1 1HW",10,545969,258762,"E92000001","E19000001","E18000006","E10000003","E07000008","E05013057"
"CB1 1HX",10,545792,258733,"E92000001","E19000001","E18000006","E10000003","E07000008","E05013057"
"CB1 1HZ",10,545996,258767,"E92000001","E19000001","E18000006","E10000003","E07000008","E05013057"
"CB1 1JA",10,545820,258607,"E92000001","E19000001","E18000006","E10000003","E07000008","E05013057"
"CB1 1JE",10,545566,258305,"E92000001","E19000001","E18000006","E10000003","E07000008","E05013057"
"CB1 1JF",10,545712,258222,"E92000001","E19000001","E18000006","E10000003","E07000008","E05013057"
"CB1 1JG",10,545687,258252,"E92000001","E19000001","E18000006","E10000003","E07000008","E05013057"
"CB1 1JH",10,545415,258269,"E92000001","E19000001","E18000006","E10000003","E07000008","E05013057"
"CB1 1JJ",10,545448,258333,"E92000001","E19000001","E18000006","E10000003","E07000008","E05013057"
"CB1 1JL",10,545429,258386,"E92000001","E19000001","E18000006","E10000003","E07000008","E05013057"
"CB1 1JN",10,545419,258427,"E92000001","E19000001","E18000006","E10000003","E07000008","E05013057"
"CB1 1JP",10,545450,258440,"E92000001","E19000001","E18000006","E10000003","E07000008","E05013057"
"CB1 1JR",10,545459,258472,"E92000001","E19000001","E18000006","E10000003","E07000008","E05013057"
"CB1 1JS",10,545484,258520,"E92000001","E19000001","E18000006","E10000003","E07000008","E05013057"
"CB1 1JT",10,545564,258468,"E92000001","E19000001","E18000006","E10000003","E07000008","E05013057"
"CB1 1JU",10,545520,258425,"E92000001","E19000001","E18000006","E10000003","E07000008","E05013057"
"CB1 1JW",10,545401,258495,"E92000001","E19000001","E18000006","E10000003","E07000008","E05013057"
"CB1 1JX",10,545501,258433,"E92000001","E19000001","E18000006","E10000003","E07000008","E05013057"
"CB1 1JY",10,545570,258528,"E92000001","E19000001","E18000006","E10000003","E07000008","E05013057"
"CB1 1JZ",10,545611,258527,"E92000001","E19000001","E18000006","E10000003","E07000008","E05013057"
"CB1 1LA",10,545526,258697,"E92000001","E19000001","E18000006","E10000003","E07000008","E05013057"
"CB1 1LB",10,545461,258707,"E92000001","E19000001","E18000006","E10000003","E07000008","E05013057"
"CB1 1LD",10,545363,258713,"E92000001","E19000001","E18000006","E10000003","E07000008","E05013057"
"CB1 1LE",10,545248,258708,"E92000001","E19000001","E18000006","E10000003","E07000008","E05013057"
"CB1 1LF",10,545358,258673,"E92000001","E19000001","E18000006","E10000003","E07000008","E05013057"
"CB1 1LG",10,545332,258676,"E92000001","E19000001","E18000006","E10000003","E07000008","E05013057"
"CB1 1LH",10,545153,258702,"E92000001","E19000001","E18000006","E10000003","E07000008","E05013057"
"CB1 1LJ",10,545246,258731,"E92000001","E19000001","E18000006","E10000003","E07000008","E05013057"
"CB1 1LL",10,545107,258760,"E92000001","E19000001","E18000006","E10000003","E07000008","E05013057"
"CB1 1LN",10,545235,258689,"E92000001","E19000001","E18000006","E10000003","E07000008","E05013057"
"CB1 1LQ",10,545196,258769,"E92000001","E19000001","E18000006","E10000003","E07000008","E05013057"
"CB1 1LR",10,545389,258684,"E92000001","E19000001","E18000006","E10000003","E07000008","E05013057"
"CB1 1LS",10,545164,258719,"E92000001","E19000001","E18000006","E10000003","E07000008","E05013057"
"CB1 1LY",10,545580,257872,"E92000001","E19000001","E18000006","E10000003","E07000008","E05013057"
"CB1 1NA",10,545687,258024,"E92000001","E19000001","E18000006","E10000003","E07000008","E05013059"
"CB1 1ND",10,545650,257962,"E92000001","E19000001","E18000006","E10000003","E07000008","E05013057"
"CB1 1NE",10,545192,258360,"E92000001","E19000001","E18000006","E10000003","E07000008","E05013057"
"CB1 1NL",10,545067,258653,"E92000001","E19000001","E18000006","E10000003","E07000008","E05013057"
"CB1 1NP",10,545172,258446,"E92000001","E19000001","E18000006","E10000003","E07000008","E05013057"
"CB1 1PA",10,545033,258619,"E92000001","E19000001","E18000006","E10000003","E07000008","E05013057"
"CB1 1PN",10,545626,258265,"E92000001","E19000001","E18000006","E10000003","E07000008","E05013057"
"CB1 1PR",10,545579,258475,"E92000001","E19000001","E18000006","E10000003","E07000008","E05013057"
"CB1 1PS",10,545874,258669,"E92000001","E19000001","E18000006","E10000003","E07000008","E05013057"
"CB1 1PT",10,545968,258276,"E92000001","E19000001","E18000006","E10000003","E07000008","E05013059"
"CB1 1PW",10,545036,258654,"E92000001","E19000001","E18000006","E10000003","E07000008","E05013057"
"CB1 1QA",10,546107,258489,"E92000001","E19000001","E18000006","E10000003","E07000008","E05013059"
"CB1 1QB",10,546143,258598,"E92000001","E19000001","E18000006","E10000003","E07000008","E05013059"
"CB1 1QD",10,546115,258590,"E92000001","E19000001","E18000006","E10000003","E07000008","E05013059"
"CB1 1QE",10,546089,258582,"E92000001","E19000001","E18000006","E10000003","E07000008","E05013059"
"CB1 1QF",10,546155,258552,"E92000001","E19000001","E18000006","E10000003","E07000008","E05013059"
"CB1 1QG",10,546125,258541,"E92000001","E19000001","E18000006","E10000003","E07000008","E05013059"
"CB1 1QH",10,546164,258505,"E92000001","E19000001","E18000006","E10000003","E07000008","E05013059"
"CB1 1QJ",10,546136,258496,"E92000001","E19000001","E18000006","E10000003","E07000008","E05013059"
"CB1 1QQ",10,546098,258539,"E92000001","E19000001","E18000006","E10000003","E07000008","E05013059"
"CB1 2AA",10,545998,257056,"E92000001","E19000001","E18000006","E10000003","E07000008","E05013059"
"CB1 2AB",10,545920,258069,"E92000001","E19000001","E18000006","E10000003","E07000008","E05013059"
"CB1 2AD",10,545921,258024,"E92000001","E19000001","E18000006","E10000003","E07000008","E05013059"
"CB1 2AG",10,546271,257624,"E92000001","E19000001","E18000006","E10000003","E07000008","E05013059"
"CB1 2AH",10,545982,258167,"E92000001","E19000001","E18000006","E10000003","E07000008","E05013059"
"CB1 2AJ",10,546187,258037,"E92000001","E19000001","E18000006","E10000003","E07000008","E05013059"
"CB1 2AL",10,545993,258100,"E92000001","E19000001","E18000006","E10000003","E07000008","E05013059"
"CB1 2AN",10,546014,258081,"E92000001","E19000001","E18000006","E10000003","E07000008","E05013059"
"CB1 2AQ",10,545890,258150,"E92000001","E19000001","E18000006","E10000003","E07000008","E05013059"
"CB1 2AS",10,546060,257954,"E92000001","E19000001","E18000006","E10000003","E07000008","E05013059"
"CB1 2AT",10,546279,257596,"E92000001","E19000001","E18000006","E10000003","E07000008","E05013059"
"CB1 2AW",10,546109,257963,"E92000001","E19000001","E18000006","E10000003","E07000008","E05013059"
"CB1 2AX",10,546083,258054,"E92000001","E19000001","E18000006","E10000003","E07000008","E05013059"
"CB1 2AY",10,546119,258040,"E92000001","E19000001","E18000006","E10000003","E07000008","E05013059"
"CB1 2AZ",10,546329,257835,"E92000001","E19000001","E18000006","E10000003","E07000008","E05013059"
"CB1 2BB",10,546257,257540,"E92000001","E19000001","E18000006","E10000003","E07000008","E05013059"
"CB1 2BD",10,546190,257865,"E92000001","E19000001","E18000006","E10000003","E07000008","E05013059"
"CB1 2BH",10,546255,257682,"E92000001","E19000001","E18000006","E10000003","E07000008","E05013059"
"CB1 2BL",10,546165,257509,"E92000001","E19000001","E18000006","E10000003","E07000008","E05013059"
"CB1 2BP",10,545970,257094,"E92000001","E19000001","E18000006","E10000003","E07000008","E05013059"
"CB1 2BQ",10,546325,257790,"E92000001","E19000001","E18000006","E10000003","E07000008","E05013059"
"CB1 2BU",10,546122,257635,"E92000001","E19000001","E18000006","E10000003","E07000008","E05013059"
"CB1 2BX",10,546165,257758,"E92000001","E19000001","E18000006","E10000003","E07000008","E05013059"
"CB1 2BY",10,546168,257606,"E92000001","E19000001","E18000006","E10000003","E07000008","E05013059"
"CB1 2BZ",10,546168,257534,"E92000001","E19000001","E18000006","E10000003","E07000008","E05013059"
"CB1 2DE",10,546222,257751,"E92000001","E19000001","E18000006","E10000003","E07000008","E05013059"
"CB1 2DG",10,546083,257750,"E92000001","E19000001","E18000006","E10000003","E07000008","E05013059"
"CB1 2DJ",10,546064,257569,"E92000001","E19000001","E18000006","E10000003","E07000008","E05013059"
"CB1 2DN",10,546066,257544,"E92000001","E19000001","E18000006","E10000003","E07000008","E05013059"
"CB1 2DP",10,546008,257479,"E92000001","E19000001","E18000006","E10000003","E07000008","E05013059"
"CB1 2DR",10,546166,257954,"E92000001","E19000001","E18000006","E10000003","E07000008","E05013059"
"CB1 2DW",10,546050,257757,"E92000001","E19000001","E18000006","E10000003","E07000008","E05013059"
"CB1 2DX",10,545922,257494,"E92000001","E19000001","E18000006","E10000003","E07000008","E05013059"
"CB1 2DY",10,545928,257520,"E92000001","E19000001","E18000006","E10000003","E07000008","E05013059"
"CB1 2DZ",10,546021,257768,"E92000001","E19000001","E18000006","E10000003","E07000008","E05013059"
"CB1 2EA",10,545998,257785,"E92000001","E19000001","E18000006","E10000003","E07000008","E05013059"
"CB1 2EB",10,545645,257918,"E92000001","E19000001","E18000006","E10000003","E07000008","E05013057"
"CB1 2ED",10,545996,257826,"E92000001","E19000001","E18000006","E10000003","E07000008","E05013059"
"CB1 2EE",10,546051,257814,"E92000001","E19000001","E18000006","E10000003","E07000008","E05013059"
"CB1 2EF",10,546096,257679,"E92000001","E19000001","E18000006","E10000003","E07000008","E05013059"
"CB1 2EH",10,545701,257846,"E92000001","E19000001","E18000006","E10000003","E07000008","E05013057"
"CB1 2EL",10,545812,258061,"E92000001","E19000001","E18000006","E10000003","E07000008","E05013059"
"CB1 2EP",10,545669,257831,"E92000001","E19000001","E18000006","E10000003","E07000008","E05013057"
"CB1 2ET",10,545660,257782,"E92000001","E19000001","E18000006","E10000003","E07000008","E05013057"
"CB1 2EU",10,545552,257751,"E92000001","E19000001","E18000006","E10000003","E07000008","E05013057"
"CB1 2EW",10,545884,257978,"E92000001","E19000001","E18000006","E10000003","E07000008","E05013059"
"CB1 2EX",10,545694,257635,"E92000001","E19000001","E18000006","E10000003","E07000008","E05013057"
"CB1 2EY",10,545620,257825,"E92000001","E19000001","E18000006","E10000003","E07000008","E05013057"
"CB1 2EZ",10,545726,257681,"E92000001","E19000001","E18000006","E10000003","E07000008","E05013057"
"CB1 2FA",10,546072,257098,"E92000001","E19000001","E18000006","E10000003","E07000008","E05013059"
"CB1 2FB",10,546059,257313,"E92000001","E19000001","E18000006","E10000003","E07000008","E05013059"
"CB1 2FD",10,546062,257560,"E92000001","E19000001","E18000006","E10000003","E07000008","E05013059"
"CB1 2FE",10,546323,258822,"E92000001","E19000001","E18000006","E10000003","E07000008","E05013050"
"CB1 2FF",10,545953,257075,"E92000001","E19000001","E18000006","E10000003","E07000008","E05013059"
"CB1 2FG",10,546073,257191,"E92000001","E19000001","E18000006","E10000003","E07000008","E05013059"
"CB1 2FH",10,546059,257155,"E92000001","E19000001","E18000006","E10000003","E07000008","E05013059"
"CB1 2FJ",10,546044,257118,"E92000001","E19000001","E18000006","E10000003","E07000008","E05013059"
"CB1 2FL",10,546029,257082,"E92000001","E19000001","E18000006","E10000003","E07000008","E05013059"
"CB1 2FN",10,546099,257169,"E92000001","E19000001","E18000006","E10000003","E07000008","E05013059"
"CB1 2FP",10,546117,257132,"E92000001","E19000001","E18000006","E10000003","E07000008","E05013059"
"CB1 2FQ",10,546088,257038,"E92000001","E19000001","E18000006","E10000003","E07000008","E05013059"
"CB1 2FR",10,546105,257089,"E92000001","E19000001","E18000006","E10000003","E07000008","E05013059"
"CB1 2FS",10,546124,257143,"E92000001","E19000001","E18000006","E10000003","E07000008","E05013059"
"CB1 2FT",10,546042,257031,"E92000001","E19000001","E18000006","E10000003","E07000008","E05013059"
"CB1 2FU",10,546042,257031,"E92000001","E19000001","E18000006","E10000003","E07000008","E05013059"
"CB1 2FW",10,546017,257001,"E92000001","E19000001","E18000006","E10000003","E07000008","E05013059"
"CB1 2FX",10,546073,257377,"E92000001","E19000001","E18000006","E10000003","E07000008","E05013059"
"CB1 2FY",10,546107,257399,"E92000001","E19000001","E18000006","E10000003","E07000008","E05013059"
"CB1 2FZ",10,545922,257448,"E92000001","E19000001","E18000006","E10000003","E07000008","E05013059"
"CB1 2GA",10,546131,257327,"E92000001","E19000001","E18000006","E10000003","E07000008","E05013059"
"CB1 2GB",10,546114,257205,"E92000001","E19000001","E18000006","E10000003","E07000008","E05013059"
"CB1 2GD",10,546348,258814,"E92000001","E19000001","E18000006","E10000003","E07000008","E05013050"
"CB1 2GE",10,546113,257241,"E92000001","E19000001","E18000006","E10000003","E07000008","E05013059"
"CB1 2GF",10,546414,257919,"E92000001","E19000001","E18000006","E10000003","E07000008","E05013059"
"CB1 2GG",10,546391,257876,"E92000001","E19000001","E18000006","E10000003","E07000008","E05013059"
"CB1 2GH",10,546396,257959,"E92000001","E19000001","E18000006","E10000003","E07000008","E05013059"
"CB1 2GJ",10,546444,257890,"E92000001","E19000001","E18000006","E10000003","E07000008","E05013059"
"CB1 2GL",10,546475,257973,"E92000001","E19000001","E18000006","E10000003","E07000008","E05013059"
"CB1 2GN",10,546398,257835,"E92000001","E19000001","E18000006","E10000003","E07000008","E05013059"
"CB1 2GP",10,546212,258718,"E92000001","E19000001","E18000006","E10000003","E07000008","E05013059"
"CB1 2HA",10,545759,257605,"E92000001","E19000001","E18000006","E10000003","E07000008","E05013059"
"CB1 2HD",10,545742,257558,"E92000001","E19000001","E18000006","E10000003","E07000008","E05013059"
"CB1 2HF",10,545920,257745,"E92000001","E19000001","E18000006","E10000003","E07000008","E05013059"
"CB1 2HG",10,545919,257788,"E92000001","E19000001","E18000006","E10000003","E07000008","E05013059"
"CB1 2HJ",10,545981,257830,"E92000001","E19000001","E18000006","E10000003","E07000008","E05013059"
"CB1 2HL",10,545850,257611,"E92000001","E19000001","E18000006","E10000003","E07000008","E05013059"
"CB1 2HN",10,545960,257569,"E92000001","E19000001","E18000006","E10000003","E07000008","E05013059"
"CB1 2HP",10,546016,257935,"E92000001","E19000001","E18000006","E10000003","E07000008","E05013059"
"CB1 2HQ",10,545999,257893,"E92000001","E19000001","E18000006","E10000003","E07000008","E05013059"
"CB1 2HR",10,545944,257933,"E92000001","E19000001","E18000006","E10000003","E07000008","E05013059"
"CB1 2HS",10,545954,257908,"E92000001","E19000001","E18000006","E10000003","E07000008","E05013059"
"CB1 2HT",10,545948,257900,"E92000001","E19000001","E18000006","E10000003","E07000008","E05013059"
"CB1 2HW",10,545982,257852,"E92000001","E19000001","E18000006","E10000003","E07000008","E05013059"
"CB1 2HY",10,545994,257796,"E92000001","E19000001","E18000006","E10000003","E07000008","E05013059"
"CB1 2JB",10,545788,257358,"E92000001","E19000001","E18000006","E10000003","E07000008","E05013059"
"CB1 2JD",10,545954,257278,"E92000001","E19000001","E18000006","E10000003","E07000008","E05013059"
"CB1 2JF",10,545900,257350,"E92000001","E19000001","E18000006","E10000003","E07000008","E05013059"
"CB1 2JH",10,546046,257272,"E92000001","E19000001","E18000006","E10000003","E07000008","E05013059"
"CB1 2JQ",10,546237,258794,"E92000001","E19000001","E18000006","E10000003","E07000008","E05013050"
"CB1 2JW",10,546194,257277,"E92000001","E19000001","E18000006","E10000003","E07000008","E05013059"
"CB1 2LA",10,545958,257340,"E92000001","E19000001","E18000006","E10000003","E07000008","E05013059"
"CB1 2LB",10,546259,258812,"E92000001","E19000001","E18000006","E10000003","E07000008","E05013050"
"CB1 2LD",10,546094,258411,"E92000001","E19000001","E18000006","E10000003","E07000008","E05013059"
"CB1 2LE",10,546205,258396,"E92000001","E19000001","E18000006","E10000003","E07000008","E05013059"
"CB1 2LF",10,546194,258417,"E92000001","E19000001","E18000006","E10000003","E07000008","E05013059"
"CB1 2LG",10,546265,258239,"E92000001","E19000001","E18000006","E10000003","E07000008","E05013059"
"CB1 2LH",10,546252,258065,"E92000001","E19000001","E18000006","E10000003","E07000008","E05013059"
"CB1 2LJ",10,546241,257956,"E92000001","E19000001","E18000006","E10000003","E07000008","E05013059"
"CB1 2LL",10,546306,258215,"E92000001","E19000001","E18000006","E10000003","E07000008","E05013059"
"CB1 2LP",10,546314,258363,"E92000001","E19000001","E18000006","E10000003","E07000008","E05013059"
"CB1 2LQ",10,546239,258773,"E92000001","E19000001","E18000006","E10000003","E07000008","E05013050"
"CB1 2LR",10,546274,258438,"E92000001","E19000001","E18000006","E10000003","E07000008","E05013059"
"CB1 2LS",10,546231,258469,"E92000001","E19000001","E18000006","E10000003","E07000008","E05013059"
"CB1 2LT",10,546192,258454,"E92000001","E19000001","E18000006","E10000003","E07000008","E05013059"
"CB1 2LU",10,546273,258492,"E92000001","E19000001","E18000006","E10000003","E07000008","E05013059"
"CB1 2LW",10,546282,257966,"E92000001","E19000001","E18000006","E10000003","E07000008","E05013059"
"CB1 2LX",10,546256,258540,"E92000001","E19000001","E18000006","E10000003","E07000008","E05013059"
"CB1 2LY",10,546239,258616,"E92000001","E19000001","E18000006","E10000003","E07000008","E05013059"
"CB1 2LZ",10,546216,258645,"E92000001","E19000001","E18000006","E10000003","E07000008","E05013059"
"CB1 2NB",10,546068,258539,"E92000001","E19000001","E18000006","E10000003","E07000008","E05013059"
"CB1 2ND",10,546057,258584,"E92000001","E19000001","E18000006","E10000003","E07000008","E05013059"
"CB1 2NE",10,546025,258476,"E92000001","E19000001","E18000006","E10000003","E07000008","E05013059"
"CB1 2NF",10,546064,258453,"E92000001","E19000001","E18000006","E10000003","E07000008","E05013059"
"CB1 2NG",10,546129,258348,"E92000001","E19000001","E18000006","E10000003","E07000008","E05013059"
"CB1 2NH",10,546036,258359,"E92000001","E19000001","E18000006","E10000003","E07000008","E05013059"
"CB1 2NJ",10,546026,258346,"E92000001","E19000001","E18000006","E10000003","E07000008","E05013059"
"CB1 2NN",10,545905,258250,"E92000001","E19000001","E18000006","E10000003","E07000008","E05013059"
"CB1 2NQ",10,546103,258375,"E92000001","E19000001","E18000006","E10000003","E07000008","E05013059"
"CB1 2NR",10,546211,258559,"E92000001","E19000001","E18000006","E10000003","E07000008","E05013059"
"CB1 2NS",10,546618,258349,"E92000001","E19000001","E18000006","E10000003","E07000008","E05013059"
"CB1 2NU",10,546350,257941,"E92000001","E19000001","E18000006","E10000003","E07000008","E05013059"
"CB1 2NX",10,546548,258290,"E92000001","E19000001","E18000006","E10000003","E07000008","E05013059"
"CB1 2NZ",10,546409,258054,"E92000001","E19000001","E18000006","E10000003","E07000008","E05013059"
"CB1 2PA",10,546463,258211,"E92000001","E19000001","E18000006","E10000003","E07000008","E05013059"
"CB1 2PB",10,546334,258092,"E92000001","E19000001","E18000006","E10000003","E07000008","E05013059"
"CB1 2PD",10,546497,258194,"E92000001","E19000001","E18000006","E10000003","E07000008","E05013059"
"CB1 2PF",10,546474,258198,"E92000001","E19000001","E18000006","E10000003","E07000008","E05013059"
"CB1 2PG",10,546559,258165,"E92000001","E19000001","E18000006","E10000003","E07000008","E05013059"
"CB1 2PH",10,546421,258746,"E92000001","E19000001","E18000006","E10000003","E07000008","E05013050"
"CB1 2PJ",10,546448,258710,"E92000001","E19000001","E18000006","E10000003","E07000008","E05013050"
"CB1 2PL",10,546540,258255,"E92000001","E19000001","E18000006","E10000003","E07000008","E05013059"
"CB1 2PN",10,546576,258256,"E92000001","E19000001","E18000006","E10000003","E07000008","E05013059"
"CB1 2PP",10,546439,258270,"E92000001","E19000001","E18000006","E10000003","E07000008","E05013059"
"CB1 2PR",10,546407,258412,"E92000001","E19000001","E18000006","E10000003","E07000008","E05013059"
"CB1 2PS",10,546508,258581,"E92000001","E19000001","E18000006","E10000003","E07000008","E05013050"
"CB1 2PT",10,546480,258624,"E92000001","E19000001","E18000006","E10000003","E07000008","E05013050"
"CB1 2PU",10,546580,258325,"E92000001","E19000001","E18000006","E10000003","E07000008","E05013059"
"CB1 2PW",10,546442,258305,"E92000001","E19000001","E18000006","E10000003","E07000008","E05013059"
"CB1 2PY",10,546439,258525,"E92000001","E19000001","E18000006","E10000003","E07000008","E05013059"
"CB1 2PZ",10,546437,258472,"E92000001","E19000001","E18000006","E10000003","E07000008","E05013059"
"CB1 2QA",10,546412,258183,"E92000001","E19000001","E18000006","E10000003","E07000008","E05013059"
"CB1 2QE",10,546375,258350,"E92000001","E19000001","E18000006","E10000003","E07000008","E05013059"
"CB1 2QF",10,546348,258449,"E92000001","E19000001","E18000006","E10000003","E07000008","E05013059"
"CB1 2QG",10,546378,258204,"E92000001","E19000001","E18000006","E10000003","E07000008","E05013059"
"CB1 2QH",10,546315,258492,"E92000001","E19000001","E18000006","E10000003","E07000008","E05013059"
"CB1 2QJ",10,546353,258567,"E92000001","E19000001","E18000006","E10000003","E07000008","E05013059"
"CB1 2QP",10,546306,258813,"E92000001","E19000001","E18000006","E10000003","E07000008","E05013050"
"CB1 2QQ",10,546366,258287,"E92000001","E19000001","E18000006","E10000003","E07000008","E05013059"
"CB1 2QR",10,546250,258758,"E92000001","E19000001","E18000006","E10000003","E07000008","E05013050"
"CB1 2QS",10,546390,258509,"E92000001","E19000001","E18000006","E10000003","E07000008","E05013059"
"CB1 2QT",10,546284,258756,"E92000001","E19000001","E18000006","E10000003","E07000008","E05013050"
"CB1 2QW",10,546441,258135,"E92000001","E19000001","E18000006","E10000003","E07000008","E05013059"
"CB1 2QX",10,546425,258789,"E92000001","E19000001","E18000006","E10000003","E07000008","E05013050"
"CB1 2QZ",10,546504,258881,"E92000001","E19000001","E18000006","E10000003","E07000008","E05013050"
"CB1 2RG",10,545944,257415,"E92000001","E19000001","E18000006","E10000003","E07000008","E05013059"
"CB1 2RU",10,546285,258576,"E92000001","E19000001","E18000006","E10000003","E07000008","E05013059"
"CB1 2RX",10,546585,258224,"E92000001","E19000001","E18000006","E10000003","E07000008","E05013059"
"CB1 2SN",10,546364,258108,"E92000001","E19000001","E18000006","E10000003","E07000008","E05013059"
"CB1 2TX",10,546215,258775,"E92000001","E19000001","E18000006","E10000003","E07000008","E05013059"
"CB1 2UB",10,546206,257892,"E92000001","E19000001","E18000006","E10000003","E07000008","E05013059"
"CB1 2WW",10,546182,257043,"E92000001","E19000001","E18000006","E10000003","E07000008","E05013054"
"CB1 2XL",10,546101,257432,"E92000001","E19000001","E18000006","E10000003","E07000008","E05013059"
"CB1 2XN",10,546105,257469,"E92000001","E19000001","E18000006","E10000003","E07000008","E05013059"
"CB1 3AA",10,546535,257729,"E92000001","E19000001","E18000006","E10000003","E07000008","E05013061"
"CB1 3AB",10,546520,257842,"E92000001","E19000001","E18000006","E10000003","E07000008","E05013061"
"CB1 3AD",10,546548,257837,"E92000001","E19000001","E18000006","E10000003","E07000008","E05013061"
"CB1 3AE",10,546593,257894,"E92000001","E19000001","E18000006","E10000003","E07000008","E05013061"
"CB1 3AF",10,546610,257842,"E92000001","E19000001","E18000006","E10000003","E07000008","E05013061"
"CB1 3AG",10,546675,257932,"E92000001","E19000001","E18000006","E10000003","E07000008","E05013061"
"CB1 3AH",10,546604,257697,"E92000001","E19000001","E18000006","E10000003","E07000008","E05013061"
"CB1 3AJ",10,546697,257767,"E92000001","E19000001","E18000006","E10000003","E07000008","E05013061"
"CB1 3AL",10,546758,257946,"E92000001","E19000001","E18000006","E10000003","E07000008","E05013061"
"CB1 3AN",10,546755,257640,"E92000001","E19000001","E18000006","E10000003","E07000008","E05013061"
"CB1 3AP",10,546798,257955,"E92000001","E19000001","E18000006","E10000003","E07000008","E05013061"
"CB1 3AQ",10,546663,257873,"E92000001","E19000001","E18000006","E10000003","E07000008","E05013061"
"CB1 3AR",10,546824,257942,"E92000001","E19000001","E18000006","E10000003","E07000008","E05013061"
"CB1 3AS",10,546816,257725,"E92000001","E19000001","E18000006","E10000003","E07000008","E05013061"
"CB1 3AT",10,546865,257945,"E92000001","E19000001","E18000006","E10000003","E07000008","E05013061"
"CB1 3AU",10,546894,258020,"E92000001","E19000001","E18000006","E10000003","E07000008","E05013061"
"CB1 3AW",10,546729,257762,"E92000001","E19000001","E18000006","E10000003","E07000008","E05013061"
"CB1 3AX",10,546901,257960,"E92000001","E19000001","E18000006","E10000003","E07000008","E05013061"
"CB1 3AY",10,546884,258167,"E92000001","E19000001","E18000006","E10000003","E07000008","E05013061"
"CB1 3AZ",10,546966,258181,"E92000001","E19000001","E18000006","E10000003","E07000008","E05013061"
"CB1 3BA",10,546907,258636,"E92000001","E19000001","E18000006","E10000003","E07000008","E05013061"
"CB1 3BB",10,546823,258103,"E92000001","E19000001","E18000006","E10000003","E07000008","E05013061"
"CB1 3BD",10,546953,258140,"E92000001","E19000001","E18000006","E10000003","E07000008","E05013061"
"CB1 3BE",10,546914,257627,"E92000001","E19000001","E18000006","E10000003","E07000008","E05013061"
"CB1 3BH",10,546714,258007,"E92000001","E19000001","E18000006","E10000003","E07000008","E05013061"
"CB1 3BJ",10,547522,257357,"E92000001","E19000001","E18000006","E10000003","E07000008","E05013054"
"CB1 3BL",10,547150,258205,"E92000001","E19000001","E18000006","E10000003","E07000008","E05013061"
"CB1 3BN",10,546791,257731,"E92000001","E19000001","E18000006","E10000003","E07000008","E05013061"
"CB1 3BP",10,546855,257729,"E92000001","E19000001","E18000006","E10000003","E07000008","E05013061"
"CB1 3BQ",10,546699,257676,"E92000001","E19000001","E18000006","E10000003","E07000008","E05013061"
"CB1 3BS",10,547006,258097,"E92000001","E19000001","E18000006","E10000003","E07000008","E05013061"
"CB1 3BT",10,547092,258162,"E92000001","E19000001","E18000006","E10000003","E07000008","E05013061"
"CB1 3BU",10,546947,257894,"E92000001","E19000001","E18000006","E10000003","E07000008","E05013061"
"CB1 3BW",10,547170,258008,"E92000001","E19000001","E18000006","E10000003","E07000008","E05013061"
"CB1 3BX",10,546886,257715,"E92000001","E19000001","E18000006","E10000003","E07000008","E05013061"
"CB1 3BY",10,546969,257815,"E92000001","E19000001","E18000006","E10000003","E07000008","E05013061"
"CB1 3BZ",10,546987,257766,"E92000001","E19000001","E18000006","E10000003","E07000008","E05013061"
"CB1 3DA",10,547075,257764,"E92000001","E19000001","E18000006","E10000003","E07000008","E05013061"
"CB1 3DB",10,547092,257734,"E92000001","E19000001","E18000006","E10000003","E07000008","E05013061"
"CB1 3DD",10,547087,257840,"E92000001","E19000001","E18000006","E10000003","E07000008","E05013061"
"CB1 3DE",10,547037,257697,"E92000001","E19000001","E18000006","E10000003","E07000008","E05013061"
"CB1 3DF",10,547135,257598,"E92000001","E19000001","E18000006","E10000003","E07000008","E05013061"
"CB1 3DG",10,547082,257616,"E92000001","E19000001","E18000006","E10000003","E07000008","E05013061"
"CB1 3DH",10,547321,257779,"E92000001","E19000001","E18000006","E10000003","E07000008","E05013061"
"CB1 3DJ",10,547363,257792,"E92000001","E19000001","E18000006","E10000003","E07000008","E05013061"
"CB1 3DL",10,547248,257573,"E92000001","E19000001","E18000006","E10000003","E07000008","E05013061"
"CB1 3DN",10,547138,257705,"E92000001","E19000001","E18000006","E10000003","E07000008","E05013061"
"CB1 3DP",10,547165,257690,"E92000001","E19000001","E18000006","E10000003","E07000008","E05013061"
"CB1 3DQ",10,547326,257747,"E92000001","E19000001","E18000006","E10000003","E07000008","E05013061"
"CB1 3DR",10,547289,258120,"E92000001","E19000001","E18000006","E10000003","E07000008","E05013061"
"CB1 3DS",10,547223,258198,"E92000001","E19000001","E18000006","E10000003","E07000008","E05013061"
"CB1 3DT",10,547225,257945,"E92000001","E19000001","E18000006","E10000003","E07000008","E05013061"
"CB1 3DU",10,546802,258438,"E92000001","E19000001","E18000006","E10000003","E07000008","E05013061"
"CB1 3DW",10,547208,258057,"E92000001","E19000001","E18000006","E10000003","E07000008","E05013061"
"CB1 3DY",10,546830,258817,"E92000001","E19000001","E18000006","E10000003","E07000008","E05013050"
"CB1 3DZ",10,546562,257654,"E92000001","E19000001","E18000006","E10000003","E07000008","E05013061"
"CB1 3EA",10,546819,258803,"E92000001","E19000001","E18000006","E10000003","E07000008","E05013050"
"CB1 3EB",10,546792,258170,"E92000001","E19000001","E18000006","E10000003","E07000008","E05013061"
"CB1 3EE",10,546856,258418,"E92000001","E19000001","E18000006","E10000003","E07000008","E05013061"
"CB1 3EF",10,546803,258065,"E92000001","E19000001","E18000006","E10000003","E07000008","E05013061"
"CB1 3EG",10,546844,258306,"E92000001","E19000001","E18000006","E10000003","E07000008","E05013061"
"CB1 3EJ",10,547389,257537,"E92000001","E19000001","E18000006","E10000003","E07000008","E05013061"
"CB1 3EL",10,546816,258467,"E92000001","E19000001","E18000006","E10000003","E07000008","E05013061"
"CB1 3EN",10,546999,258667,"E92000001","E19000001","E18000006","E10000003","E07000008","E05013061"
"CB1 3EP",10,546568,258877,"E92000001","E19000001","E18000006","E10000003","E07000008","E05013050"
"CB1 3EQ",10,546927,258504,"E92000001","E19000001","E18000006","E10000003","E07000008","E05013061"
"CB1 3ER",10,546699,258579,"E92000001","E19000001","E18000006","E10000003","E07000008","E05013050"
"CB1 3ES",10,548906,257137,"E92000001","E19000001","E18000006","E10000003","E07000008","E05013053"
"CB1 3ET",10,546641,258474,"E92000001","E19000001","E18000006","E10000003","E07000008","E05013050"
"CB1 3EW",10,546931,258869,"E92000001","E19000001","E18000006","E10000003","E07000008","E05013061"
"CB1 3EX",10,548826,257422,"E92000001","E19000001","E18000006","E10000003","E07000008","E05013053"
"CB1 3EY",10,547022,257585,"E92000001","E19000001","E18000006","E10000003","E07000008","E05013061"
"CB1 3EZ",10,546844,258873,"E92000001","E19000001","E18000006","E10000003","E07000008","E05013050"
"CB1 3FA",10,546851,258533,"E92000001","E19000001","E18000006","E10000003","E07000008","E05013061"
"CB1 3FB",10,546863,258591,"E92000001","E19000001","E18000006","E10000003","E07000008","E05013061"
"CB1 3FD",10,546350,256931,"E92000001","E19000001","E18000006","E10000003","E07000008","E05013054"
"CB1 3FE",10,546370,257028,"E92000001","E19000001","E18000006","E10000003","E07000008","E05013054"
"CB1 3FF",10,548440,257640,"E92000001","E19000001","E18000006","E10000003","E07000008","E05013053"
"CB1 3FG",10,548408,257566,"E92000001","E19000001","E18000006","E10000003","E07000008","E05013053"
"CB1 3FH",10,546734,258180,"E92000001","E19000001","E18000006","E10000003","E07000008","E05013061"
"CB1 3FJ",10,546710,258305,"E92000001","E19000001","E18000006","E10000003","E07000008","E05013061"
"CB1 3FL",10,546689,258233,"E92000001","E19000001","E18000006","E10000003","E07000008","E05013061"
"CB1 3FN",10,546676,258197,"E92000001","E19000001","E18000006","E10000003","E07000008","E05013061"
"CB1 3FP",10,549294,257466,"E92000001","E19000001","E18000006","E10000003","E07000008","E05013053"
"CB1 3FQ",10,549182,257530,"E92000001","E19000001","E18000006","E10000003","E07000008","E05013053"
"CB1 3FR",10,546697,258097,"E92000001","E19000001","E18000006","E10000003","E07000008","E05013061"
"CB1 3FS",10,549221,257457,"E92000001","E19000001","E18000006","E10000003","E07000008","E05013053"
"CB1 3FT",10,549267,257670,"E92000001","E19000001","E18000006","E10000003","E07000012","E05011291"
"CB1 3FU",10,549288,257710,"E92000001","E19000001","E18000006","E10000003","E07000012","E05011291"
"CB1 3FW",10,549336,257676,"E92000001","E19000001","E18000006","E10000003","E07000012","E05011291"
"CB1 3FZ",10,546624,257749,"E92000001","E19000001","E18000006","E10000003","E07000008","E05013061"
"CB1 3GA",10,546871,257532,"E92000001","E19000001","E18000006","E10000003","E07000008","E05013061"
"CB1 3GB",10,546889,257531,"E92000001","E19000001","E18000006","E10000003","E07000008","E05013061"
"CB1 3GL",10,548748,257549,"E92000001","E19000001","E18000006","E10000003","E07000008","E05013053"
"CB1 3GN",10,547134,258092,"E92000001","E19000001","E18000006","E10000003","E07000008","E05013061"
"CB1 3GQ",10,546752,257847,"E92000001","E19000001","E18000006","E10000003","E07000008","E05013061"
"CB1 3HA",10,546586,258736,"E92000001","E19000001","E18000006","E10000003","E07000008","E05013050"
"CB1 3HB",10,546602,258840,"E92000001","E19000001","E18000006","E10000003","E07000008","E05013050"
"CB1 3HD",10,548706,257437,"E92000001","E19000001","E18000006","E10000003","E07000008","E05013053"
"CB1 3HE",10,547366,258041,"E92000001","E19000001","E18000006","E10000003","E07000008","E05013061"
"CB1 3HG",10,547510,258149,"E92000001","E19000001","E18000006","E10000003","E07000008","E05013061"
"CB1 3HH",10,547045,258476,"E92000001","E19000001","E18000006","E10000003","E07000008","E05013061"
"CB1 3HJ",10,546965,258332,"E92000001","E19000001","E18000006","E10000003","E07000008","E05013061"
"CB1 3HL",10,546941,258358,"E92000001","E19000001","E18000006","E10000003","E07000008","E05013061"
"CB1 3HN",10,547280,258182,"E92000001","E19000001","E18000006","E10000003","E07000008","E05013061"
"CB1 3HP",10,547513,257703,"E92000001","E19000001","E18000006","E10000003","E07000008","E05013061"
"CB1 3HQ",10,548486,257580,"E92000001","E19000001","E18000006","E10000003","E07000008","E05013053"
"CB1 3HR",10,547455,257764,"E92000001","E19000001","E18000006","E10000003","E07000008","E05013061"
"CB1 3HS",10,547660,257814,"E92000001","E19000001","E18000006","E10000003","E07000008","E05013061"
"CB1 3HT",10,547530,257283,"E92000001","E19000001","E18000006","E10000003","E07000008","E05013054"
"CB1 3HU",10,547797,258019,"E92000001","E19000001","E18000006","E10000003","E07000008","E05013061"
"CB1 3HW",10,547459,258013,"E92000001","E19000001","E18000006","E10000003","E07000008","E05013061"
"CB1 3HX",10,547848,258129,"E92000001","E19000001","E18000006","E10000003","E07000008","E05013061"
"CB1 3HY",10,547323,258205,"E92000001","E19000001","E18000006","E10000003","E07000008","E05013061"
"CB1 3HZ",10,547226,258441,"E92000001","E19000001","E18000006","E10000003","E07000008","E05013061"
"CB1 3JA",10,547239,258384,"E92000001","E19000001","E18000006","E10000003","E07000008","E05013061"
"CB1 3JB",10,547131,258401,"E92000001","E19000001","E18000006","E10000003","E07000008","E05013061"
"CB1 3JD",10,547390,257905,"E92000001","E19000001","E18000006","E10000003","E07000008","E05013061"
"CB1 3JE",10,547434,257933,"E92000001","E19000001","E18000006","E10000003","E07000008","E05013061"
"CB1 3JF",10,548628,257186,"E92000001","E19000001","E18000006","E10000003","E07000008","E05013053"
"CB1 3JG",10,548690,257215,"E92000001","E19000001","E18000006","E10000003","E07000008","E05013053"
"CB1 3JH",10,548483,257508,"E92000001","E19000001","E18000006","E10000003","E07000008","E05013053"
"CB1 3JJ",10,547385,257724,"E92000001","E19000001","E18000006","E10000003","E07000008","E05013061"
"CB1 3JL",10,548712,257274,"E92000001","E19000001","E18000006","E10000003","E07000008","E05013053"
"CB1 3JN",10,548878,257268,"E92000001","E19000001","E18000006","E10000003","E07000008","E05013053"
"CB1 3JP",10,548714,257083,"E92000001","E19000001","E18000006","E10000003","E07000008","E05013053"
"CB1 3JQ",10,548608,257185,"E92000001","E19000001","E18000006","E10000003","E07000008","E05013053"
"CB1 3JR",10,548876,257106,"E92000001","E19000001","E18000006","E10000003","E07000008","E05013053"
"CB1 3JS",10,548934,257189,"E92000001","E19000001","E18000006","E10000003","E07000008","E05013053"
"CB1 3JT",10,548594,257464,"E92000001","E19000001","E18000006","E10000003","E07000008","E05013053"
"CB1 3JW",10,548739,257065,"E92000001","E19000001","E18000006","E10000003","E07000008","E05013053"
"CB1 3JX",10,549097,257229,"E92000001","E19000001","E18000006","E10000003","E07000008","E05013053"
"CB1 3JY",10,549048,257305,"E92000001","E19000001","E18000006","E10000003","E07000008","E05013053"
"CB1 3JZ",10,549173,257326,"E92000001","E19000001","E18000006","E10000003","E07000008","E05013053"
"CB1 3LA",10,548996,257427,"E92000001","E19000001","E18000006","E10000003","E07000008","E05013053"
"CB1 3LB",10,548909,257422,"E92000001","E19000001","E18000006","E10000003","E07000008","E05013053"
"CB1 3LE",10,548907,257306,"E92000001","E19000001","E18000006","E10000003","E07000008","E05013053"
"CB1 3LF",10,548863,257502,"E92000001","E19000001","E18000006","E10000003","E07000008","E05013053"
"CB1 3LG",10,548927,257554,"E92000001","E19000001","E18000006","E10000003","E07000008","E05013053"
"CB1 3LH",10,548242,257515,"E92000001","E19000001","E18000006","E10000003","E07000008","E05013053"
"CB1 3LJ",10,549053,257397,"E92000001","E19000001","E18000006","E10000003","E07000008","E05013053"
"CB1 3LL",10,549125,257382,"E92000001","E19000001","E18000006","E10000003","E07000008","E05013053"
"CB1 3LN",10,548649,257641,"E92000001","E19000001","E18000006","E10000003","E07000008","E05013053"
"CB1 3LP",10,546548,257691,"E92000001","E19000001","E18000006","E10000003","E07000008","E05013061"
"CB1 3LQ",10,548517,257568,"E92000001","E19000001","E18000006","E10000003","E07000008","E05013053"
"CB1 3LR",10,546482,257628,"E92000001","E19000001","E18000006","E10000003","E07000008","E05013061"
"CB1 3LS",10,546643,257511,"E92000001","E19000001","E18000006","E10000003","E07000008","E05013061"
"CB1 3LT",10,546611,257649,"E92000001","E19000001","E18000006","E10000003","E07000008","E05013061"
"CB1 3LU",10,546443,257664,"E92000001","E19000001","E18000006","E10000003","E07000008","E05013061"
"CB1 3LW",10,546993,257352,"E92000001","E19000001","E18000006","E10000003","E07000008","E05013054"
"CB1 3LX",10,546432,257639,"E92000001","E19000001","E18000006","E10000003","E07000008","E05013061"
"CB1 3LY",10,546462,257560,"E92000001","E19000001","E18000006","E10000003","E07000008","E05013061"
"CB1 3LZ",10,546504,257511,"E92000001","E19000001","E18000006","E10000003","E07000008","E05013061"
"CB1 3NA",10,546663,257574,"E92000001","E19000001","E18000006","E10000003","E07000008","E05013061"
"CB1 3NB",10,546590,257601,"E92000001","E19000001","E18000006","E10000003","E07000008","E05013061"
"CB1 3ND",10,546528,257629,"E92000001","E19000001","E18000006","E10000003","E07000008","E05013061"
"CB1 3NE",10,546532,257687,"E92000001","E19000001","E18000006","E10000003","E07000008","E05013061"
"CB1 3NF",10,546724,257614,"E92000001","E19000001","E18000006","E10000003","E07000008","E05013061"
"CB1 3NG",10,546478,257357,"E92000001","E19000001","E18000006","E10000003","E07000008","E05013054"
"CB1 3NH",10,546804,257529,"E92000001","E19000001","E18000006","E10000003","E07000008","E05013061"
"CB1 3NL",10,547040,257587,"E92000001","E19000001","E18000006","E10000003","E07000008","E05013061"
"CB1 3NN",10,547244,257541,"E92000001","E19000001","E18000006","E10000003","E07000008","E05013061"
"CB1 3NP",10,547325,257492,"E92000001","E19000001","E18000006","E10000003","E07000008","E05013061"
"CB1 3NQ",10,546875,257578,"E92000001","E19000001","E18000006","E10000003","E07000008","E05013061"
"CB1 3NR",10,547272,257420,"E92000001","E19000001","E18000006","E10000003","E07000008","E05013061"
"CB1 3NS",10,547376,257414,"E92000001","E19000001","E18000006","E10000003","E07000008","E05013061"
"CB1 3NT",10,547374,257228,"E92000001","E19000001","E18000006","E10000003","E07000008","E05013054"
"CB1 3NU",10,546930,257540,"E92000001","E19000001","E18000006","E10000003","E07000008","E05013061"
"CB1 3NW",10,547396,257505,"E92000001","E19000001","E18000006","E10000003","E07000008","E05013061"
"CB1 3NX",10,547421,257236,"E92000001","E19000001","E18000006","E10000003","E07000008","E05013054"
"CB1 3NY",10,547497,257394,"E92000001","E19000001","E18000006","E10000003","E07000008","E05013061"
"CB1 3NZ",10,547508,257490,"E92000001","E19000001","E18000006","E10000003","E07000008","E05013061"
"CB1 3PA",10,547576,257412,"E92000001","E19000001","E18000006","E10000003","E07000008","E05013061"
"CB1 3PB",10,546758,257487,"E92000001","E19000001","E18000006","E10000003","E07000008","E05013061"
"CB1 3PE",10,546769,257541,"E92000001","E19000001","E18000006","E10000003","E07000008","E05013061"
"CB1 3PF",10,546425,257318,"E92000001","E19000001","E18000006","E10000003","E07000008","E05013054"
"CB1 3PG",10,546374,257245,"E92000001","E19000001","E18000006","E10000003","E07000008","E05013054"
"CB1 3PH",10,546901,257382,"E92000001","E19000001","E18000006","E10000003","E07000008","E05013054"
"CB1 3PJ",10,546851,257337,"E92000001","E19000001","E18000006","E10000003","E07000008","E05013054"
"CB1 3PL",10,546765,257271,"E92000001","E19000001","E18000006","E10000003","E07000008","E05013054"
"CB1 3PN",10,546843,257076,"E92000001","E19000001","E18000006","E10000003","E07000008","E05013054"
"CB1 3PQ",10,546721,257319,"E92000001","E19000001","E18000006","E10000003","E07000008","E05013054"
"CB1 3PR",10,546742,256779,"E92000001","E19000001","E18000006","E10000003","E07000008","E05013054"
"CB1 3PS",10,546953,257242,"E92000001","E19000001","E18000006","E10000003","E07000008","E05013054"
"CB1 3PT",10,547134,257305,"E92000001","E19000001","E18000006","E10000003","E07000008","E05013054"
"CB1 3PU",10,547188,257479,"E92000001","E19000001","E18000006","E10000003","E07000008","E05013061"
"CB1 3PW",10,546778,256702,"E92000001","E19000001","E18000006","E10000003","E07000008","E05013054"
"CB1 3PX",10,547140,257497,"E92000001","E19000001","E18000006","E10000003","E07000008","E05013061"
"CB1 3PY",10,547048,257450,"E92000001","E19000001","E18000006","E10000003","E07000008","E05013061"
"CB1 3PZ",10,546990,257514,"E92000001","E19000001","E18000006","E10000003","E07000008","E05013061"
"CB1 3QA",10,547030,257521,"E92000001","E19000001","E18000006","E10000003","E07000008","E05013061"
"CB1 3QB",10,547086,257504,"E92000001","E19000001","E18000006","E10000003","E07000008","E05013061"
"CB1 3QD",10,547035,257296,"E92000001","E19000001","E18000006","E10000003","E07000008","E05013054"
"CB1 3QE",10,546428,257454,"E92000001","E19000001","E18000006","E10000003","E07000008","E05013061"
"CB1 3QF",10,546454,257524,"E92000001","E19000001","E18000006","E10000003","E07000008","E05013061"
"CB1 3QG",10,546465,257304,"E92000001","E19000001","E18000006","E10000003","E07000008","E05013054"
"CB1 3QJ",10,546662,257417,"E92000001","E19000001","E18000006","E10000003","E07000008","E05013061"
"CB1 3QL",10,546672,257452,"E92000001","E19000001","E18000006","E10000003","E07000008","E05013061"
"CB1 3QN",10,546478,257176,"E92000001","E19000001","E18000006","E10000003","E07000008","E05013054"
"CB1 3QP",10,546542,257302,"E92000001","E19000001","E18000006","E10000003","E07000008","E05013054"
"CB1 3QQ",10,546650,257354,"E92000001","E19000001","E18000006","E10000003","E07000008","E05013054"
"CB1 3QR",10,546373,256885,"E92000001","E19000001","E18000006","E10000003","E07000008","E05013054"
"CB1 3QT",10,546396,256809,"E92000001","E19000001","E18000006","E10000003","E07000008","E05013054"
"CB1 3QU",10,546462,256793,"E92000001","E19000001","E18000006","E10000003","E07000008","E05013054"
"CB1 3QW",10,546646,257216,"E92000001","E19000001","E18000006","E10000003","E07000008","E05013054"
"CB1 3QX",10,546584,256893,"E92000001","E19000001","E18000006","E10000003","E07000008","E05013054"
"CB1 3QY",10,546556,256939,"E92000001","E19000001","E18000006","E10000003","E07000008","E05013054"
"CB1 3QZ",10,546581,256817,"E92000001","E19000001","E18000006","E10000003","E07000008","E05013054"
"CB1 3RA",10,546690,256797,"E92000001","E19000001","E18000006","E10000003","E07000008","E05013054"
"CB1 3RB",10,546651,257290,"E92000001","E19000001","E18000006","E10000003","E07000008","E05013054"
"CB1 3RD",10,546385,257283,"E92000001","E19000001","E18000006","E10000003","E07000008","E05013054"
"CB1 3RE",10,546362,257326,"E92000001","E19000001","E18000006","E10000003","E07000008","E05013054"
"CB1 3RF",10,546374,257364,"E92000001","E19000001","E18000006","E10000003","E07000008","E05013054"
"CB1 3RG",10,548550,257257,"E92000001","E19000001","E18000006","E10000003","E07000008","E05013053"
"CB1 3RH",10,547045,257124,"E92000001","E19000001","E18000006","E10000003","E07000008","E05013054"
"CB1 3RJ",10,547178,257128,"E92000001","E19000001","E18000006","E10000003","E07000008","E05013054"
"CB1 3RL",10,546958,257092,"E92000001","E19000001","E18000006","E10000003","E07000008","E05013054"
"CB1 3RN",10,546969,256989,"E92000001","E19000001","E18000006","E10000003","E07000008","E05013054"
"CB1 3RP",10,546903,256991,"E92000001","E19000001","E18000006","E10000003","E07000008","E05013054"
"CB1 3RQ",10,546383,257397,"E92000001","E19000001","E18000006","E10000003","E07000008","E05013054"
"CB1 3RR",10,547356,256889,"E92000001","E19000001","E18000006","E10000003","E07000008","E05013054"
"CB1 3RS",10,547174,257053,"E92000001","E19000001","E18000006","E10000003","E07000008","E05013054"
"CB1 3RT",10,547306,256639,"E92000001","E19000001","E18000006","E10000003","E07000008","E05013054"
"CB1 3RU",10,547296,256510,"E92000001","E19000001","E18000006","E10000003","E07000008","E05013054"
"CB1 3RW",10,546879,256877,"E92000001","E19000001","E18000006","E10000003","E07000008","E05013054"
"CB1 3RX",10,547266,256658,"E92000001","E19000001","E18000006","E10000003","E07000008","E05013054"
"CB1 3RY",10,547140,256842,"E92000001","E19000001","E18000006","E10000003","E07000008","E05013054"
"CB1 3RZ",10,547039,256958,"E92000001","E19000001","E18000006","E10000003","E07000008","E05013054"
"CB1 3SA",10,547161,256872,"E92000001","E19000001","E18000006","E10000003","E07000008","E05013054"
"CB1 3SB",10,547322,256956,"E92000001","E19000001","E18000006","E10000003","E07000008","E05013054"
"CB1 3SD",10,547178,256929,"E92000001","E19000001","E18000006","E10000003","E07000008","E05013054"
"CB1 3SE",10,547189,256965,"E92000001","E19000001","E18000006","E10000003","E07000008","E05013054"
"CB1 3SF",10,547417,256936,"E92000001","E19000001","E18000006","E10000003","E07000008","E05013054"
"CB1 3SG",10,547395,256782,"E92000001","E19000001","E18000006","E10000003","E07000008","E05013054"
"CB1 3SH",10,547198,256594,"E92000001","E19000001","E18000006","E10000003","E07000008","E05013054"
"CB1 3SJ",10,547228,256692,"E92000001","E19000001","E18000006","E10000003","E07000008","E05013054"
"CB1 3SL",10,546972,256658,"E92000001","E19000001","E18000006","E10000003","E07000008","E05013054"
"CB1 3SN",10,546942,256668,"E92000001","E19000001","E18000006","E10000003","E07000008","E05013054"
"CB1 3SP",10,546911,256810,"E92000001","E19000001","E18000006","E10000003","E07000008","E05013054"
"CB1 3SQ",10,547055,256733,"E92000001","E19000001","E18000006","E10000003","E07000008","E05013054"
"CB1 3SR",10,547125,256790,"E92000001","E19000001","E18000006","E10000003","E07000008","E05013054"
"CB1 3SS",10,546927,256779,"E92000001","E19000001","E18000006","E10000003","E07000008","E05013054"
"CB1 3ST",10,547574,256964,"E92000001","E19000001","E18000006","E10000003","E07000008","E05013054"
"CB1 3SU",10,547532,256946,"E92000001","E19000001","E18000006","E10000003","E07000008","E05013054"
"CB1 3SW",10,547032,256633,"E92000001","E19000001","E18000006","E10000003","E07000008","E05013054"
"CB1 3SX",10,547484,256718,"E92000001","E19000001","E18000006","E10000003","E07000008","E05013054"
"CB1 3SY",10,547627,256779,"E92000001","E19000001","E18000006","E10000003","E07000008","E05013054"
"CB1 3SZ",10,547473,256791,"E92000001","E19000001","E18000006","E10000003","E07000008","E05013054"
"CB1 3TA",10,547563,256811,"E92000001","E19000001","E18000006","E10000003","E07000008","E05013054"
"CB1 3TB",10,547832,256845,"E92000001","E19000001","E18000006","E10000003","E07000008","E05013054"
"CB1 3TD",10,547915,256902,"E92000001","E19000001","E18000006","E10000003","E07000008","E05013054"
"CB1 3TE",10,547801,256817,"E92000001","E19000001","E18000006","E10000003","E07000008","E05013054"
"CB1 3TF",10,547804,256782,"E92000001","E19000001","E18000006","E10000003","E07000008","E05013054"
"CB1 3TG",10,547747,256602,"E92000001","E19000001","E18000006","E10000003","E07000008","E05013054"
"CB1 3TH",10,547901,256609,"E92000001","E19000001","E18000006","E10000003","E07000008","E05013053"
"CB1 3TJ",10,547935,256596,"E92000001","E19000001","E18000006","E10000003","E07000008","E05013053"
"CB1 3TL",10,547860,256367,"E92000001","E19000001","E18000006","E10000003","E07000008","E05013053"
"CB1 3TN",10,547904,256469,"E92000001","E19000001","E18000006","E10000003","E07000008","E05013053"
"CB1 3TP",10,547154,256726,"E92000001","E19000001","E18000006","E10000003","E07000008","E05013054"
"CB1 3TQ",10,547765,256636,"E92000001","E19000001","E18000006","E10000003","E07000008","E05013054"
"CB1 3TR",10,547141,256608,"E92000001","E19000001","E18000006","E10000003","E07000008","E05013054"
"CB1 3TS",10,547572,257168,"E92000001","E19000001","E18000006","E10000003","E07000008","E05013054"
"CB1 3TT",10,547530,257082,"E92000001","E19000001","E18000006","E10000003","E07000008","E05013054"
"CB1 3TU",10,547461,257211,"E92000001","E19000001","E18000006","E10000003","E07000008","E05013054"
"CB1 3TW",10,547870,256543,"E92000001","E19000001","E18000006","E10000003","E07000008","E05013053"
"CB1 3TX",10,547539,257124,"E92000001","E19000001","E18000006","E10000003","E07000008","E05013054"
"CB1 3TY",10,547548,257211,"E92000001","E19000001","E18000006","E10000003","E07000008","E05013054"
"CB1 3TZ",10,548132,256888,"E92000001","E19000001","E18000006","E10000003","E07000008","E05013053"
"CB1 3UA",10,548041,256741,"E92000001","E19000001","E18000006","E10000003","E07000008","E05013053"
"CB1 3UB",10,548106,256802,"E92000001","E19000001","E18000006","E10000003","E07000008","E05013053"
"CB1 3UD",10,548019,256864,"E92000001","E19000001","E18000006","E10000003","E07000008","E05013053"
"CB1 3UE",10,548059,256837,"E92000001","E19000001","E18000006","E10000003","E07000008","E05013053"
"CB1 3UF",10,548142,256742,"E92000001","E19000001","E18000006","E10000003","E07000008","E05013053"
"CB1 3UG",10,547340,257543,"E92000001","E19000001","E18000006","E10000003","E07000008","E05013061"
"CB1 3UH",10,547558,257236,"E92000001","E19000001","E18000006","E10000003","E07000008","E05013054"
"CB1 3UJ",10,547551,257315,"E92000001","E19000001","E18000006","E10000003","E07000008","E05013054"
"CB1 3UL",10,547572,257295,"E92000001","E19000001","E18000006","E10000003","E07000008","E05013054"
"CB1 3UN",10,547571,257326,"E92000001","E19000001","E18000006","E10000003","E07000008","E05013054"
"CB1 3UR",10,546787,258353,"E92000001","E19000001","E18000006","E10000003","E07000008","E05013061"
"CB1 3US",10,546835,258386,"E92000001","E19000001","E18000006","E10000003","E07000008","E05013061"
"CB1 3UU",10,546885,257814,"E92000001","E19000001","E18000006","E10000003","E07000008","E05013061"
"CB1 3UX",10,546896,257827,"E92000001","E19000001","E18000006","E10000003","E07000008","E05013061"
"CB1 3UY",10,546906,257888,"E92000001","E19000001","E18000006","E10000003","E07000008","E05013061"
"CB1 3UZ",10,546898,257861,"E92000001","E19000001","E18000006","E10000003","E07000008","E05013061"
"CB1 3WL",10,546369,257089,"E92000001","E19000001","E18000006","E10000003","E07000008","E05013054"
"CB1 3WX",10,546182,257043,"E92000001","E19000001","E18000006","E10000003","E07000008","E05013054"
"CB1 3XB",10,546992,257786,"E92000001","E19000001","E18000006","E10000003","E07000008","E05013061"
"CB1 3XD",10,546974,257992,"E92000001","E19000001","E18000006","E10000003","E07000008","E05013061"
"CB1 3YH",10,547332,257087,"E92000001","E19000001","E18000006","E10000003","E07000008","E05013054"
"CB1 7AA",10,546302,256657,"E92000001","E19000001","E18000006","E10000003","E07000008","E05013054"
"CB1 7AB",10,546329,256566,"E92000001","E19000001","E18000006","E10000003","E07000008","E05013060"
"CB1 7AD",10,546338,256538,"E92000001","E19000001","E18000006","E10000003","E07000008","E05013060"
"CB1 7AF",10,546428,256540,"E92000001","E19000001","E18000006","E10000003","E07000008","E05013060"
"CB1 7AG",10,546434,256632,"E92000001","E19000001","E18000006","E10000003","E07000008","E05013054"
"CB1 7AJ",10,546584,256583,"E92000001","E19000001","E18000006","E10000003","E07000008","E05013054"
"CB1 7AL",10,546661,256571,"E92000001","E19000001","E18000006","E10000003","E07000008","E05013054"
"CB1 7AN",10,546767,256548,"E92000001","E19000001","E18000006","E10000003","E07000008","E05013054"
"CB1 7AP",10,546971,255666,"E92000001","E19000001","E18000006","E10000003","E07000008","E05013060"
"CB1 7AR",10,547069,256323,"E92000001","E19000001","E18000006","E10000003","E07000008","E05013060"
"CB1 7AS",10,547038,256372,"E92000001","E19000001","E18000006","E10000003","E07000008","E05013060"
"CB1 7AT",10,547123,256304,"E92000001","E19000001","E18000006","E10000003","E07000008","E05013060"
"CB1 7AU",10,547059,256486,"E92000001","E19000001","E18000006","E10000003","E07000008","E05013054"
"CB1 7AW",10,546894,256520,"E92000001","E19000001","E18000006","E10000003","E07000008","E05013054"
"CB1 7AX",10,546944,255664,"E92000001","E19000001","E18000006","E10000003","E07000008","E05013060"
"CB1 7AY",10,547152,256411,"E92000001","E19000001","E18000006","E10000003","E07000008","E05013054"
"CB1 7AZ",10,546219,256677,"E92000001","E19000001","E18000006","E10000003","E07000008","E05013054"
"CB1 7BB",10,546405,256586,"E92000001","E19000001","E18000006","E10000003","E07000008","E05013054"
"CB1 7BJ",10,546532,256608,"E92000001","E19000001","E18000006","E10000003","E07000008","E05013054"
"CB1 7BL",10,546206,256638,"E92000001","E19000001","E18000006","E10000003","E07000008","E05013054"
"CB1 7BN",10,546263,256718,"E92000001","E19000001","E18000006","E10000003","E07000008","E05013054"
"CB1 7BQ",10,546802,255887,"E92000001","E19000001","E18000006","E10000003","E07000008","E05013060"
"CB1 7BS",10,546461,256666,"E92000001","E19000001","E18000006","E10000003","E07000008","E05013054"
"CB1 7BU",10,546575,256714,"E92000001","E19000001","E18000006","E10000003","E07000008","E05013054"
"CB1 7BW",10,546697,255644,"E92000001","E19000001","E18000006","E10000003","E07000008","E05013060"
"CB1 7BX",10,546718,256607,"E92000001","E19000001","E18000006","E10000003","E07000008","E05013054"
"CB1 7BZ",10,546884,256661,"E92000001","E19000001","E18000006","E10000003","E07000008","E05013054"
"CB1 7DA",10,546922,256562,"E92000001","E19000001","E18000006","E10000003","E07000008","E05013054"
"CB1 7DB",10,547139,256514,"E92000001","E19000001","E18000006","E10000003","E07000008","E05013054"
"CB1 7DP",10,547014,255704,"E92000001","E19000001","E18000006","E10000003","E07000008","E05013060"
"CB1 7DY",10,546185,256809,"E92000001","E19000001","E18000006","E10000003","E07000008","E05013054"
"CB1 7DZ",10,546179,256725,"E92000001","E19000001","E18000006","E10000003","E07000008","E05013054"
"CB1 7EA",10,546285,256895,"E92000001","E19000001","E18000006","E10000003","E07000008","E05013054"
"CB1 7EB",10,546239,257016,"E92000001","E19000001","E18000006","E10000003","E07000008","E05013054"
"CB1 7ED",10,546321,257114,"E92000001","E19000001","E18000006","E10000003","E07000008","E05013054"
"CB1 7EF",10,546339,257210,"E92000001","E19000001","E18000006","E10000003","E07000008","E05013054"
"CB1 7EG",10,546420,257153,"E92000001","E19000001","E18000006","E10000003","E07000008","E05013054"
"CB1 7GX",10,546141,256873,"E92000001","E19000001","E18000006","E10000003","E07000008","E05013054"
"CB1 7HF",10,547372,256506,"E92000001","E19000001","E18000006","E10000003","E07000008","E05013054"
"CB1 7PH",10,546832,255652,"E92000001","E19000001","E18000006","E10000003","E07000008","E05013060"
"CB1 7PL",10,546961,255584,"E92000001","E19000001","E18000006","E10000003","E07000008","E05013060"
"CB1 7PN",10,546826,255560,"E92000001","E19000001","E18000006","E10000003","E07000008","E05013060"
"CB1 7QQ",10,546182,257043,"E92000001","E19000001","E18000006","E10000003","E07000008","E05013054"
"CB1 7RS",10,546868,255444,"E92000001","E19000001","E18000006","E10000003","E07000008","E05013060"
"CB1 7RT",10,546951,255460,"E92000001","E19000001","E18000006","E10000003","E07000008","E05013060"
"CB1 7RU",10,546797,255485,"E92000001","E19000001","E18000006","E10000003","E07000008","E05013060"
"CB1 7SF",10,547292,256297,"E92000001","E19000001","E18000006","E10000003","E07000008","E05013060"
"CB1 7SP",10,547210,256233,"E92000001","E19000001","E18000006","E10000003","E07000008","E05013060"
"CB1 7SR",10,547112,255867,"E92000001","E19000001","E18000006","E10000003","E07000008","E05013060"
"CB1 7SS",10,547028,255760,"E92000001","E19000001","E18000006","E10000003","E07000008","E05013060"
"CB1 7ST",10,546827,255750,"E92000001","E19000001","E18000006","E10000003","E07000008","E05013060"
"CB1 7SU",10,546670,255720,"E92000001","E19000001","E18000006","E10000003","E07000008","E05013060"
"CB1 7SW",10,546653,255638,"E92000001","E19000001","E18000006","E10000003","E07000008","E05013060"
"CB1 7SX",10,546819,255796,"E92000001","E19000001","E18000006","E10000003","E07000008","E05013060"
"CB1 7SY",10,547074,255910,"E92000001","E19000001","E18000006","E10000003","E07000008","E05013060"
"CB1 7SZ",10,546923,255984,"E92000001","E19000001","E18000006","E10000003","E07000008","E05013060"
"CB1 7TA",10,546591,255912,"E92000001","E19000001","E18000006","E10000003","E07000008","E05013060"
"CB1 7TD",10,546625,255892,"E92000001","E19000001","E18000006","E10000003","E07000008","E05013060"
"CB1 7TE",10,546635,255972,"E92000001","E19000001","E18000006","E10000003","E07000008","E05013060"
"CB1 7TF",10,546938,256033,"E92000001","E19000001","E18000006","E10000003","E07000008","E05013060"
"CB1 7TG",10,547163,256231,"E92000001","E19000001","E18000006","E10000003","E07000008","E05013060"
"CB1 7TH",10,546718,255857,"E92000001","E19000001","E18000006","E10000003","E07000008","E05013060"
"CB1 7TL",10,546670,255995,"E92000001","E19000001","E18000006","E10000003","E07000008","E05013060"
"CB1 7TP",10,546413,256339,"E92000001","E19000001","E18000006","E10000003","E07000008","E05013060"
"CB1 7TS",10,546489,256319,"E92000001","E19000001","E18000006","E10000003","E07000008","E05013060"
"CB1 7TT",10,546832,256420,"E92000001","E19000001","E18000006","E10000003","E07000008","E05013060"
"CB1 7TX",10,546734,256426,"E92000001","E19000001","E18000006","E10000003","E07000008","E05013060"
"CB1 7TY",10,546398,256370,"E92000001","E19000001","E18000006","E10000003","E07000008","E05013060"
"CB1 7TZ",10,546291,256433,"E92000001","E19000001","E18000006","E10000003","E07000008","E05013060"
"CB1 7UA",10,546384,256467,"E92000001","E19000001","E18000006","E10000003","E07000008","E05013060"
"CB1 7UB",10,546653,256484,"E92000001","E19000001","E18000006","E10000003","E07000008","E05013060"
"CB1 7UE",10,546382,256422,"E92000001","E19000001","E18000006","E10000003","E07000008","E05013060"
"CB1 7UF",10,546486,256502,"E92000001","E19000001","E18000006","E10000003","E07000008","E05013060"
"CB1 7UG",10,546531,256458,"E92000001","E19000001","E18000006","E10000003","E07000008","E05013060"
"CB1 7UP",10,546529,256256,"E92000001","E19000001","E18000006","E10000003","E07000008","E05013060"
"CB1 7UR",10,546876,256318,"E92000001","E19000001","E18000006","E10000003","E07000008","E05013060"
"CB1 7US",10,546548,256204,"E92000001","E19000001","E18000006","E10000003","E07000008","E05013060"
"CB1 7UT",10,546883,256277,"E92000001","E19000001","E18000006","E10000003","E07000008","E05013060"
"CB1 7UU",10,546754,256234,"E92000001","E19000001","E18000006","E10000003","E07000008","E05013060"
"CB1 7UW",10,546409,256230,"E92000001","E19000001","E18000006","E10000003","E07000008","E05013060"
"CB1 7UX",10,546748,256066,"E92000001","E19000001","E18000006","E10000003","E07000008","E05013060"
"CB1 7UY",10,546558,256132,"E92000001","E19000001","E18000006","E10000003","E07000008","E05013060"
"CB1 7UZ",10,546886,256190,"E92000001","E19000001","E18000006","E10000003","E07000008","E05013060"
"CB1 7XA",10,546604,256088,"E92000001","E19000001","E18000006","E10000003","E07000008","E05013060"
"CB1 7XB",10,546916,256150,"E92000001","E19000001","E18000006","E10000003","E07000008","E05013060"
"CB1 7XD",10,547042,256147,"E92000001","E19000001","E18000006","E10000003","E07000008","E05013060"
"CB1 7XE",10,546437,256039,"E92000001","E19000001","E18000006","E10000003","E07000008","E05013060"
"CB1 8AD",10,547181,255810,"E92000001","E19000001","E18000006","E10000003","E07000008","E05013060"
"CB1 8AF",10,547346,255749,"E92000001","E19000001","E18000006","E10000003","E07000008","E05013060"
"CB1 8AG",10,548504,256169,"E92000001","E19000001","E18000006","E10000003","E07000008","E05013053"
"CB1 8AJ",10,548231,255882,"E92000001","E19000001","E18000006","E10000003","E07000008","E05013053"
"CB1 8AL",10,547567,255020,"E92000001","E19000001","E18000006","E10000003","E07000008","E05013060"
"CB1 8AN",10,547532,255053,"E92000001","E19000001","E18000006","E10000003","E07000008","E05013060"
"CB1 8AP",10,546946,256408,"E92000001","E19000001","E18000006","E10000003","E07000008","E05013054"
"CB1 8AQ",10,546928,256471,"E92000001","E19000001","E18000006","E10000003","E07000008","E05013054"
"CB1 8AZ",10,547303,256433,"E92000001","E19000001","E18000006","E10000003","E07000008","E05013054"
"CB1 8BA",10,547533,256387,"E92000001","E19000001","E18000006","E10000003","E07000008","E05013054"
"CB1 8BG",10,547475,256472,"E92000001","E19000001","E18000006","E10000003","E07000008","E05013054"
"CB1 8BL",10,547439,256308,"E92000001","E19000001","E18000006","E10000003","E07000008","E05013054"
"CB1 8BN",10,547636,256604,"E92000001","E19000001","E18000006","E10000003","E07000008","E05013054"
"CB1 8DB",10,547651,256405,"E92000001","E19000001","E18000006","E10000003","E07000008","E05013054"
"CB1 8DE",10,548134,256243,"E92000001","E19000001","E18000006","E10000003","E07000008","E05013053"
"CB1 8DF",10,548134,256259,"E92000001","E19000001","E18000006","E10000003","E07000008","E05013053"
"CB1 8DG",10,548170,256251,"E92000001","E19000001","E18000006","E10000003","E07000008","E05013053"
"CB1 8DH",10,547421,256578,"E92000001","E19000001","E18000006","E10000003","E07000008","E05013054"
"CB1 8DJ",10,547737,256397,"E92000001","E19000001","E18000006","E10000003","E07000008","E05013054"
"CB1 8DN",10,547566,256546,"E92000001","E19000001","E18000006","E10000003","E07000008","E05013054"
"CB1 8DP",10,548445,256258,"E92000001","E19000001","E18000006","E10000003","E07000008","E05013053"
"CB1 8DS",10,548217,256055,"E92000001","E19000001","E18000006","E10000003","E07000008","E05013053"
"CB1 8DT",10,548216,256124,"E92000001","E19000001","E18000006","E10000003","E07000008","E05013053"
"CB1 8DU",10,548122,256197,"E92000001","E19000001","E18000006","E10000003","E07000008","E05013053"
"CB1 8DW",10,548128,256440,"E92000001","E19000001","E18000006","E10000003","E07000008","E05013053"
"CB1 8DX",10,548372,256174,"E92000001","E19000001","E18000006","E10000003","E07000008","E05013053"
"CB1 8DY",10,547624,256512,"E92000001","E19000001","E18000006","E10000003","E07000008","E05013054"
"CB1 8DZ",10,547673,256497,"E92000001","E19000001","E18000006","E10000003","E07000008","E05013054"
"CB1 8EA",10,547812,256314,"E92000001","E19000001","E18000006","E10000003","E07000008","E05013053"
"CB1 8EB",10,547404,256487,"E92000001","E19000001","E18000006","E10000003","E07000008","E05013054"
"CB1 8ED",10,547926,256292,"E92000001","E19000001","E18000006","E10000003","E07000008","E05013053"
"CB1 8EE",10,547905,256239,"E92000001","E19000001","E18000006","E10000003","E07000008","E05013053"
"CB1 8EF",10,547825,256230,"E92000001","E19000001","E18000006","E10000003","E07000008","E05013053"
"CB1 8EG",10,547813,256254,"E92000001","E19000001","E18000006","E10000003","E07000008","E05013053"
"CB1 8HD",10,548290,256201,"E92000001","E19000001","E18000006","E10000003","E07000008","E05013053"
"CB1 8HQ",10,547717,256302,"E92000001","E19000001","E18000006","E10000003","E07000008","E05013054"
"CB1 8NJ",10,548160,255961,"E92000001","E19000001","E18000006","E10000003","E07000008","E05013053"
"CB1 8NL",10,548233,255953,"E92000001","E19000001","E18000006","E10000003","E07000008","E05013053"
"CB1 8NN",10,548100,255823,"E92000001","E19000001","E18000006","E10000003","E07000008","E05013060"
"CB1 8NP",10,547749,255924,"E92000001","E19000001","E18000006","E10000003","E07000008","E05013060"
"CB1 8NQ",10,548276,255753,"E92000001","E19000001","E18000006","E10000003","E07000008","E05013053"
"CB1 8NR",10,547765,255952,"E92000001","E19000001","E18000006","E10000003","E07000008","E05013060"
"CB1 8NS",10,547721,255642,"E92000001","E19000001","E18000006","E10000003","E07000008","E05013060"
"CB1 8NT",10,547616,255615,"E92000001","E19000001","E18000006","E10000003","E07000008","E05013060"
"CB1 8NU",10,547626,255503,"E92000001","E19000001","E18000006","E10000003","E07000008","E05013060"
"CB1 8NW",10,547717,255718,"E92000001","E19000001","E18000006","E10000003","E07000008","E05013060"
"CB1 8NX",10,547552,255556,"E92000001","E19000001","E18000006","E10000003","E07000008","E05013060"
"CB1 8NY",10,547706,255543,"E92000001","E19000001","E18000006","E10000003","E07000008","E05013060"
"CB1 8NZ",10,547475,255377,"E92000001","E19000001","E18000006","E10000003","E07000008","E05013060"
"CB1 8PA",10,547414,255378,"E92000001","E19000001","E18000006","E10000003","E07000008","E05013060"
"CB1 8PF",10,547767,256434,"E92000001","E19000001","E18000006","E10000003","E07000008","E05013054"
"CB1 8PG",10,547762,256509,"E92000001","E19000001","E18000006","E10000003","E07000008","E05013054"
"CB1 8PJ",10,547123,255681,"E92000001","E19000001","E18000006","E10000003","E07000008","E05013060"
"CB1 8PL",10,547529,255735,"E92000001","E19000001","E18000006","E10000003","E07000008","E05013060"
"CB1 8PP",10,547522,255686,"E92000001","E19000001","E18000006","E10000003","E07000008","E05013060"
"CB1 8PR",10,547669,255885,"E92000001","E19000001","E18000006","E10000003","E07000008","E05013060"
"CB1 8PS",10,547644,255852,"E92000001","E19000001","E18000006","E10000003","E07000008","E05013060"
"CB1 8PT",10,547799,255776,"E92000001","E19000001","E18000006","E10000003","E07000008","E05013060"
"CB1 8PU",10,547846,255563,"E92000001","E19000001","E18000006","E10000003","E07000008","E05013060"
"CB1 8PW",10,547227,255636,"E92000001","E19000001","E18000006","E10000003","E07000008","E05013060"
"CB1 8PX",10,547621,255318,"E92000001","E19000001","E18000006","E10000003","E07000008","E05013060"
"CB1 8PY",10,547797,255522,"E92000001","E19000001","E18000006","E10000003","E07000008","E05013060"
"CB1 8PZ",10,547603,255361,"E92000001","E19000001","E18000006","E10000003","E07000008","E05013060"
"CB1 8QA",10,547611,255399,"E92000001","E19000001","E18000006","E10000003","E07000008","E05013060"
"CB1 8QD",10,547321,255799,"E92000001","E19000001","E18000006","E10000003","E07000008","E05013060"
"CB1 8QH",10,547306,256183,"E92000001","E19000001","E18000006","E10000003","E07000008","E05013060"
"CB1 8QJ",10,547228,255826,"E92000001","E19000001","E18000006","E10000003","E07000008","E05013060"
"CB1 8QL",10,547341,256151,"E92000001","E19000001","E18000006","E10000003","E07000008","E05013060"
"CB1 8QN",10,547293,255864,"E92000001","E19000001","E18000006","E10000003","E07000008","E05013060"
"CB1 8QP",10,547396,255899,"E92000001","E19000001","E18000006","E10000003","E07000008","E05013060"
"CB1 8QR",10,547671,256050,"E92000001","E19000001","E18000006","E10000003","E07000008","E05013060"
"CB1 8QS",10,547392,256029,"E92000001","E19000001","E18000006","E10000003","E07000008","E05013060"
"CB1 8QT",10,547811,256026,"E92000001","E19000001","E18000006","E10000003","E07000008","E05013060"
"CB1 8QU",10,547843,256003,"E92000001","E19000001","E18000006","E10000003","E07000008","E05013060"
"CB1 8QW",10,547542,255967,"E92000001","E19000001","E18000006","E10000003","E07000008","E05013060"
"CB1 8QX",10,547748,256052,"E92000001","E19000001","E18000006","E10000003","E07000008","E05013060"
"CB1 8QY",10,547755,256158,"E92000001","E19000001","E18000006","E10000003","E07000008","E05013060"
"CB1 8QZ",10,547479,256199,"E92000001","E19000001","E18000006","E10000003","E07000008","E05013060"
"CB1 8RA",10,547697,256116,"E92000001","E19000001","E18000006","E10000003","E07000008","E05013060"
"CB1 8RB",10,547446,256165,"E92000001","E19000001","E18000006","E10000003","E07000008","E05013060"
"CB1 8RD",10,547551,256066,"E92000001","E19000001","E18000006","E10000003","E07000008","E05013060"
"CB1 8RE",10,547301,255770,"E92000001","E19000001","E18000006","E10000003","E07000008","E05013060"
"CB1 8RF",10,547444,256114,"E92000001","E19000001","E18000006","E10000003","E07000008","E05013060"
"CB1 8RG",10,547964,256197,"E92000001","E19000001","E18000006","E10000003","E07000008","E05013053"
"CB1 8RJ",10,547225,255045,"E92000001","E19000001","E18000006","E10000003","E07000008","E05013060"
"CB1 8RL",10,547257,254991,"E92000001","E19000001","E18000006","E10000003","E07000008","E05013060"
"CB1 8RN",10,547074,255014,"E92000001","E19000001","E18000006","E10000003","E07000008","E05013060"
"CB1 8RP",10,547279,255175,"E92000001","E19000001","E18000006","E10000003","E07000008","E05013060"
"CB1 8RQ",10,548069,256174,"E92000001","E19000001","E18000006","E10000003","E07000008","E05013053"
"CB1 8RR",10,547290,254928,"E92000001","E19000001","E18000006","E10000003","E07000008","E05013060"
"CB1 8RW",10,547187,255149,"E92000001","E19000001","E18000006","E10000003","E07000008","E05013060"
"CB1 8RX",10,547144,255222,"E92000001","E19000001","E18000006","E10000003","E07000008","E05013060"
"CB1 8SG",10,547166,255354,"E92000001","E19000001","E18000006","E10000003","E07000008","E05013060"
"CB1 8SH",10,547333,255368,"E92000001","E19000001","E18000006","E10000003","E07000008","E05013060"
"CB1 8SJ",10,547309,255430,"E92000001","E19000001","E18000006","E10000003","E07000008","E05013060"
"CB1 8SL",10,547307,255489,"E92000001","E19000001","E18000006","E10000003","E07000008","E05013060"
"CB1 8SN",10,547331,255587,"E92000001","E19000001","E18000006","E10000003","E07000008","E05013060"
"CB1 8SQ",10,547157,255561,"E92000001","E19000001","E18000006","E10000003","E07000008","E05013060"
"CB1 8TH",10,547195,255961,"E92000001","E19000001","E18000006","E10000003","E07000008","E05013060"
"CB1 8YU",10,547559,256272,"E92000001","E19000001","E18000006","E10000003","E07000008","E05013054"
"CB1 8ZQ",10,546182,257043,"E92000001","E19000001","E18000006","E10000003","E07000008","E05013054"
"CB1 9AD",10,549784,258198,"E92000001","E19000001","E18000006","E10000003","E07000012","E05011291"
"CB1 9AJ",10,550360,257601,"E92000001","E19000001","E18000006","E10000003","E07000012","E05011291"
"CB1 9AL",10,550474,257589,"E92000001","E19000001","E18000006","E10000003","E07000012","E05011291"
"CB1 9AN",10,550655,257186,"E92000001","E19000001","E18000006","E10000003","E07000012","E05011291"
"CB1 9AP",10,549824,258392,"E92000001","E19000001","E18000006","E10000003","E07000012","E05011291"
"CB1 9AQ",10,549717,258262,"E92000001","E19000001","E18000006","E10000003","E07000012","E05011291"
"CB1 9AR",10,549628,258260,"E92000001","E19000001","E18000006","E10000003","E07000012","E05011291"
"CB1 9AS",10,549938,258215,"E92000001","E19000001","E18000006","E10000003","E07000012","E05011291"
"CB1 9AT",10,550125,259341,"E92000001","E19000001","E18000006","E10000003","E07000012","E05011291"
"CB1 9AU",10,549681,258371,"E92000001","E19000001","E18000006","E10000003","E07000012","E05011291"
"CB1 9AX",10,549926,258042,"E92000001","E19000001","E18000006","E10000003","E07000012","E05011291"
"CB1 9AY",10,549962,257952,"E92000001","E19000001","E18000006","E10000003","E07000012","E05011291"
"CB1 9AZ",10,549612,258486,"E92000001","E19000001","E18000006","E10000003","E07000012","E05011291"
"CB1 9BD",10,549905,258149,"E92000001","E19000001","E18000006","E10000003","E07000012","E05011291"
"CB1 9BE",10,549258,256506,"E92000001","E19000001","E18000006","E10000003","E07000012","E05011291"
"CB1 9BF",10,549679,256545,"E92000001","E19000001","E18000006","E10000003","E07000012","E05011291"
"CB1 9BG",10,549501,258448,"E92000001","E19000001","E18000006","E10000003","E07000012","E05011291"
"CB1 9BH",10,549501,258337,"E92000001","E19000001","E18000006","E10000003","E07000012","E05011291"
"CB1 9BJ",10,550116,257996,"E92000001","E19000001","E18000006","E10000003","E07000012","E05011291"
"CB1 9BN",10,549803,258260,"E92000001","E19000001","E18000006","E10000003","E07000012","E05011291"
"CB1 9BQ",10,548892,256085,"E92000001","E19000001","E18000006","E10000003","E07000008","E05013053"
"CB1 9BT",10,549874,258225,"E92000001","E19000001","E18000006","E10000003","E07000012","E05011291"
"CB1 9BU",10,548880,256573,"E92000001","E19000001","E18000006","E10000003","E07000008","E05013053"
"CB1 9BX",10,548893,256603,"E92000001","E19000001","E18000006","E10000003","E07000008","E05013053"
"CB1 9BY",10,548843,256571,"E92000001","E19000001","E18000006","E10000003","E07000008","E05013053"
"CB1 9BZ",50,548893,256603,"E92000001","E19000001","E18000006","E10000003","E07000008","E05013053"
"CB1 9DA",10,548792,256669,"E92000001","E19000001","E18000006","E10000003","E07000008","E05013053"
"CB1 9DB",10,548733,256577,"E92000001","E19000001","E18000006","E10000003","E07000008","E05013053"
"CB1 9EH",10,549029,256531,"E92000001","E19000001","E18000006","E10000003","E07000008","E05013053"
"CB1 9EJ",10,549053,256492,"E92000001","E19000001","E18000006","E10000003","E07000008","E05013053"
"CB1 9EL",10,548973,256570,"E92000001","E19000001","E18000006","E10000003","E07000008","E05013053"
"CB1 9EN",10,549206,256373,"E92000001","E19000001","E18000006","E10000003","E07000008","E05013053"
"CB1 9EP",10,549171,256345,"E92000001","E19000001","E18000006","E10000003","E07000008","E05013053"
"CB1 9ER",10,549036,256398,"E92000001","E19000001","E18000006","E10000003","E07000008","E05013053"
"CB1 9ES",10,549082,256393,"E92000001","E19000001","E18000006","E10000003","E07000008","E05013053"
"CB1 9ET",10,548996,256385,"E92000001","E19000001","E18000006","E10000003","E07000008","E05013053"
"CB1 9EU",10,549093,256295,"E92000001","E19000001","E18000006","E10000003","E07000008","E05013053"
"CB1 9EW",10,549151,256526,"E92000001","E19000001","E18000006","E10000003","E07000008","E05013053"
"CB1 9EX",10,549063,256260,"E92000001","E19000001","E18000006","E10000003","E07000008","E05013053"
"CB1 9EY",10,549139,256342,"E92000001","E19000001","E18000006","E10000003","E07000008","E05013053"
"CB1 9EZ",10,549066,256223,"E92000001","E19000001","E18000006","E10000003","E07000008","E05013053"
"CB1 9GD",10,548859,256255,"E92000001","E19000001","E18000006","E10000003","E07000008","E05013053"
"CB1 9GE",10,549450,257187,"E92000001","E19000001","E18000006","E10000003","E07000012","E05011291"
"CB1 9GF",10,549499,257075,"E92000001","E19000001","E18000006","E10000003","E07000012","E05011291"
"CB1 9GG",10,549600,257017,"E92000001","E19000001","E18000006","E10000003","E07000012","E05011291"
"CB1 9GH",10,549560,256929,"E92000001","E19000001","E18000006","E10000003","E07000012","E05011291"
"CB1 9GJ",10,549479,256926,"E92000001","E19000001","E18000006","E10000003","E07000012","E05011291"
"CB1 9GP",10,549258,257232,"E92000001","E19000001","E18000006","E10000003","E07000012","E05011291"
"CB1 9GQ",10,549485,256815,"E92000001","E19000001","E18000006","E10000003","E07000012","E05011291"
"CB1 9GR",10,549394,257365,"E92000001","E19000001","E18000006","E10000003","E07000012","E05011291"
"CB1 9GS",10,549340,257370,"E92000001","E19000001","E18000006","E10000003","E07000012","E05011291"
"CB1 9GT",10,549357,257279,"E92000001","E19000001","E18000006","E10000003","E07000012","E05011291"
"CB1 9GU",10,549291,257367,"E92000001","E19000001","E18000006","E10000003","E07000012","E05011291"
"CB1 9HA",10,549072,256176,"E92000001","E19000001","E18000006","E10000003","E07000008","E05013053"
"CB1 9HB",10,548944,256343,"E92000001","E19000001","E18000006","E10000003","E07000008","E05013053"
"CB1 9HD",10,548737,256256,"E92000001","E19000001","E18000006","E10000003","E07000008","E05013053"
"CB1 9HE",10,548835,256254,"E92000001","E19000001","E18000006","E10000003","E07000008","E05013053"
"CB1 9HH",10,548969,256977,"E92000001","E19000001","E18000006","E10000003","E07000008","E05013053"
"CB1 9HJ",10,548881,256777,"E92000001","E19000001","E18000006","E10000003","E07000008","E05013053"
"CB1 9HL",10,549007,256609,"E92000001","E19000001","E18000006","E10000003","E07000008","E05013053"
"CB1 9HN",10,549087,256652,"E92000001","E19000001","E18000006","E10000003","E07000008","E05013053"
"CB1 9HP",10,549127,256643,"E92000001","E19000001","E18000006","E10000003","E07000008","E05013053"
"CB1 9HR",10,548955,256595,"E92000001","E19000001","E18000006","E10000003","E07000008","E05013053"
"CB1 9HS",10,548587,256495,"E92000001","E19000001","E18000006","E10000003","E07000008","E05013053"
"CB1 9HT",10,548740,256621,"E92000001","E19000001","E18000006","E10000003","E07000008","E05013053"
"CB1 9HU",10,548693,256626,"E92000001","E19000001","E18000006","E10000003","E07000008","E05013053"
"CB1 9HW",10,549107,256586,"E92000001","E19000001","E18000006","E10000003","E07000008","E05013053"
"CB1 9HX",10,548651,256488,"E92000001","E19000001","E18000006","E10000003","E07000008","E05013053"
"CB1 9HY",10,548590,256302,"E92000001","E19000001","E18000006","E10000003","E07000008","E05013053"
"CB1 9HZ",10,548651,256391,"E92000001","E19000001","E18000006","E10000003","E07000008","E05013053"
"CB1 9JA",10,548429,256371,"E92000001","E19000001","E18000006","E10000003","E07000008","E05013053"
"CB1 9JB",10,548416,256337,"E92000001","E19000001","E18000006","E10000003","E07000008","E05013053"
"CB1 9JD",10,548415,256292,"E92000001","E19000001","E18000006","E10000003","E07000008","E05013053"
"CB1 9JE",10,548536,256280,"E92000001","E19000001","E18000006","E10000003","E07000008","E05013053"
"CB1 9JF",10,548676,256279,"E92000001","E19000001","E18000006","E10000003","E07000008","E05013053"
"CB1 9JG",10,548916,256734,"E92000001","E19000001","E18000006","E10000003","E07000008","E05013053"
"CB1 9JH",10,548998,256680,"E92000001","E19000001","E18000006","E10000003","E07000008","E05013053"
"CB1 9JJ",10,548716,256462,"E92000001","E19000001","E18000006","E10000003","E07000008","E05013053"
"CB1 9JL",10,548772,256159,"E92000001","E19000001","E18000006","E10000003","E07000008","E05013053"
"CB1 9JN",10,548773,256104,"E92000001","E19000001","E18000006","E10000003","E07000008","E05013053"
"CB1 9JP",10,548525,256510,"E92000001","E19000001","E18000006","E10000003","E07000008","E05013053"
"CB1 9JQ",10,548943,256660,"E92000001","E19000001","E18000006","E10000003","E07000008","E05013053"
"CB1 9JR",10,548537,256683,"E92000001","E19000001","E18000006","E10000003","E07000008","E05013053"
"CB1 9JS",10,548594,256588,"E92000001","E19000001","E18000006","E10000003","E07000008","E05013053"
"CB1 9JT",10,548688,256063,"E92000001","E19000001","E18000006","E10000003","E07000008","E05013053"
"CB1 9JU",10,548808,256056,"E92000001","E19000001","E18000006","E10000003","E07000008","E05013053"
"CB1 9JW",10,548487,256456,"E92000001","E19000001","E18000006","E10000003","E07000008","E05013053"
"CB1 9JX",10,548691,256887,"E92000001","E19000001","E18000006","E10000003","E07000008","E05013053"
"CB1 9JY",10,548771,256890,"E92000001","E19000001","E18000006","E10000003","E07000008","E05013053"
"CB1 9JZ",10,548651,256822,"E92000001","E19000001","E18000006","E10000003","E07000008","E05013053"
"CB1 9LB",10,548484,256661,"E92000001","E19000001","E18000006","E10000003","E07000008","E05013053"
"CB1 9LD",10,548398,256612,"E92000001","E19000001","E18000006","E10000003","E07000008","E05013053"
"CB1 9LE",10,548528,256745,"E92000001","E19000001","E18000006","E10000003","E07000008","E05013053"
"CB1 9LF",10,548470,256829,"E92000001","E19000001","E18000006","E10000003","E07000008","E05013053"
"CB1 9LG",10,548418,256818,"E92000001","E19000001","E18000006","E10000003","E07000008","E05013053"
"CB1 9LH",10,548418,256456,"E92000001","E19000001","E18000006","E10000003","E07000008","E05013053"
"CB1 9LJ",10,549495,256695,"E92000001","E19000001","E18000006","E10000003","E07000012","E05011291"
"CB1 9LL",10,548782,256974,"E92000001","E19000001","E18000006","E10000003","E07000008","E05013053"
"CB1 9LN",10,548916,256988,"E92000001","E19000001","E18000006","E10000003","E07000008","E05013053"
"CB1 9LP",10,549008,257000,"E92000001","E19000001","E18000006","E10000003","E07000008","E05013053"
"CB1 9LQ",10,548457,256741,"E92000001","E19000001","E18000006","E10000003","E07000008","E05013053"
"CB1 9LR",10,549554,256685,"E92000001","E19000001","E18000006","E10000003","E07000012","E05011291"
"CB1 9LS",10,549870,256686,"E92000001","E19000001","E18000006","E10000003","E07000012","E05011291"
"CB1 9LT",10,550177,256823,"E92000001","E19000001","E18000006","E10000003","E07000012","E05011291"
"CB1 9LU",10,548821,256771,"E92000001","E19000001","E18000006","E10000003","E07000008","E05013053"
"CB1 9LW",10,548861,257024,"E92000001","E19000001","E18000006","E10000003","E07000008","E05013053"
"CB1 9LX",10,548650,256719,"E92000001","E19000001","E18000006","E10000003","E07000008","E05013053"
"CB1 9LY",10,548549,256824,"E92000001","E19000001","E18000006","E10000003","E07000008","E05013053"
"CB1 9LZ",10,548622,256834,"E92000001","E19000001","E18000006","E10000003","E07000008","E05013053"
"CB1 9NA",10,548594,256659,"E92000001","E19000001","E18000006","E10000003","E07000008","E05013053"
"CB1 9NB",10,548826,256980,"E92000001","E19000001","E18000006","E10000003","E07000008","E05013053"
"CB1 9ND",10,549267,256898,"E92000001","E19000001","E18000006","E10000003","E07000008","E05013053"
"CB1 9NE",10,549203,256908,"E92000001","E19000001","E18000006","E10000003","E07000008","E05013053"
"CB1 9NF",10,549246,256797,"E92000001","E19000001","E18000006","E10000003","E07000012","E05011291"
"CB1 9NH",10,548442,256110,"E92000001","E19000001","E18000006","E10000003","E07000008","E05013053"
"CB1 9NJ",10,549067,255960,"E92000001","E19000001","E18000006","E10000003","E07000008","E05013053"
"CB1 9NU",10,548715,256357,"E92000001","E19000001","E18000006","E10000003","E07000008","E05013053"
"CB1 9PB",10,548515,256975,"E92000001","E19000001","E18000006","E10000003","E07000008","E05013053"
"CB1 9PD",10,548456,256983,"E92000001","E19000001","E18000006","E10000003","E07000008","E05013053"
"CB1 9PQ",10,548586,256553,"E92000001","E19000001","E18000006","E10000003","E07000008","E05013053"
"CB1 9QF",10,548660,256558,"E92000001","E19000001","E18000006","E10000003","E07000008","E05013053"
"CB1 9SA",10,549309,256640,"E92000001","E19000001","E18000006","E10000003","E07000008","E05013053"
"CB1 9SB",10,549240,256680,"E92000001","E19000001","E18000006","E10000003","E07000012","E05011291"
"CB1 9SD",10,549246,256594,"E92000001","E19000001","E18000006","E10000003","E07000008","E05013053"
"CB1 9TN",10,549397,257231,"E92000001","E19000001","E18000006","E10000003","E07000012","E05011291"
"CB1 9TU",10,546826,256369,"E92000001","E19000001","E18000006","E10000003","E07000008","E05013060"
"CB1 9XF",10,549360,257446,"E92000001","E19000001","E18000006","E10000003","E07000012","E05011291"
"CB1 9XG",10,549423,257487,"E92000001","E19000001","E18000006","E10000003","E07000012","E05011291"
"CB1 9XH",10,549434,257332,"E92000001","E19000001","E18000006","E10000003","E07000012","E05011291"
"CB1 9XJ",10,549547,257366,"E92000001","E19000001","E18000006","E10000003","E07000012","E05011291"
"CB1 9XL",10,549517,257321,"E92000001","E19000001","E18000006","E10000003","E07000012","E05011291"
"CB1 9XN",10,549213,256980,"E92000001","E19000001","E18000006","E10000003","E07000008","E05013053"
"CB1 9XP",10,549253,257028,"E92000001","E19000001","E18000006","E10000003","E07000008","E05013053"
"CB1 9XQ",10,549522,257230,"E92000001","E19000001","E18000006","E10000003","E07000012","E05011291"
"CB1 9XR",10,549211,257081,"E92000001","E19000001","E18000006","E10000003","E07000008","E05013053"
"CB1 9XS",10,549088,257085,"E92000001","E19000001","E18000006","E10000003","E07000008","E05013053"
"CB1 9XT",10,549164,257145,"E92000001","E19000001","E18000006","E10000003","E07000008","E05013053"
"CB1 9XU",10,549292,257143,"E92000001","E19000001","E18000006","E10000003","E07000008","E05013053"
"CB1 9XW",10,549153,257027,"E92000001","E19000001","E18000006","E10000003","E07000008","E05013053"
"CB1 9XX",10,549348,257032,"E92000001","E19000001","E18000006","E10000003","E07000008","E05013053"
"CB1 9XY",10,549292,256953,"E92000001","E19000001","E18000006","E10000003","E07000008","E05013053"
"CB1 9XZ",10,549589,257200,"E92000001","E19000001","E18000006","E10000003","E07000012","E05011291"
"CB1 9YA",10,549119,256830,"E92000001","E19000001","E18000006","E10000003","E07000008","E05013053"
"CB1 9YB",10,549155,256783,"E92000001","E19000001","E18000006","E10000003","E07000008","E05013053"
"CB1 9YD",10,549184,256858,"E92000001","E19000001","E18000006","E10000003","E07000008","E05013053"
"CB1 9YE",10,549116,256921,"E92000001","E19000001","E18000006","E10000003","E07000008","E05013053"
"CB1 9YF",10,549217,256830,"E92000001","E19000001","E18000006","E10000003","E07000008","E05013053"
"CB1 9YG",10,549060,256952,"E92000001","E19000001","E18000006","E10000003","E07000008","E05013053"
"CB1 9YH",10,549381,256170,"E92000001","E19000001","E18000006","E10000003","E07000012","E05011291"
"CB1 9YJ",10,549421,256277,"E92000001","E19000001","E18000006","E10000003","E07000012","E05011291"
"CB1 9YL",10,549297,256239,"E92000001","E19000001","E18000006","E10000003","E07000012","E05011291"
"CB1 9YN",10,549414,256353,"E92000001","E19000001","E18000006","E10000003","E07000012","E05011291"
"CB1 9YP",10,549433,256440,"E92000001","E19000001","E18000006","E10000003","E07000012","E05011291"
"CB1 9YQ",10,549050,256857,"E92000001","E19000001","E18000006","E10000003","E07000008","E05013053"
"CB1 9YR",10,549306,256504,"E92000001","E19000001","E18000006","E10000003","E07000012","E05011291"
"CB1 9YS",10,549391,256603,"E92000001","E19000001","E18000006","E10000003","E07000012","E05011291"
"CB1 9YT",10,549375,256395,"E92000001","E19000001","E18000006","E10000003","E07000012","E05011291"
"CB1 9YW",10,549292,256355,"E92000001","E19000001","E18000006","E10000003","E07000012","E05011291"
"CB1 9YX",10,549305,257180,"E92000001","E19000001","E18000006","E10000003","E07000012","E05011291"
"CB1 9YY",10,549366,257136,"E92000001","E19000001","E18000006","E10000003","E07000012","E05011291"
"CB1 9YZ",10,549433,256590,"E92000001","E19000001","E18000006","E10000003","E07000012","E05011291"
"CB10 1AA",10,553740,238266,"E92000001","E19000001","E18000006","E10000012","E07000077","E05009923"
"CB10 1AB",10,550163,244486,"E92000001","E19000001","E18000006","E10000003","E07000012","E05014169"
"CB10 1AD",10,553773,238281,"E92000001","E19000001","E18000006","E10000012","E07000077","E05009923"
"CB10 1AE",10,553693,238374,"E92000001","E19000001","E18000006","E10000012","E07000077","E05009923"
"CB10 1AF",10,553716,238386,"E92000001","E19000001","E18000006","E10000012","E07000077","E05009923"
"CB10 1AG",10,553596,238349,"E92000001","E19000001","E18000006","E10000012","E07000077","E05009923"
"CB10 1AH",10,553647,238254,"E92000001","E19000001","E18000006","E10000012","E07000077","E05009923"
"CB10 1AJ",10,553567,238240,"E92000001","E19000001","E18000006","E10000012","E07000077","E05009923"
"CB10 1AL",10,553632,238288,"E92000001","E19000001","E18000006","E10000012","E07000077","E05009923"
"CB10 1AN",10,553641,238273,"E92000001","E19000001","E18000006","E10000012","E07000077","E05009923"
"CB10 1AP",10,553730,238158,"E92000001","E19000001","E18000006","E10000012","E07000077","E05009923"
"CB10 1AR",10,553697,238397,"E92000001","E19000001","E18000006","E10000012","E07000077","E05009923"
"CB10 1AS",10,553688,238427,"E92000001","E19000001","E18000006","E10000012","E07000077","E05009923"
"CB10 1AT",10,553665,238508,"E92000001","E19000001","E18000006","E10000012","E07000077","E05009923"
"CB10 1AU",10,553640,238510,"E92000001","E19000001","E18000006","E10000012","E07000077","E05009923"
"CB10 1AW",10,553681,238086,"E92000001","E19000001","E18000006","E10000012","E07000077","E05009923"
"CB10 1AX",10,553705,238480,"E92000001","E19000001","E18000006","E10000012","E07000077","E05009923"
"CB10 1AY",10,553656,238556,"E92000001","E19000001","E18000006","E10000012","E07000077","E05009924"
"CB10 1AZ",10,553665,238542,"E92000001","E19000001","E18000006","E10000012","E07000077","E05009924"
"CB10 1BB",10,553577,238577,"E92000001","E19000001","E18000006","E10000012","E07000077","E05009923"
"CB10 1BD",10,553684,238680,"E92000001","E19000001","E18000006","E10000012","E07000077","E05009924"
"CB10 1BE",10,553651,238700,"E92000001","E19000001","E18000006","E10000012","E07000077","E05009924"
"CB10 1BG",10,553676,238695,"E92000001","E19000001","E18000006","E10000012","E07000077","E05009924"
"CB10 1BH",10,553926,238753,"E92000001","E19000001","E18000006","E10000012","E07000077","E05009924"
"CB10 1BJ",10,553855,238752,"E92000001","E19000001","E18000006","E10000012","E07000077","E05009924"
"CB10 1BN",10,553777,238681,"E92000001","E19000001","E18000006","E10000012","E07000077","E05009924"
"CB10 1BP",10,553696,238660,"E92000001","E19000001","E18000006","E10000012","E07000077","E05009924"
"CB10 1BQ",10,553856,238800,"E92000001","E19000001","E18000006","E10000012","E07000077","E05009924"
"CB10 1BS",10,553561,238633,"E92000001","E19000001","E18000006","E10000012","E07000077","E05009923"
"CB10 1BT",10,553508,238700,"E92000001","E19000001","E18000006","E10000012","E07000077","E05009923"
"CB10 1BU",10,553559,238677,"E92000001","E19000001","E18000006","E10000012","E07000077","E05009924"
"CB10 1BW",10,553784,238689,"E92000001","E19000001","E18000006","E10000012","E07000077","E05009924"
"CB10 1BX",10,553301,238701,"E92000001","E19000001","E18000006","E10000012","E07000077","E05009923"
"CB10 1BY",10,553501,238605,"E92000001","E19000001","E18000006","E10000012","E07000077","E05009923"
"CB10 1BZ",10,553455,238551,"E92000001","E19000001","E18000006","E10000012","E07000077","E05009923"
"CB10 1DA",10,553602,238430,"E92000001","E19000001","E18000006","E10000012","E07000077","E05009923"
"CB10 1DB",10,553565,238393,"E92000001","E19000001","E18000006","E10000012","E07000077","E05009923"
"CB10 1DE",10,553538,238357,"E92000001","E19000001","E18000006","E10000012","E07000077","E05009923"
"CB10 1DG",10,553429,238308,"E92000001","E19000001","E18000006","E10000012","E07000077","E05009923"
"CB10 1DH",10,553475,238380,"E92000001","E19000001","E18000006","E10000012","E07000077","E05009923"
"CB10 1DQ",10,553513,238557,"E92000001","E19000001","E18000006","E10000012","E07000077","E05009923"
"CB10 1DR",10,550046,244382,"E92000001","E19000001","E18000006","E10000003","E07000012","E05014169"
"CB10 1DS",10,553815,238238,"E92000001","E19000001","E18000006","E10000012","E07000077","E05009923"
"CB10 1DT",10,553928,238406,"E92000001","E19000001","E18000006","E10000012","E07000077","E05009923"
"CB10 1DX",10,553890,238214,"E92000001","E19000001","E18000006","E10000012","E07000077","E05009923"
"CB10 1DY",10,553814,238204,"E92000001","E19000001","E18000006","E10000012","E07000077","E05009923"
"CB10 1DZ",10,553767,238125,"E92000001","E19000001","E18000006","E10000012","E07000077","E05009923"
"CB10 1EA",10,553794,238120,"E92000001","E19000001","E18000006","E10000012","E07000077","E05009923"
"CB10 1EB",10,553833,238109,"E92000001","E19000001","E18000006","E10000012","E07000077","E05009923"
"CB10 1ED",10,553910,238432,"E92000001","E19000001","E18000006","E10000012","E07000077","E05009923"
"CB10 1EE",10,553763,238317,"E92000001","E19000001","E18000006","E10000012","E07000077","E05009923"
"CB10 1EF",10,553759,238337,"E92000001","E19000001","E18000006","E10000012","E07000077","E05009923"
"CB10 1EG",10,553804,238250,"E92000001","E19000001","E18000006","E10000012","E07000077","E05009923"
"CB10 1EH",10,553923,238440,"E92000001","E19000001","E18000006","E10000012","E07000077","E05009923"
"CB10 1EJ",10,553827,238291,"E92000001","E19000001","E18000006","E10000012","E07000077","E05009923"
"CB10 1EN",10,553825,238362,"E92000001","E19000001","E18000006","E10000012","E07000077","E05009923"
"CB10 1EP",10,553730,238403,"E92000001","E19000001","E18000006","E10000012","E07000077","E05009923"
"CB10 1EQ",10,553778,238383,"E92000001","E19000001","E18000006","E10000012","E07000077","E05009923"
"CB10 1ER",10,553746,238423,"E92000001","E19000001","E18000006","E10000012","E07000077","E05009923"
"CB10 1ES",10,553778,238484,"E92000001","E19000001","E18000006","E10000012","E07000077","E05009923"
"CB10 1EU",10,553757,238440,"E92000001","E19000001","E18000006","E10000012","E07000077","E05009923"
"CB10 1EW",10,553763,238404,"E92000001","E19000001","E18000006","E10000012","E07000077","E05009923"
"CB10 1EX",10,553799,238439,"E92000001","E19000001","E18000006","E10000012","E07000077","E05009923"
"CB10 1FA",10,553768,238500,"E92000001","E19000001","E18000006","E10000012","E07000077","E05009923"
"CB10 1FD",10,553942,238473,"E92000001","E19000001","E18000006","E10000012","E07000077","E05009923"
"CB10 1FE",10,550687,244527,"E92000001","E19000001","E18000006","E10000012","E07000077","E05009921"
"CB10 1FF",10,551256,242780,"E92000001","E19000001","E18000006","E10000012","E07000077","E05009921"
"CB10 1FG",10,550558,242432,"E92000001","E19000001","E18000006","E10000012","E07000077","E05009921"
"CB10 1FH",10,554041,238479,"E92000001","E19000001","E18000006","E10000012","E07000077","E05009925"
"CB10 1FJ",10,553998,238324,"E92000001","E19000001","E18000006","E10000012","E07000077","E05009923"
"CB10 1FN",50,553998,238324,"E92000001","E19000001","E18000006","E10000012","E07000077","E05009923"
"CB10 1FP",10,553629,238455,"E92000001","E19000001","E18000006","E10000012","E07000077","E05009923"
"CB10 1FQ",10,550783,242233,"E92000001","E19000001","E18000006","E10000012","E07000077","E05009921"
"CB10 1FR",10,550826,242187,"E92000001","E19000001","E18000006","E10000012","E07000077","E05009921"
"CB10 1FS",10,550685,242305,"E92000001","E19000001","E18000006","E10000012","E07000077","E05009921"
"CB10 1FT",10,550711,242248,"E92000001","E19000001","E18000006","E10000012","E07000077","E05009921"
"CB10 1FU",10,550909,242235,"E92000001","E19000001","E18000006","E10000012","E07000077","E05009921"
"CB10 1FW",10,551208,243078,"E92000001","E19000001","E18000006","E10000012","E07000077","E05009921"
"CB10 1HA",10,553827,238454,"E92000001","E19000001","E18000006","E10000012","E07000077","E05009923"
"CB10 1HB",10,553866,238471,"E92000001","E19000001","E18000006","E10000012","E07000077","E05009923"
"CB10 1HD",10,553830,238464,"E92000001","E19000001","E18000006","E10000012","E07000077","E05009923"
"CB10 1HE",10,553839,238481,"E92000001","E19000001","E18000006","E10000012","E07000077","E05009923"
"CB10 1HF",10,553853,238485,"E92000001","E19000001","E18000006","E10000012","E07000077","E05009923"
"CB10 1HG",10,553801,238494,"E92000001","E19000001","E18000006","E10000012","E07000077","E05009923"
"CB10 1HJ",10,553870,238566,"E92000001","E19000001","E18000006","E10000012","E07000077","E05009923"
"CB10 1HL",10,553913,238583,"E92000001","E19000001","E18000006","E10000012","E07000077","E05009923"
"CB10 1HP",10,553808,238513,"E92000001","E19000001","E18000006","E10000012","E07000077","E05009923"
"CB10 1HQ",10,553849,238566,"E92000001","E19000001","E18000006","E10000012","E07000077","E05009923"
"CB10 1HR",10,553894,238548,"E92000001","E19000001","E18000006","E10000012","E07000077","E05009923"
"CB10 1HX",10,553909,238498,"E92000001","E19000001","E18000006","E10000012","E07000077","E05009923"
"CB10 1HY",10,553866,238471,"E92000001","E19000001","E18000006","E10000012","E07000077","E05009923"
"CB10 1HZ",10,553918,238489,"E92000001","E19000001","E18000006","E10000012","E07000077","E05009923"
"CB10 1JB",10,553908,238508,"E92000001","E19000001","E18000006","E10000012","E07000077","E05009923"
"CB10 1JD",10,553901,238459,"E92000001","E19000001","E18000006","E10000012","E07000077","E05009923"
"CB10 1JF",10,553792,238619,"E92000001","E19000001","E18000006","E10000012","E07000077","E05009924"
"CB10 1JG",10,553936,238601,"E92000001","E19000001","E18000006","E10000012","E07000077","E05009923"
"CB10 1JH",10,553952,238544,"E92000001","E19000001","E18000006","E10000012","E07000077","E05009923"
"CB10 1JJ",10,553851,238639,"E92000001","E19000001","E18000006","E10000012","E07000077","E05009924"
"CB10 1JL",10,553801,238629,"E92000001","E19000001","E18000006","E10000012","E07000077","E05009924"
"CB10 1JN",10,553820,238623,"E92000001","E19000001","E18000006","E10000012","E07000077","E05009924"
"CB10 1JP",10,553724,238575,"E92000001","E19000001","E18000006","E10000012","E07000077","E05009924"
"CB10 1JQ",10,553880,238630,"E92000001","E19000001","E18000006","E10000012","E07000077","E05009924"
"CB10 1JS",10,553738,238510,"E92000001","E19000001","E18000006","E10000012","E07000077","E05009923"
"CB10 1JW",10,553777,238561,"E92000001","E19000001","E18000006","E10000012","E07000077","E05009923"
"CB10 1JZ",10,553847,238435,"E92000001","E19000001","E18000006","E10000012","E07000077","E05009923"
"CB10 1LD",10,553657,238496,"E92000001","E19000001","E18000006","E10000012","E07000077","E05009923"
"CB10 1LL",10,554090,238423,"E92000001","E19000001","E18000006","E10000012","E07000077","E05009925"
"CB10 1LN",10,554073,238366,"E92000001","E19000001","E18000006","E10000012","E07000077","E05009925"
"CB10 1LP",10,554152,238381,"E92000001","E19000001","E18000006","E10000012","E07000077","E05009925"
"CB10 1LR",10,554318,238420,"E92000001","E19000001","E18000006","E10000012","E07000077","E05009925"
"CB10 1LS",10,554125,238447,"E92000001","E19000001","E18000006","E10000012","E07000077","E05009925"
"CB10 1LT",10,554332,238456,"E92000001","E19000001","E18000006","E10000012","E07000077","E05009925"
"CB10 1LU",10,553989,238485,"E92000001","E19000001","E18000006","E10000012","E07000077","E05009925"
"CB10 1LW",10,554116,238371,"E92000001","E19000001","E18000006","E10000012","E07000077","E05009925"
"CB10 1LZ",10,554043,238379,"E92000001","E19000001","E18000006","E10000012","E07000077","E05009925"
"CB10 1NA",10,553951,238309,"E92000001","E19000001","E18000006","E10000012","E07000077","E05009923"
"CB10 1NB",10,554333,238375,"E92000001","E19000001","E18000006","E10000012","E07000077","E05009925"
"CB10 1NG",10,553676,238337,"E92000001","E19000001","E18000006","E10000012","E07000077","E05009923"
"CB10 1NN",10,550688,242858,"E92000001","E19000001","E18000006","E10000012","E07000077","E05009921"
"CB10 1NP",10,550637,242780,"E92000001","E19000001","E18000006","E10000012","E07000077","E05009921"
"CB10 1NQ",10,553897,238257,"E92000001","E19000001","E18000006","E10000012","E07000077","E05009923"
"CB10 1NR",10,550620,243017,"E92000001","E19000001","E18000006","E10000012","E07000077","E05009921"
"CB10 1NS",10,550511,242990,"E92000001","E19000001","E18000006","E10000012","E07000077","E05009921"
"CB10 1NT",10,550525,243010,"E92000001","E19000001","E18000006","E10000012","E07000077","E05009921"
"CB10 1NU",10,550498,243073,"E92000001","E19000001","E18000006","E10000012","E07000077","E05009921"
"CB10 1NW",10,550797,242770,"E92000001","E19000001","E18000006","E10000012","E07000077","E05009921"
"CB10 1NX",10,550240,242598,"E92000001","E19000001","E18000006","E10000012","E07000077","E05009921"
"CB10 1NY",10,550550,242507,"E92000001","E19000001","E18000006","E10000012","E07000077","E05009921"
"CB10 1NZ",10,550724,242889,"E92000001","E19000001","E18000006","E10000012","E07000077","E05009921"
"CB10 1PA",10,550561,242934,"E92000001","E19000001","E18000006","E10000012","E07000077","E05009921"
"CB10 1PB",10,550801,242793,"E92000001","E19000001","E18000006","E10000012","E07000077","E05009921"
"CB10 1PD",10,550435,242584,"E92000001","E19000001","E18000006","E10000012","E07000077","E05009921"
"CB10 1PE",10,550425,242690,"E92000001","E19000001","E18000006","E10000012","E07000077","E05009921"
"CB10 1PF",10,550332,242637,"E92000001","E19000001","E18000006","E10000012","E07000077","E05009921"
"CB10 1PG",10,550401,242558,"E92000001","E19000001","E18000006","E10000012","E07000077","E05009921"
"CB10 1PH",10,550801,242873,"E92000001","E19000001","E18000006","E10000012","E07000077","E05009921"
"CB10 1PJ",10,550959,242732,"E92000001","E19000001","E18000006","E10000012","E07000077","E05009921"
"CB10 1PL",10,551096,242895,"E92000001","E19000001","E18000006","E10000012","E07000077","E05009921"
"CB10 1PN",10,551065,242805,"E92000001","E19000001","E18000006","E10000012","E07000077","E05009921"
"CB10 1PP",10,551052,242912,"E92000001","E19000001","E18000006","E10000012","E07000077","E05009921"
"CB10 1PR",10,551028,242870,"E92000001","E19000001","E18000006","E10000012","E07000077","E05009921"
"CB10 1PS",10,551038,243349,"E92000001","E19000001","E18000006","E10000012","E07000077","E05009921"
"CB10 1PT",10,550955,243249,"E92000001","E19000001","E18000006","E10000012","E07000077","E05009921"
"CB10 1PU",10,550824,243059,"E92000001","E19000001","E18000006","E10000012","E07000077","E05009921"
"CB10 1PW",10,551084,242770,"E92000001","E19000001","E18000006","E10000012","E07000077","E05009921"
"CB10 1PX",10,550766,243143,"E92000001","E19000001","E18000006","E10000012","E07000077","E05009921"
"CB10 1PY",10,550874,243171,"E92000001","E19000001","E18000006","E10000012","E07000077","E05009921"
"CB10 1PZ",10,550943,243145,"E92000001","E19000001","E18000006","E10000012","E07000077","E05009921"
"CB10 1QA",10,550976,242992,"E92000001","E19000001","E18000006","E10000012","E07000077","E05009921"
"CB10 1QB",10,551098,243131,"E92000001","E19000001","E18000006","E10000012","E07000077","E05009921"
"CB10 1QD",10,551070,243154,"E92000001","E19000001","E18000006","E10000012","E07000077","E05009921"
"CB10 1QE",10,550989,243138,"E92000001","E19000001","E18000006","E10000012","E07000077","E05009921"
"CB10 1QF",10,550911,243279,"E92000001","E19000001","E18000006","E10000012","E07000077","E05009921"
"CB10 1QG",10,550910,242929,"E92000001","E19000001","E18000006","E10000012","E07000077","E05009921"
"CB10 1QH",10,551026,242960,"E92000001","E19000001","E18000006","E10000012","E07000077","E05009921"
"CB10 1QJ",10,553688,238427,"E92000001","E19000001","E18000006","E10000012","E07000077","E05009923"
"CB10 1QL",10,550970,243068,"E92000001","E19000001","E18000006","E10000012","E07000077","E05009921"
"CB10 1QN",10,550816,242721,"E92000001","E19000001","E18000006","E10000012","E07000077","E05009921"
"CB10 1QP",10,550727,242451,"E92000001","E19000001","E18000006","E10000012","E07000077","E05009921"
"CB10 1QQ",10,550958,243021,"E92000001","E19000001","E18000006","E10000012","E07000077","E05009921"
"CB10 1QR",10,550604,242371,"E92000001","E19000001","E18000006","E10000012","E07000077","E05009921"
"CB10 1QT",10,553688,238427,"E92000001","E19000001","E18000006","E10000012","E07000077","E05009923"
"CB10 1QY",10,549581,245193,"E92000001","E19000001","E18000006","E10000003","E07000012","E05014169"
"CB10 1QZ",10,549754,245020,"E92000001","E19000001","E18000006","E10000003","E07000012","E05014169"
"CB10 1RA",10,549646,245149,"E92000001","E19000001","E18000006","E10000003","E07000012","E05014169"
"CB10 1RB",10,549379,245423,"E92000001","E19000001","E18000006","E10000003","E07000012","E05014169"
"CB10 1RD",10,549386,245325,"E92000001","E19000001","E18000006","E10000003","E07000012","E05014169"
"CB10 1RE",10,549518,245586,"E92000001","E19000001","E18000006","E10000003","E07000012","E05014169"
"CB10 1RF",10,549441,245516,"E92000001","E19000001","E18000006","E10000003","E07000012","E05014169"
"CB10 1RG",10,550483,246746,"E92000001","E19000001","E18000006","E10000003","E07000012","E05014169"
"CB10 1RJ",10,553086,243687,"E92000001","E19000001","E18000006","E10000012","E07000077","E05009921"
"CB10 1RL",10,551609,244582,"E92000001","E19000001","E18000006","E10000012","E07000077","E05009921"
"CB10 1RN",10,552155,245311,"E92000001","E19000001","E18000006","E10000012","E07000077","E05009921"
"CB10 1RP",10,551267,245347,"E92000001","E19000001","E18000006","E10000012","E07000077","E05009921"
"CB10 1RQ",10,549833,244950,"E92000001","E19000001","E18000006","E10000003","E07000012","E05014169"
"CB10 1RR",10,553111,239149,"E92000001","E19000001","E18000006","E10000012","E07000077","E05009924"
"CB10 1RS",10,549710,245138,"E92000001","E19000001","E18000006","E10000003","E07000012","E05014169"
"CB10 1RX",10,553688,238427,"E92000001","E19000001","E18000006","E10000012","E07000077","E05009923"
"CB10 1SA",10,549852,244630,"E92000001","E19000001","E18000006","E10000003","E07000012","E05014169"
"CB10 1SD",10,549923,244669,"E92000001","E19000001","E18000006","E10000003","E07000012","E05014169"
"CB10 1SE",10,549136,243282,"E92000001","E19000001","E18000006","E10000003","E07000012","E05014169"
"CB10 1SG",10,549604,245350,"E92000001","E19000001","E18000006","E10000003","E07000012","E05014169"
"CB10 1SH",10,549492,243563,"E92000001","E19000001","E18000006","E10000003","E07000012","E05014169"
"CB10 1SJ",10,549084,243510,"E92000001","E19000001","E18000006","E10000003","E07000012","E05014169"
"CB10 1SL",10,549467,243820,"E92000001","E19000001","E18000006","E10000003","E07000012","E05014169"
"CB10 1SP",10,549448,244093,"E92000001","E19000001","E18000006","E10000003","E07000012","E05014169"
"CB10 1SR",10,549402,243905,"E92000001","E19000001","E18000006","E10000003","E07000012","E05014169"
"CB10 1SS",10,549133,243619,"E92000001","E19000001","E18000006","E10000003","E07000012","E05014169"
"CB10 1ST",10,548937,243418,"E92000001","E19000001","E18000006","E10000003","E07000012","E05014169"
"CB10 1SU",10,549045,243444,"E92000001","E19000001","E18000006","E10000003","E07000012","E05014169"
"CB10 1SW",10,549612,243980,"E92000001","E19000001","E18000006","E10000003","E07000012","E05014169"
"CB10 1SX",10,548944,243758,"E92000001","E19000001","E18000006","E10000003","E07000012","E05014169"
"CB10 1SY",10,553843,238221,"E92000001","E19000001","E18000006","E10000012","E07000077","E05009923"
"CB10 1SZ",10,548853,243420,"E92000001","E19000001","E18000006","E10000003","E07000012","E05014169"
"CB10 1TA",10,547213,242445,"E92000001","E19000001","E18000006","E10000003","E07000012","E05014169"
"CB10 1TB",10,548427,241947,"E92000001","E19000001","E18000006","E10000003","E07000012","E05014169"
"CB10 1TD",10,549091,243395,"E92000001","E19000001","E18000006","E10000003","E07000012","E05014169"
"CB10 1TE",10,549203,243467,"E92000001","E19000001","E18000006","E10000003","E07000012","E05014169"
"CB10 1TF",10,549126,243427,"E92000001","E19000001","E18000006","E10000003","E07000012","E05014169"
"CB10 1TG",10,549087,243342,"E92000001","E19000001","E18000006","E10000003","E07000012","E05014169"
"CB10 1TS",10,551648,241825,"E92000001","E19000001","E18000006","E10000012","E07000077","E05009921"
"CB10 1TT",10,551573,241781,"E92000001","E19000001","E18000006","E10000012","E07000077","E05009921"
"CB10 1TU",10,551656,241792,"E92000001","E19000001","E18000006","E10000012","E07000077","E05009921"
"CB10 1TY",10,551536,241801,"E92000001","E19000001","E18000006","E10000012","E07000077","E05009921"
"CB10 1TZ",10,551491,241943,"E92000001","E19000001","E18000006","E10000012","E07000077","E05009921"
"CB10 1UA",10,551298,241805,"E92000001","E19000001","E18000006","E10000012","E07000077","E05009921"
"CB10 1UB",10,551053,242098,"E92000001","E19000001","E18000006","E10000012","E07000077","E05009921"
"CB10 1UD",10,551858,242021,"E92000001","E19000001","E18000006","E10000012","E07000077","E05009921"
"CB10 1UE",10,552033,241150,"E92000001","E19000001","E18000006","E10000012","E07000077","E05009921"
"CB10 1UF",10,552008,240336,"E92000001","E19000001","E18000006","E10000012","E07000077","E05009921"
"CB10 1UX",10,554056,240166,"E92000001","E19000001","E18000006","E10000012","E07000077","E05009924"
"CB10 1UY",10,554155,240412,"E92000001","E19000001","E18000006","E10000012","E07000077","E05009924"
"CB10 1UZ",10,554355,240871,"E92000001","E19000001","E18000006","E10000012","E07000077","E05009910"
"CB10 1XA",10,554538,241495,"E92000001","E19000001","E18000006","E10000012","E07000077","E05009910"
"CB10 1XB",10,555571,242209,"E92000001","E19000001","E18000006","E10000012","E07000077","E05009910"
"CB10 1XE",10,554096,242499,"E92000001","E19000001","E18000006","E10000012","E07000077","E05009910"
"CB10 1XF",10,554548,241647,"E92000001","E19000001","E18000006","E10000012","E07000077","E05009910"
"CB10 1XG",10,555122,242244,"E92000001","E19000001","E18000006","E10000012","E07000077","E05009910"
"CB10 1XH",10,554647,241657,"E92000001","E19000001","E18000006","E10000012","E07000077","E05009910"
"CB10 1XJ",10,553540,241795,"E92000001","E19000001","E18000006","E10000012","E07000077","E05009921"
"CB10 1XL",10,553383,242083,"E92000001","E19000001","E18000006","E10000012","E07000077","E05009921"
"CB10 1XN",10,554767,240075,"E92000001","E19000001","E18000006","E10000012","E07000077","E05009924"
"CB10 1XQ",10,556608,243231,"E92000001","E19000001","E18000006","E10000012","E07000077","E05009910"
"CB10 1XX",10,553688,238427,"E92000001","E19000001","E18000006","E10000012","E07000077","E05009923"
"CB10 1ZP",10,553688,238427,"E92000001","E19000001","E18000006","E10000012","E07000077","E05009923"
"CB10 2AA",10,554185,238692,"E92000001","E19000001","E18000006","E10000012","E07000077","E05009924"
"CB10 2AB",10,554327,238599,"E92000001","E19000001","E18000006","E10000012","E07000077","E05009925"
"CB10 2AD",10,554268,238797,"E92000001","E19000001","E18000006","E10000012","E07000077","E05009924"
"CB10 2AE",10,554354,238657,"E92000001","E19000001","E18000006","E10000012","E07000077","E05009925"
"CB10 2AG",10,554446,238576,"E92000001","E19000001","E18000006","E10000012","E07000077","E05009925"
"CB10 2AH",10,554591,238621,"E92000001","E19000001","E18000006","E10000012","E07000077","E05009925"
"CB10 2AJ",10,554747,238738,"E92000001","E19000001","E18000006","E10000012","E07000077","E05009925"
"CB10 2AL",10,554743,238770,"E92000001","E19000001","E18000006","E10000012","E07000077","E05009924"
"CB10 2AN",10,554864,238988,"E92000001","E19000001","E18000006","E10000012","E07000077","E05009924"
"CB10 2AP",10,554767,238871,"E92000001","E19000001","E18000006","E10000012","E07000077","E05009924"
"CB10 2AQ",10,554525,238689,"E92000001","E19000001","E18000006","E10000012","E07000077","E05009925"
"CB10 2AR",10,554706,238861,"E92000001","E19000001","E18000006","E10000012","E07000077","E05009924"
"CB10 2AS",10,554509,238815,"E92000001","E19000001","E18000006","E10000012","E07000077","E05009924"
"CB10 2AT",10,554433,238700,"E92000001","E19000001","E18000006","E10000012","E07000077","E05009924"
"CB10 2AU",10,554432,238723,"E92000001","E19000001","E18000006","E10000012","E07000077","E05009924"
"CB10 2AW",10,554897,238952,"E92000001","E19000001","E18000006","E10000012","E07000077","E05009924"
"CB10 2AX",10,554422,238828,"E92000001","E19000001","E18000006","E10000012","E07000077","E05009924"
"CB10 2AY",10,555020,239012,"E92000001","E19000001","E18000006","E10000012","E07000077","E05009924"
"CB10 2AZ",10,554605,238910,"E92000001","E19000001","E18000006","E10000012","E07000077","E05009924"
"CB10 2BA",10,554159,238779,"E92000001","E19000001","E18000006","E10000012","E07000077","E05009924"
"CB10 2BB",10,554386,238777,"E92000001","E19000001","E18000006","E10000012","E07000077","E05009924"
"CB10 2BD",10,554079,238764,"E92000001","E19000001","E18000006","E10000012","E07000077","E05009924"
"CB10 2BE",10,554769,238648,"E92000001","E19000001","E18000006","E10000012","E07000077","E05009925"
"CB10 2BF",10,554182,239000,"E92000001","E19000001","E18000006","E10000012","E07000077","E05009924"
"CB10 2BG",10,554759,238690,"E92000001","E19000001","E18000006","E10000012","E07000077","E05009925"
"CB10 2BH",10,554772,238607,"E92000001","E19000001","E18000006","E10000012","E07000077","E05009925"
"CB10 2BJ",10,554869,238626,"E92000001","E19000001","E18000006","E10000012","E07000077","E05009925"
"CB10 2BL",10,554882,238576,"E92000001","E19000001","E18000006","E10000012","E07000077","E05009925"
"CB10 2BN",10,555110,239022,"E92000001","E19000001","E18000006","E10000012","E07000077","E05009924"
"CB10 2BP",10,554049,239461,"E92000001","E19000001","E18000006","E10000012","E07000077","E05009924"
"CB10 2BQ",10,554824,238685,"E92000001","E19000001","E18000006","E10000012","E07000077","E05009925"
"CB10 2BS",10,553941,238743,"E92000001","E19000001","E18000006","E10000012","E07000077","E05009924"
"CB10 2BT",10,554145,238862,"E92000001","E19000001","E18000006","E10000012","E07000077","E05009924"
"CB10 2BU",10,554104,238950,"E92000001","E19000001","E18000006","E10000012","E07000077","E05009924"
"CB10 2BX",10,554262,238928,"E92000001","E19000001","E18000006","E10000012","E07000077","E05009924"
"CB10 2BY",10,554175,238955,"E92000001","E19000001","E18000006","E10000012","E07000077","E05009924"
"CB10 2BZ",10,554254,238983,"E92000001","E19000001","E18000006","E10000012","E07000077","E05009924"
"CB10 2DA",10,554372,238927,"E92000001","E19000001","E18000006","E10000012","E07000077","E05009924"
"CB10 2DB",10,554443,238970,"E92000001","E19000001","E18000006","E10000012","E07000077","E05009924"
"CB10 2DD",10,554386,239042,"E92000001","E19000001","E18000006","E10000012","E07000077","E05009924"
"CB10 2DE",10,554491,239017,"E92000001","E19000001","E18000006","E10000012","E07000077","E05009924"
"CB10 2DF",10,554323,239068,"E92000001","E19000001","E18000006","E10000012","E07000077","E05009924"
"CB10 2DG",10,554323,239001,"E92000001","E19000001","E18000006","E10000012","E07000077","E05009924"
"CB10 2DH",10,554036,239164,"E92000001","E19000001","E18000006","E10000012","E07000077","E05009924"
"CB10 2DJ",10,554013,238939,"E92000001","E19000001","E18000006","E10000012","E07000077","E05009924"
"CB10 2DL",10,553965,239223,"E92000001","E19000001","E18000006","E10000012","E07000077","E05009924"
"CB10 2DN",10,553917,239544,"E92000001","E19000001","E18000006","E10000012","E07000077","E05009924"
"CB10 2DP",10,554121,239293,"E92000001","E19000001","E18000006","E10000012","E07000077","E05009924"
"CB10 2DQ",10,554089,239059,"E92000001","E19000001","E18000006","E10000012","E07000077","E05009924"
"CB10 2DR",10,554098,239311,"E92000001","E19000001","E18000006","E10000012","E07000077","E05009924"
"CB10 2DS",10,553948,239037,"E92000001","E19000001","E18000006","E10000012","E07000077","E05009924"
"CB10 2DT",10,553960,238945,"E92000001","E19000001","E18000006","E10000012","E07000077","E05009924"
"CB10 2DU",10,553917,238955,"E92000001","E19000001","E18000006","E10000012","E07000077","E05009924"
"CB10 2DW",10,553976,239512,"E92000001","E19000001","E18000006","E10000012","E07000077","E05009924"
"CB10 2DX",10,553755,239086,"E92000001","E19000001","E18000006","E10000012","E07000077","E05009924"
"CB10 2DY",10,553911,238830,"E92000001","E19000001","E18000006","E10000012","E07000077","E05009924"
"CB10 2DZ",10,553933,238812,"E92000001","E19000001","E18000006","E10000012","E07000077","E05009924"
"CB10 2EA",10,554016,238713,"E92000001","E19000001","E18000006","E10000012","E07000077","E05009924"
"CB10 2EB",10,554210,239128,"E92000001","E19000001","E18000006","E10000012","E07000077","E05009924"
"CB10 2ED",10,554275,239255,"E92000001","E19000001","E18000006","E10000012","E07000077","E05009924"
"CB10 2EE",10,554239,239221,"E92000001","E19000001","E18000006","E10000012","E07000077","E05009924"
"CB10 2EF",10,554239,239358,"E92000001","E19000001","E18000006","E10000012","E07000077","E05009924"
"CB10 2EG",10,554389,239153,"E92000001","E19000001","E18000006","E10000012","E07000077","E05009924"
"CB10 2EH",10,554132,239149,"E92000001","E19000001","E18000006","E10000012","E07000077","E05009924"
"CB10 2EJ",10,554005,238822,"E92000001","E19000001","E18000006","E10000012","E07000077","E05009924"
"CB10 2EL",10,554281,239112,"E92000001","E19000001","E18000006","E10000012","E07000077","E05009924"
"CB10 2EN",10,556861,238168,"E92000001","E19000001","E18000006","E10000012","E07000077","E05009910"
"CB10 2EP",10,553860,239501,"E92000001","E19000001","E18000006","E10000012","E07000077","E05009924"
"CB10 2EQ",10,554343,239122,"E92000001","E19000001","E18000006","E10000012","E07000077","E05009924"
"CB10 2ER",10,554164,239405,"E92000001","E19000001","E18000006","E10000012","E07000077","E05009924"
"CB10 2ES",10,553688,238427,"E92000001","E19000001","E18000006","E10000012","E07000077","E05009923"
"CB10 2ET",10,558773,241868,"E92000001","E19000001","E18000006","E10000012","E07000077","E05009910"
"CB10 2EU",10,558764,242049,"E92000001","E19000001","E18000006","E10000012","E07000077","E05009910"
"CB10 2EW",10,554923,238554,"E92000001","E19000001","E18000006","E10000012","E07000077","E05009925"
"CB10 2EX",10,558777,242025,"E92000001","E19000001","E18000006","E10000012","E07000077","E05009910"
"CB10 2EY",10,558787,241999,"E92000001","E19000001","E18000006","E10000012","E07000077","E05009910"
"CB10 2EZ",10,559052,241925,"E92000001","E19000001","E18000006","E10000012","E07000077","E05009910"
"CB10 2FJ",10,554347,238615,"E92000001","E19000001","E18000006","E10000012","E07000077","E05009925"
"CB10 2FN",10,565164,233767,"E92000001","E19000001","E18000006","E10000012","E07000077","E05009931"
"CB10 2FU",10,560838,237512,"E92000001","E19000001","E18000006","E10000012","E07000077","E05009931"
"CB10 2FW",10,559158,235337,"E92000001","E19000001","E18000006","E10000012","E07000077","E05009913"
"CB10 2FX",10,553688,238427,"E92000001","E19000001","E18000006","E10000012","E07000077","E05009923"
"CB10 2FY",10,554932,237384,"E92000001","E19000001","E18000006","E10000012","E07000077","E05009925"
"CB10 2GA",10,554107,239449,"E92000001","E19000001","E18000006","E10000012","E07000077","E05009924"
"CB10 2GB",10,554019,239444,"E92000001","E19000001","E18000006","E10000012","E07000077","E05009924"
"CB10 2GE",10,553886,239015,"E92000001","E19000001","E18000006","E10000012","E07000077","E05009924"
"CB10 2GF",10,554075,239550,"E92000001","E19000001","E18000006","E10000012","E07000077","E05009924"
"CB10 2GG",10,555208,239038,"E92000001","E19000001","E18000006","E10000012","E07000077","E05009924"
"CB10 2GN",10,555167,238696,"E92000001","E19000001","E18000006","E10000012","E07000077","E05009924"
"CB10 2GP",10,556608,238034,"E92000001","E19000001","E18000006","E10000012","E07000077","E05009910"
"CB10 2GQ",10,555031,238797,"E92000001","E19000001","E18000006","E10000012","E07000077","E05009924"
"CB10 2GR",10,555016,238737,"E92000001","E19000001","E18000006","E10000012","E07000077","E05009924"
"CB10 2GT",10,555140,238794,"E92000001","E19000001","E18000006","E10000012","E07000077","E05009924"
"CB10 2GW",10,555183,238940,"E92000001","E19000001","E18000006","E10000012","E07000077","E05009924"
"CB10 2GX",10,555258,239124,"E92000001","E19000001","E18000006","E10000012","E07000077","E05009924"
"CB10 2GY",10,555154,239093,"E92000001","E19000001","E18000006","E10000012","E07000077","E05009924"
"CB10 2HA",10,558680,242134,"E92000001","E19000001","E18000006","E10000012","E07000077","E05009910"
"CB10 2HB",10,558612,242057,"E92000001","E19000001","E18000006","E10000012","E07000077","E05009910"
"CB10 2HD",10,557939,241522,"E92000001","E19000001","E18000006","E10000012","E07000077","E05009910"
"CB10 2HF",10,558460,241771,"E92000001","E19000001","E18000006","E10000012","E07000077","E05009910"
"CB10 2HG",10,558043,241644,"E92000001","E19000001","E18000006","E10000012","E07000077","E05009910"
"CB10 2HH",10,557996,241471,"E92000001","E19000001","E18000006","E10000012","E07000077","E05009910"
"CB10 2HJ",10,557839,241266,"E92000001","E19000001","E18000006","E10000012","E07000077","E05009910"
"CB10 2HL",10,557921,241632,"E92000001","E19000001","E18000006","E10000012","E07000077","E05009910"
"CB10 2HN",10,558386,242136,"E92000001","E19000001","E18000006","E10000012","E07000077","E05009910"
"CB10 2HP",10,558694,242345,"E92000001","E19000001","E18000006","E10000012","E07000077","E05009910"
"CB10 2HQ",10,558023,241672,"E92000001","E19000001","E18000006","E10000012","E07000077","E05009910"
"CB10 2HR",10,558710,242570,"E92000001","E19000001","E18000006","E10000012","E07000077","E05009910"
"CB10 2HS",10,558766,242402,"E92000001","E19000001","E18000006","E10000012","E07000077","E05009910"
"CB10 2HT",10,558810,242455,"E92000001","E19000001","E18000006","E10000012","E07000077","E05009910"
"CB10 2HU",10,558693,242623,"E92000001","E19000001","E18000006","E10000012","E07000077","E05009910"
"CB10 2HW",10,558745,242254,"E92000001","E19000001","E18000006","E10000012","E07000077","E05009910"
"CB10 2HX",10,558196,242655,"E92000001","E19000001","E18000006","E10000012","E07000077","E05009910"
"CB10 2HY",10,558104,243807,"E92000001","E19000001","E18000006","E10000012","E07000077","E05009910"
"CB10 2HZ",10,557896,241451,"E92000001","E19000001","E18000006","E10000012","E07000077","E05009910"
"CB10 2JA",10,559561,242507,"E92000001","E19000001","E18000006","E10000012","E07000077","E05009910"
"CB10 2JB",10,559338,243022,"E92000001","E19000001","E18000006","E10000012","E07000077","E05009910"
"CB10 2JD",10,559358,242899,"E92000001","E19000001","E18000006","E10000012","E07000077","E05009910"
"CB10 2JE",10,559762,242905,"E92000001","E19000001","E18000006","E10000012","E07000077","E05009910"
"CB10 2JF",10,559397,242877,"E92000001","E19000001","E18000006","E10000012","E07000077","E05009910"
"CB10 2JH",10,559798,242710,"E92000001","E19000001","E18000006","E10000012","E07000077","E05009910"
"CB10 2JJ",10,555244,239163,"E92000001","E19000001","E18000006","E10000012","E07000077","E05009924"
"CB10 2JL",10,558692,242472,"E92000001","E19000001","E18000006","E10000012","E07000077","E05009910"
"CB10 2JP",10,555061,238356,"E92000001","E19000001","E18000006","E10000012","E07000077","E05009925"
"CB10 2JQ",10,560119,243234,"E92000001","E19000001","E18000006","E10000003","E07000012","E05011298"
"CB10 2JS",10,555290,239021,"E92000001","E19000001","E18000006","E10000012","E07000077","E05009924"
"CB10 2JY",10,555397,238956,"E92000001","E19000001","E18000006","E10000012","E07000077","E05009924"
"CB10 2JZ",10,555378,238384,"E92000001","E19000001","E18000006","E10000012","E07000077","E05009925"
"CB10 2LB",10,555481,238307,"E92000001","E19000001","E18000006","E10000012","E07000077","E05009925"
"CB10 2LD",10,555205,237775,"E92000001","E19000001","E18000006","E10000012","E07000077","E05009925"
"CB10 2LE",10,556461,238203,"E92000001","E19000001","E18000006","E10000012","E07000077","E05009910"
"CB10 2LF",10,556779,238137,"E92000001","E19000001","E18000006","E10000012","E07000077","E05009910"
"CB10 2LG",10,557034,238303,"E92000001","E19000001","E18000006","E10000012","E07000077","E05009910"
"CB10 2LH",10,556969,237392,"E92000001","E19000001","E18000006","E10000012","E07000077","E05009913"
"CB10 2LJ",10,556967,236820,"E92000001","E19000001","E18000006","E10000012","E07000077","E05009913"
"CB10 2LL",10,556585,237944,"E92000001","E19000001","E18000006","E10000012","E07000077","E05009910"
"CB10 2LN",10,557090,238040,"E92000001","E19000001","E18000006","E10000012","E07000077","E05009910"
"CB10 2LP",10,556669,239481,"E92000001","E19000001","E18000006","E10000012","E07000077","E05009910"
"CB10 2LQ",10,556457,238024,"E92000001","E19000001","E18000006","E10000012","E07000077","E05009910"
"CB10 2LR",10,557209,238421,"E92000001","E19000001","E18000006","E10000012","E07000077","E05009910"
"CB10 2LS",10,557680,238379,"E92000001","E19000001","E18000006","E10000012","E07000077","E05009910"
"CB10 2LT",10,557818,238757,"E92000001","E19000001","E18000006","E10000012","E07000077","E05009910"
"CB10 2LW",10,557063,238470,"E92000001","E19000001","E18000006","E10000012","E07000077","E05009910"
"CB10 2LX",10,559055,239173,"E92000001","E19000001","E18000006","E10000012","E07000077","E05009910"
"CB10 2LY",10,560194,239991,"E92000001","E19000001","E18000006","E10000012","E07000077","E05009910"
"CB10 2LZ",10,559056,241064,"E92000001","E19000001","E18000006","E10000012","E07000077","E05009910"
"CB10 2NA",10,558665,240252,"E92000001","E19000001","E18000006","E10000012","E07000077","E05009910"
"CB10 2NB",10,556952,241156,"E92000001","E19000001","E18000006","E10000012","E07000077","E05009910"
"CB10 2ND",10,556047,240689,"E92000001","E19000001","E18000006","E10000012","E07000077","E05009924"
"CB10 2NE",10,556619,239615,"E92000001","E19000001","E18000006","E10000012","E07000077","E05009910"
"CB10 2NF",10,555308,238821,"E92000001","E19000001","E18000006","E10000012","E07000077","E05009924"
"CB10 2NG",10,555123,238266,"E92000001","E19000001","E18000006","E10000012","E07000077","E05009925"
"CB10 2NJ",10,554910,238594,"E92000001","E19000001","E18000006","E10000012","E07000077","E05009925"
"CB10 2NL",10,554947,238781,"E92000001","E19000001","E18000006","E10000012","E07000077","E05009924"
"CB10 2NN",10,554950,238612,"E92000001","E19000001","E18000006","E10000012","E07000077","E05009924"
"CB10 2NP",10,555407,238195,"E92000001","E19000001","E18000006","E10000012","E07000077","E05009925"
"CB10 2NQ",10,555462,239059,"E92000001","E19000001","E18000006","E10000012","E07000077","E05009924"
"CB10 2NR",10,555418,238278,"E92000001","E19000001","E18000006","E10000012","E07000077","E05009925"
"CB10 2NS",10,555443,238172,"E92000001","E19000001","E18000006","E10000012","E07000077","E05009925"
"CB10 2NT",10,555398,238124,"E92000001","E19000001","E18000006","E10000012","E07000077","E05009925"
"CB10 2NU",10,562996,236741,"E92000001","E19000001","E18000006","E10000012","E07000077","E05009931"
"CB10 2NW",10,555326,238194,"E92000001","E19000001","E18000006","E10000012","E07000077","E05009925"
"CB10 2NX",10,563407,236322,"E92000001","E19000001","E18000006","E10000012","E07000077","E05009931"
"CB10 2NY",10,564662,236538,"E92000001","E19000001","E18000006","E10000012","E07000077","E05009931"
"CB10 2NZ",10,564825,237720,"E92000001","E19000001","E18000006","E10000012","E07000077","E05009931"
"CB10 2PA",10,563626,237917,"E92000001","E19000001","E18000006","E10000012","E07000077","E05009931"
"CB10 2PB",10,563571,237932,"E92000001","E19000001","E18000006","E10000012","E07000077","E05009931"
"CB10 2PD",10,563315,238018,"E92000001","E19000001","E18000006","E10000012","E07000077","E05009931"
"CB10 2PE",10,563401,238181,"E92000001","E19000001","E18000006","E10000012","E07000077","E05009931"
"CB10 2PF",10,563271,237777,"E92000001","E19000001","E18000006","E10000012","E07000077","E05009931"
"CB10 2PH",10,563131,237814,"E92000001","E19000001","E18000006","E10000012","E07000077","E05009931"
"CB10 2PJ",10,563221,238992,"E92000001","E19000001","E18000006","E10000012","E07000077","E05009931"
"CB10 2PL",10,563625,238474,"E92000001","E19000001","E18000006","E10000012","E07000077","E05009931"
"CB10 2PN",10,563867,238925,"E92000001","E19000001","E18000006","E10000012","E07000077","E05009931"
"CB10 2PP",10,565922,239826,"E92000001","E19000001","E18000006","E10000012","E07000077","E05009931"
"CB10 2PQ",10,563184,237499,"E92000001","E19000001","E18000006","E10000012","E07000077","E05009931"
"CB10 2PR",10,566046,239109,"E92000001","E19000001","E18000006","E10000012","E07000077","E05009931"
"CB10 2PS",10,555254,238181,"E92000001","E19000001","E18000006","E10000012","E07000077","E05009925"
"CB10 2PT",10,555178,238178,"E92000001","E19000001","E18000006","E10000012","E07000077","E05009925"
"CB10 2PU",10,563118,237709,"E92000001","E19000001","E18000006","E10000012","E07000077","E05009931"
"CB10 2PW",10,564306,239111,"E92000001","E19000001","E18000006","E10000012","E07000077","E05009931"
"CB10 2QE",10,564149,234895,"E92000001","E19000001","E18000006","E10000012","E07000077","E05009931"
"CB10 2QF",10,564258,234176,"E92000001","E19000001","E18000006","E10000012","E07000077","E05009931"
"CB10 2QG",10,564203,233920,"E92000001","E19000001","E18000006","E10000012","E07000077","E05009931"
"CB10 2QH",10,563920,232578,"E92000001","E19000001","E18000006","E10000012","E07000077","E05009931"
"CB10 2QJ",10,563809,232690,"E92000001","E19000001","E18000006","E10000012","E07000077","E05009931"
"CB10 2QL",10,565324,233602,"E92000001","E19000001","E18000006","E10000012","E07000077","E05009931"
"CB10 2QN",10,565660,233782,"E92000001","E19000001","E18000006","E10000012","E07000077","E05009931"
"CB10 2QP",10,565716,235135,"E92000001","E19000001","E18000006","E10000012","E07000077","E05009931"
"CB10 2QQ",10,564404,233461,"E92000001","E19000001","E18000006","E10000012","E07000077","E05009931"
"CB10 2QR",10,566268,236012,"E92000001","E19000001","E18000006","E10000012","E07000077","E05009931"
"CB10 2QS",10,565330,235601,"E92000001","E19000001","E18000006","E10000012","E07000077","E05009931"
"CB10 2QT",10,565034,234998,"E92000001","E19000001","E18000006","E10000012","E07000077","E05009931"
"CB10 2QW",10,566158,233667,"E92000001","E19000001","E18000006","E10000012","E07000077","E05009931"
"CB10 2QX",10,555060,238191,"E92000001","E19000001","E18000006","E10000012","E07000077","E05009925"
"CB10 2QY",10,555100,238123,"E92000001","E19000001","E18000006","E10000012","E07000077","E05009925"
"CB10 2QZ",10,555202,238134,"E92000001","E19000001","E18000006","E10000012","E07000077","E05009925"
"CB10 2RA",10,555039,238121,"E92000001","E19000001","E18000006","E10000012","E07000077","E05009925"
"CB10 2RB",10,555290,238200,"E92000001","E19000001","E18000006","E10000012","E07000077","E05009925"
"CB10 2RD",10,554998,238154,"E92000001","E19000001","E18000006","E10000012","E07000077","E05009925"
"CB10 2RE",10,555246,238268,"E92000001","E19000001","E18000006","E10000012","E07000077","E05009925"
"CB10 2RF",10,554685,238574,"E92000001","E19000001","E18000006","E10000012","E07000077","E05009925"
"CB10 2RG",10,564251,235492,"E92000001","E19000001","E18000006","E10000012","E07000077","E05009931"
"CB10 2RH",10,564133,235848,"E92000001","E19000001","E18000006","E10000012","E07000077","E05009931"
"CB10 2RJ",10,564455,235623,"E92000001","E19000001","E18000006","E10000012","E07000077","E05009931"
"CB10 2RL",10,564386,235405,"E92000001","E19000001","E18000006","E10000012","E07000077","E05009931"
"CB10 2RN",10,564472,235402,"E92000001","E19000001","E18000006","E10000012","E07000077","E05009931"
"CB10 2RP",10,564527,235585,"E92000001","E19000001","E18000006","E10000012","E07000077","E05009931"
"CB10 2RQ",10,563994,235858,"E92000001","E19000001","E18000006","E10000012","E07000077","E05009931"
"CB10 2RR",10,565176,236223,"E92000001","E19000001","E18000006","E10000012","E07000077","E05009931"
"CB10 2RS",10,564307,235285,"E92000001","E19000001","E18000006","E10000012","E07000077","E05009931"
"CB10 2RT",10,564244,235125,"E92000001","E19000001","E18000006","E10000012","E07000077","E05009931"
"CB10 2RU",10,563091,235192,"E92000001","E19000001","E18000006","E10000012","E07000077","E05009931"
"CB10 2RW",10,564578,235497,"E92000001","E19000001","E18000006","E10000012","E07000077","E05009931"
"CB10 2RX",10,562350,234877,"E92000001","E19000001","E18000006","E10000012","E07000077","E05009931"
"CB10 2RY",10,563032,234553,"E92000001","E19000001","E18000006","E10000012","E07000077","E05009931"
"CB10 2RZ",10,563680,234534,"E92000001","E19000001","E18000006","E10000012","E07000077","E05009931"
"CB10 2SA",10,562497,233001,"E92000001","E19000001","E18000006","E10000012","E07000077","E05009931"
"CB10 2SB",10,564383,235337,"E92000001","E19000001","E18000006","E10000012","E07000077","E05009931"
"CB10 2SD",10,553840,239026,"E92000001","E19000001","E18000006","E10000012","E07000077","E05009924"
"CB10 2SE",10,564490,235375,"E92000001","E19000001","E18000006","E10000012","E07000077","E05009931"
"CB10 2SG",10,555148,237341,"E92000001","E19000001","E18000006","E10000012","E07000077","E05009925"
"CB10 2SH",10,554046,239733,"E92000001","E19000001","E18000006","E10000012","E07000077","E05009924"
"CB10 2SJ",10,554059,239785,"E92000001","E19000001","E18000006","E10000012","E07000077","E05009924"
"CB10 2SL",10,554043,239707,"E92000001","E19000001","E18000006","E10000012","E07000077","E05009924"
"CB10 2SN",10,560673,237230,"E92000001","E19000001","E18000006","E10000012","E07000077","E05009931"
"CB10 2SP",10,559614,237667,"E92000001","E19000001","E18000006","E10000012","E07000077","E05009931"
"CB10 2SQ",10,554093,239726,"E92000001","E19000001","E18000006","E10000012","E07000077","E05009924"
"CB10 2SR",10,559680,237202,"E92000001","E19000001","E18000006","E10000012","E07000077","E05009931"
"CB10 2SS",10,559189,238168,"E92000001","E19000001","E18000006","E10000012","E07000077","E05009931"
"CB10 2ST",10,558269,238151,"E92000001","E19000001","E18000006","E10000012","E07000077","E05009910"
"CB10 2SU",10,557771,237628,"E92000001","E19000001","E18000006","E10000012","E07000077","E05009913"
"CB10 2SW",10,560527,237272,"E92000001","E19000001","E18000006","E10000012","E07000077","E05009931"
"CB10 2SX",10,560688,237262,"E92000001","E19000001","E18000006","E10000012","E07000077","E05009931"
"CB10 2SY",10,553999,239774,"E92000001","E19000001","E18000006","E10000012","E07000077","E05009924"
"CB10 2SZ",10,554965,237342,"E92000001","E19000001","E18000006","E10000012","E07000077","E05009925"
"CB10 2TA",10,558719,241803,"E92000001","E19000001","E18000006","E10000012","E07000077","E05009910"
"CB10 2TB",10,555312,238389,"E92000001","E19000001","E18000006","E10000012","E07000077","E05009925"
"CB10 2TD",10,555294,238306,"E92000001","E19000001","E18000006","E10000012","E07000077","E05009925"
"CB10 2TE",10,560693,237122,"E92000001","E19000001","E18000006","E10000012","E07000077","E05009931"
"CB10 2TF",10,560872,235755,"E92000001","E19000001","E18000006","E10000012","E07000077","E05009931"
"CB10 2TG",10,560725,237368,"E92000001","E19000001","E18000006","E10000012","E07000077","E05009931"
"CB10 2TH",10,561579,237788,"E92000001","E19000001","E18000006","E10000012","E07000077","E05009931"
"CB10 2TJ",10,561161,237757,"E92000001","E19000001","E18000006","E10000012","E07000077","E05009931"
"CB10 2TL",10,561480,237383,"E92000001","E19000001","E18000006","E10000012","E07000077","E05009931"
"CB10 2TN",10,554927,238714,"E92000001","E19000001","E18000006","E10000012","E07000077","E05009924"
"CB10 2TP",10,555340,238070,"E92000001","E19000001","E18000006","E10000012","E07000077","E05009925"
"CB10 2TQ",10,561011,237455,"E92000001","E19000001","E18000006","E10000012","E07000077","E05009931"
"CB10 2TS",10,555151,238057,"E92000001","E19000001","E18000006","E10000012","E07000077","E05009925"
"CB10 2TU",10,555361,239046,"E92000001","E19000001","E18000006","E10000012","E07000077","E05009924"
"CB10 2TW",10,555323,238994,"E92000001","E19000001","E18000006","E10000012","E07000077","E05009924"
"CB10 2TX",10,560503,237868,"E92000001","E19000001","E18000006","E10000012","E07000077","E05009931"
"CB10 2TY",10,560595,237497,"E92000001","E19000001","E18000006","E10000012","E07000077","E05009931"
"CB10 2TZ",10,560731,237502,"E92000001","E19000001","E18000006","E10000012","E07000077","E05009931"
"CB10 2UA",10,560646,238967,"E92000001","E19000001","E18000006","E10000012","E07000077","E05009931"
"CB10 2UB",10,560808,238681,"E92000001","E19000001","E18000006","E10000012","E07000077","E05009931"
"CB10 2UD",10,561640,239371,"E92000001","E19000001","E18000006","E10000012","E07000077","E05009931"
"CB10 2UE",10,562238,239458,"E92000001","E19000001","E18000006","E10000012","E07000077","E05009931"
"CB10 2UF",10,555502,239222,"E92000001","E19000001","E18000006","E10000012","E07000077","E05009924"
"CB10 2UG",10,556406,235418,"E92000001","E19000001","E18000006","E10000012","E07000077","E05009913"
"CB10 2UH",10,564194,238338,"E92000001","E19000001","E18000006","E10000012","E07000077","E05009931"
"CB10 2UQ",10,554865,237425,"E92000001","E19000001","E18000006","E10000012","E07000077","E05009925"
"CB10 2UR",10,555137,237008,"E92000001","E19000001","E18000006","E10000012","E07000077","E05009925"
"CB10 2UT",10,556355,235842,"E92000001","E19000001","E18000006","E10000012","E07000077","E05009913"
"CB10 2UX",10,556322,235711,"E92000001","E19000001","E18000006","E10000012","E07000077","E05009913"
"CB10 2UY",10,557392,234988,"E92000001","E19000001","E18000006","E10000012","E07000077","E05009913"
"CB10 2UZ",10,558149,234787,"E92000001","E19000001","E18000006","E10000012","E07000077","E05009913"
"CB10 2XA",10,557263,234573,"E92000001","E19000001","E18000006","E10000012","E07000077","E05009913"
"CB10 2XB",10,558275,234009,"E92000001","E19000001","E18000006","E10000012","E07000077","E05009913"
"CB10 2XD",10,558742,235069,"E92000001","E19000001","E18000006","E10000012","E07000077","E05009913"
"CB10 2XE",10,559166,235478,"E92000001","E19000001","E18000006","E10000012","E07000077","E05009913"
"CB10 2XF",10,559212,235452,"E92000001","E19000001","E18000006","E10000012","E07000077","E05009913"
"CB10 2XG",10,559122,236753,"E92000001","E19000001","E18000006","E10000012","E07000077","E05009913"
"CB10 2XH",10,560436,235019,"E92000001","E19000001","E18000006","E10000012","E07000077","E05009913"
"CB10 2XJ",10,560250,235393,"E92000001","E19000001","E18000006","E10000012","E07000077","E05009913"
"CB10 2XL",10,560480,235447,"E92000001","E19000001","E18000006","E10000012","E07000077","E05009913"
"CB10 2XN",10,560523,235389,"E92000001","E19000001","E18000006","E10000012","E07000077","E05009913"
"CB10 2XP",10,560078,234164,"E92000001","E19000001","E18000006","E10000012","E07000077","E05009913"
"CB10 2XQ",10,559684,235309,"E92000001","E19000001","E18000006","E10000012","E07000077","E05009913"
"CB10 2XR",10,559606,233940,"E92000001","E19000001","E18000006","E10000012","E07000077","E05009913"
"CB10 2XS",10,560378,233097,"E92000001","E19000001","E18000006","E10000012","E07000077","E05009913"
"CB10 2XT",10,561360,233723,"E92000001","E19000001","E18000006","E10000012","E07000077","E05009931"
"CB10 2XU",10,558986,235285,"E92000001","E19000001","E18000006","E10000012","E07000077","E05009913"
"CB10 2XW",10,558774,234640,"E92000001","E19000001","E18000006","E10000012","E07000077","E05009913"
"CB10 2XX",10,558984,234465,"E92000001","E19000001","E18000006","E10000012","E07000077","E05009913"
"CB10 2YA",10,556945,234587,"E92000001","E19000001","E18000006","E10000012","E07000077","E05009913"
"CB10 2YB",10,557177,234643,"E92000001","E19000001","E18000006","E10000012","E07000077","E05009913"
"CB10 2YD",10,557220,234728,"E92000001","E19000001","E18000006","E10000012","E07000077","E05009913"
"CB10 2YE",10,557330,234772,"E92000001","E19000001","E18000006","E10000012","E07000077","E05009913"
"CB10 2YF",10,557326,234639,"E92000001","E19000001","E18000006","E10000012","E07000077","E05009913"
"CB10 2YG",10,557226,234921,"E92000001","E19000001","E18000006","E10000012","E07000077","E05009913"
"CB10 2YH",10,557213,234607,"E92000001","E19000001","E18000006","E10000012","E07000077","E05009913"
"CB10 2YJ",10,557055,234537,"E92000001","E19000001","E18000006","E10000012","E07000077","E05009913"
"CB10 2YL",10,556757,234466,"E92000001","E19000001","E18000006","E10000012","E07000077","E05009913"
"CB10 2YQ",10,557361,234893,"E92000001","E19000001","E18000006","E10000012","E07000077","E05009913"
"CB10 2YY",10,554730,238598,"E92000001","E19000001","E18000006","E10000012","E07000077","E05009925"
"CB10 2ZF",10,553688,238427,"E92000001","E19000001","E18000006","E10000012","E07000077","E05009923"
"CB10 9AQ",10,553688,238427,"E92000001","E19000001","E18000006","E10000012","E07000077","E05009923"
"CB10 9BE",10,553688,238427,"E92000001","E19000001","E18000006","E10000012","E07000077","E05009923"
"CB10 9DN",10,553688,238427,"E92000001","E19000001","E18000006","E10000012","E07000077","E05009923"
"CB10 9DR",10,553688,238427,"E92000001","E19000001","E18000006","E10000012","E07000077","E05009923"
"CB10 9DZ",10,553688,238427,"E92000001","E19000001","E18000006","E10000012","E07000077","E05009923"
"CB10 9EU",10,553688,238427,"E92000001","E19000001","E18000006","E10000012","E07000077","E05009923"
"CB10 9FA",10,553688,238427,"E92000001","E19000001","E18000006","E10000012","E07000077","E05009923"
"CB10 9FJ",10,553688,238427,"E92000001","E19000001","E18000006","E10000012","E07000077","E05009923"
"CB10 9FN",10,553688,238427,"E92000001","E19000001","E18000006","E10000012","E07000077","E05009923"
"CB10 9FQ",10,553688,238427,"E92000001","E19000001","E18000006","E10000012","E07000077","E05009923"
"CB10 9FT",10,553688,238427,"E92000001","E19000001","E18000006","E10000012","E07000077","E05009923"
"CB10 9FY",10,553688,238427,"E92000001","E19000001","E18000006","E10000012","E07000077","E05009923"
"CB10 9FZ",10,553688,238427,"E92000001","E19000001","E18000006","E10000012","E07000077","E05009923"
"CB10 9GB",10,553688,238427,"E92000001","E19000001","E18000006","E10000012","E07000077","E05009923"
"CB10 9GE",10,553688,238427,"E92000001","E19000001","E18000006","E10000012","E07000077","E05009923"
"CB10 9GF",10,553688,238427,"E92000001","E19000001","E18000006","E10000012","E07000077","E05009923"
"CB10 9GL",10,553688,238427,"E92000001","E19000001","E18000006","E10000012","E07000077","E05009923"
"CB10 9SA",10,553578,237976,"E92000001","E19000001","E18000006","E10000012","E07000077","E05009923"
"CB10 9SB",10,553578,237976,"E92000001","E19000001","E18000006","E10000012","E07000077","E05009923"
"CB10 9SD",10,553578,237976,"E92000001","E19000001","E18000006","E10000012","E07000077","E05009923"
"CB10 9SE",10,553578,237976,"E92000001","E19000001","E18000006","E10000012","E07000077","E05009923"
"CB10 9SF",10,553578,237976,"E92000001","E19000001","E18000006","E10000012","E07000077","E05009923"
"CB10 9SG",10,553578,237976,"E92000001","E19000001","E18000006","E10000012","E07000077","E05009923"
"CB10 9SH",10,553578,237976,"E92000001","E19000001","E18000006","E10000012","E07000077","E05009923"
"CB10 9SJ",10,553578,237976,"E92000001","E19000001","E18000006","E10000012","E07000077","E05009923"
"CB10 9SL",10,553578,237976,"E92000001","E19000001","E18000006","E10000012","E07000077","E05009923"
"CB10 9SN",10,553578,237976,"E92000001","E19000001","E18000006","E10000012","E07000077","E05009923"
"CB10 9SP",10,553578,237976,"E92000001","E19000001","E18000006","E10000012","E07000077","E05009923"
"CB10 9SQ",10,553578,237976,"E92000001","E19000001","E18000006","E10000012","E07000077","E05009923"
"CB10 9SR",10,553578,237976,"E92000001","E19000001","E18000006","E10000012","E07000077","E05009923"
"CB10 9SS",10,553578,237976,"E92000001","E19000001","E18000006","E10000012","E07000077","E05009923"
"CB10 9ST",10,553578,237976,"E92000001","E19000001","E18000006","E10000012","E07000077","E05009923"
"CB10 9SU",10,553578,237976,"E92000001","E19000001","E18000006","E10000012","E07000077","E05009923"
"CB10 9SW",10,553578,237976,"E92000001","E19000001","E18000006","E10000012","E07000077","E05009923"
"CB10 9SX",10,553578,237976,"E92000001","E19000001","E18000006","E10000012","E07000077","E05009923"
"CB10 9SY",10,553578,237976,"E92000001","E19000001","E18000006","E10000012","E07000077","E05009923"
"CB10 9SZ",10,553578,237976,"E92000001","E19000001","E18000006","E10000012","E07000077","E05009923"
"CB10 9TA",10,553578,237976,"E92000001","E19000001","E18000006","E10000012","E07000077","E05009923"
"CB10 9TB",10,553578,237976,"E92000001","E19000001","E18000006","E10000012","E07000077","E05009923"
"CB10 9TD",10,553578,237976,"E92000001","E19000001","E18000006","E10000012","E07000077","E05009923"
"CB10 9TE",10,553578,237976,"E92000001","E19000001","E18000006","E10000012","E07000077","E05009923"
"CB10 9TF",10,553578,237976,"E92000001","E19000001","E18000006","E10000012","E07000077","E05009923"
"CB10 9TG",10,553578,237976,"E92000001","E19000001","E18000006","E10000012","E07000077","E05009923"
"CB10 9TH",10,553578,237976,"E92000001","E19000001","E18000006","E10000012","E07000077","E05009923"
"CB10 9TJ",10,553578,237976,"E92000001","E19000001","E18000006","E10000012","E07000077","E05009923"
"CB10 9TL",10,553578,237976,"E92000001","E19000001","E18000006","E10000012","E07000077","E05009923"
"CB10 9TN",10,553578,237976,"E92000001","E19000001","E18000006","E10000012","E07000077","E05009923"
"CB10 9TP",10,553578,237976,"E92000001","E19000001","E18000006","E10000012","E07000077","E05009923"
"CB10 9TQ",10,553578,237976,"E92000001","E19000001","E18000006","E10000012","E07000077","E05009923"
"CB10 9TR",10,553578,237976,"E92000001","E19000001","E18000006","E10000012","E07000077","E05009923"
"CB10 9ZZ",50,553692,238424,"E92000001","E19000001","E18000006","E10000012","E07000077","E05009923"
"CB11 3AA",10,554439,238294,"E92000001","E19000001","E18000006","E10000012","E07000077","E05009925"
"CB11 3AB",10,554614,238219,"E92000001","E19000001","E18000006","E10000012","E07000077","E05009925"
"CB11 3AD",10,554325,238032,"E92000001","E19000001","E18000006","E10000012","E07000077","E05009925"
"CB11 3AE",10,554379,238025,"E92000001","E19000001","E18000006","E10000012","E07000077","E05009925"
"CB11 3AF",10,554465,238006,"E92000001","E19000001","E18000006","E10000012","E07000077","E05009925"
"CB11 3AG",10,554552,238073,"E92000001","E19000001","E18000006","E10000012","E07000077","E05009925"
"CB11 3AH",10,554513,238309,"E92000001","E19000001","E18000006","E10000012","E07000077","E05009925"
"CB11 3AJ",10,554873,238179,"E92000001","E19000001","E18000006","E10000012","E07000077","E05009925"
"CB11 3AN",10,554808,238127,"E92000001","E19000001","E18000006","E10000012","E07000077","E05009925"
"CB11 3AP",10,554768,237952,"E92000001","E19000001","E18000006","E10000012","E07000077","E05009925"
"CB11 3AQ",10,554884,238210,"E92000001","E19000001","E18000006","E10000012","E07000077","E05009925"
"CB11 3AR",10,554522,238349,"E92000001","E19000001","E18000006","E10000012","E07000077","E05009925"
"CB11 3AS",10,554886,237595,"E92000001","E19000001","E18000006","E10000012","E07000077","E05009925"
"CB11 3AT",10,554829,237638,"E92000001","E19000001","E18000006","E10000012","E07000077","E05009925"
"CB11 3AU",10,554794,238066,"E92000001","E19000001","E18000006","E10000012","E07000077","E05009925"
"CB11 3AW",10,554972,237629,"E92000001","E19000001","E18000006","E10000012","E07000077","E05009925"
"CB11 3AY",10,554484,237750,"E92000001","E19000001","E18000006","E10000012","E07000077","E05009925"
"CB11 3AZ",10,554764,237967,"E92000001","E19000001","E18000006","E10000012","E07000077","E05009925"
"CB11 3BA",10,555079,237528,"E92000001","E19000001","E18000006","E10000012","E07000077","E05009925"
"CB11 3BH",10,554477,237833,"E92000001","E19000001","E18000006","E10000012","E07000077","E05009925"
"CB11 3BJ",10,554610,237836,"E92000001","E19000001","E18000006","E10000012","E07000077","E05009925"
"CB11 3BL",10,554813,237805,"E92000001","E19000001","E18000006","E10000012","E07000077","E05009925"
"CB11 3BN",10,554676,237888,"E92000001","E19000001","E18000006","E10000012","E07000077","E05009925"
"CB11 3BP",10,554920,237844,"E92000001","E19000001","E18000006","E10000012","E07000077","E05009925"
"CB11 3BQ",10,552172,233184,"E92000001","E19000001","E18000006","E10000012","E07000077","E05009922"
"CB11 3BS",10,554779,237786,"E92000001","E19000001","E18000006","E10000012","E07000077","E05009925"
"CB11 3BT",10,554816,237706,"E92000001","E19000001","E18000006","E10000012","E07000077","E05009925"
"CB11 3BU",10,554754,237722,"E92000001","E19000001","E18000006","E10000012","E07000077","E05009925"
"CB11 3BW",10,554822,237852,"E92000001","E19000001","E18000006","E10000012","E07000077","E05009925"
"CB11 3BX",10,554712,237748,"E92000001","E19000001","E18000006","E10000012","E07000077","E05009925"
"CB11 3BY",10,554618,237985,"E92000001","E19000001","E18000006","E10000012","E07000077","E05009925"
"CB11 3BZ",10,551014,230037,"E92000001","E19000001","E18000006","E10000012","E07000077","E05009922"
"CB11 3DA",10,554030,237974,"E92000001","E19000001","E18000006","E10000012","E07000077","E05009923"
"CB11 3DB",10,554358,238102,"E92000001","E19000001","E18000006","E10000012","E07000077","E05009925"
"CB11 3DD",10,551786,234335,"E92000001","E19000001","E18000006","E10000012","E07000077","E05009922"
"CB11 3DE",10,554093,238002,"E92000001","E19000001","E18000006","E10000012","E07000077","E05009923"
"CB11 3DF",10,554131,237989,"E92000001","E19000001","E18000006","E10000012","E07000077","E05009923"
"CB11 3DG",10,554107,238158,"E92000001","E19000001","E18000006","E10000012","E07000077","E05009925"
"CB11 3DH",10,554080,238131,"E92000001","E19000001","E18000006","E10000012","E07000077","E05009923"
"CB11 3DJ",10,554069,238164,"E92000001","E19000001","E18000006","E10000012","E07000077","E05009923"
"CB11 3DL",10,554142,237971,"E92000001","E19000001","E18000006","E10000012","E07000077","E05009923"
"CB11 3DN",10,554164,237878,"E92000001","E19000001","E18000006","E10000012","E07000077","E05009925"
"CB11 3DQ",10,554085,238248,"E92000001","E19000001","E18000006","E10000012","E07000077","E05009925"
"CB11 3DR",10,554233,238048,"E92000001","E19000001","E18000006","E10000012","E07000077","E05009925"
"CB11 3DS",10,553936,237900,"E92000001","E19000001","E18000006","E10000012","E07000077","E05009923"
"CB11 3DT",10,555106,237575,"E92000001","E19000001","E18000006","E10000012","E07000077","E05009925"
"CB11 3DU",10,554001,237850,"E92000001","E19000001","E18000006","E10000012","E07000077","E05009925"
"CB11 3DW",10,554173,237992,"E92000001","E19000001","E18000006","E10000012","E07000077","E05009925"
"CB11 3DX",10,554066,237922,"E92000001","E19000001","E18000006","E10000012","E07000077","E05009925"
"CB11 3DZ",10,554056,237857,"E92000001","E19000001","E18000006","E10000012","E07000077","E05009925"
"CB11 3EA",10,554018,237792,"E92000001","E19000001","E18000006","E10000012","E07000077","E05009925"
"CB11 3ED",10,554535,237679,"E92000001","E19000001","E18000006","E10000012","E07000077","E05009925"
"CB11 3EE",10,554478,237713,"E92000001","E19000001","E18000006","E10000012","E07000077","E05009925"
"CB11 3EF",10,554365,237668,"E92000001","E19000001","E18000006","E10000012","E07000077","E05009925"
"CB11 3EG",10,554611,237619,"E92000001","E19000001","E18000006","E10000012","E07000077","E05009925"
"CB11 3EH",10,554337,237596,"E92000001","E19000001","E18000006","E10000012","E07000077","E05009925"
"CB11 3EJ",10,554420,237486,"E92000001","E19000001","E18000006","E10000012","E07000077","E05009925"
"CB11 3EL",10,554362,237543,"E92000001","E19000001","E18000006","E10000012","E07000077","E05009925"
"CB11 3EN",10,554311,237496,"E92000001","E19000001","E18000006","E10000012","E07000077","E05009925"
"CB11 3EP",10,554259,237595,"E92000001","E19000001","E18000006","E10000012","E07000077","E05009925"
"CB11 3EQ",10,554494,237458,"E92000001","E19000001","E18000006","E10000012","E07000077","E05009925"
"CB11 3ER",10,554364,237609,"E92000001","E19000001","E18000006","E10000012","E07000077","E05009925"
"CB11 3ES",10,554586,237449,"E92000001","E19000001","E18000006","E10000012","E07000077","E05009925"
"CB11 3ET",10,554503,237307,"E92000001","E19000001","E18000006","E10000012","E07000077","E05009925"
"CB11 3EW",10,554243,237529,"E92000001","E19000001","E18000006","E10000012","E07000077","E05009925"
"CB11 3EX",10,554297,237395,"E92000001","E19000001","E18000006","E10000012","E07000077","E05009925"
"CB11 3EY",10,554286,237278,"E92000001","E19000001","E18000006","E10000012","E07000077","E05009925"
"CB11 3EZ",10,554192,237315,"E92000001","E19000001","E18000006","E10000012","E07000077","E05009925"
"CB11 3FA",10,554272,237799,"E92000001","E19000001","E18000006","E10000012","E07000077","E05009925"
"CB11 3FB",10,554867,238036,"E92000001","E19000001","E18000006","E10000012","E07000077","E05009925"
"CB11 3FD",10,554877,237556,"E92000001","E19000001","E18000006","E10000012","E07000077","E05009925"
"CB11 3FE",10,555052,237570,"E92000001","E19000001","E18000006","E10000012","E07000077","E05009925"
"CB11 3FU",10,554547,238219,"E92000001","E19000001","E18000006","E10000012","E07000077","E05009925"
"CB11 3FY",10,554407,237771,"E92000001","E19000001","E18000006","E10000012","E07000077","E05009925"
"CB11 3FZ",10,554426,237712,"E92000001","E19000001","E18000006","E10000012","E07000077","E05009925"
"CB11 3GA",10,555000,238589,"E92000001","E19000001","E18000006","E10000012","E07000077","E05009924"
"CB11 3GB",10,554747,238244,"E92000001","E19000001","E18000006","E10000012","E07000077","E05009925"
"CB11 3GL",10,554401,237845,"E92000001","E19000001","E18000006","E10000012","E07000077","E05009925"
"CB11 3GP",10,554358,237801,"E92000001","E19000001","E18000006","E10000012","E07000077","E05009925"
"CB11 3GR",10,554221,237859,"E92000001","E19000001","E18000006","E10000012","E07000077","E05009925"
"CB11 3GU",10,553931,231674,"E92000001","E19000001","E18000006","E10000012","E07000077","E05009922"
"CB11 3GW",10,554416,238456,"E92000001","E19000001","E18000006","E10000012","E07000077","E05009925"
"CB11 3GX",10,553688,238427,"E92000001","E19000001","E18000006","E10000012","E07000077","E05009923"
"CB11 3GY",10,554898,231495,"E92000001","E19000001","E18000006","E10000012","E07000077","E05009922"
"CB11 3GZ",10,554281,237879,"E92000001","E19000001","E18000006","E10000012","E07000077","E05009925"
"CB11 3HB",10,553937,238012,"E92000001","E19000001","E18000006","E10000012","E07000077","E05009923"
"CB11 3HD",10,553936,238218,"E92000001","E19000001","E18000006","E10000012","E07000077","E05009923"
"CB11 3HE",10,553928,238119,"E92000001","E19000001","E18000006","E10000012","E07000077","E05009923"
"CB11 3HF",10,553951,238087,"E92000001","E19000001","E18000006","E10000012","E07000077","E05009923"
"CB11 3HG",10,553893,238051,"E92000001","E19000001","E18000006","E10000012","E07000077","E05009923"
"CB11 3HL",10,553834,237981,"E92000001","E19000001","E18000006","E10000012","E07000077","E05009923"
"CB11 3HN",10,554050,238107,"E92000001","E19000001","E18000006","E10000012","E07000077","E05009923"
"CB11 3HP",10,554253,238270,"E92000001","E19000001","E18000006","E10000012","E07000077","E05009925"
"CB11 3HQ",10,553988,238030,"E92000001","E19000001","E18000006","E10000012","E07000077","E05009923"
"CB11 3HR",10,554329,238246,"E92000001","E19000001","E18000006","E10000012","E07000077","E05009925"
"CB11 3HS",10,554247,238389,"E92000001","E19000001","E18000006","E10000012","E07000077","E05009925"
"CB11 3HT",10,554276,238330,"E92000001","E19000001","E18000006","E10000012","E07000077","E05009925"
"CB11 3HU",10,554530,238505,"E92000001","E19000001","E18000006","E10000012","E07000077","E05009925"
"CB11 3HW",10,554142,238336,"E92000001","E19000001","E18000006","E10000012","E07000077","E05009925"
"CB11 3HX",10,553848,238133,"E92000001","E19000001","E18000006","E10000012","E07000077","E05009923"
"CB11 3HY",10,554905,238533,"E92000001","E19000001","E18000006","E10000012","E07000077","E05009925"
"CB11 3HZ",10,552094,234877,"E92000001","E19000001","E18000006","E10000012","E07000077","E05009922"
"CB11 3JA",10,554774,238211,"E92000001","E19000001","E18000006","E10000012","E07000077","E05009925"
"CB11 3JB",10,554652,238484,"E92000001","E19000001","E18000006","E10000012","E07000077","E05009925"
"CB11 3JD",10,554218,238256,"E92000001","E19000001","E18000006","E10000012","E07000077","E05009925"
"CB11 3JE",10,554150,238196,"E92000001","E19000001","E18000006","E10000012","E07000077","E05009925"
"CB11 3JF",10,554953,238521,"E92000001","E19000001","E18000006","E10000012","E07000077","E05009924"
"CB11 3JG",10,553830,237924,"E92000001","E19000001","E18000006","E10000012","E07000077","E05009923"
"CB11 3JH",10,555196,238463,"E92000001","E19000001","E18000006","E10000012","E07000077","E05009924"
"CB11 3JN",10,554923,238425,"E92000001","E19000001","E18000006","E10000012","E07000077","E05009925"
"CB11 3JP",10,555243,238477,"E92000001","E19000001","E18000006","E10000012","E07000077","E05009924"
"CB11 3JR",10,551215,229963,"E92000001","E19000001","E18000006","E10000012","E07000077","E05009922"
"CB11 3JS",10,554645,236157,"E92000001","E19000001","E18000006","E10000012","E07000077","E05009925"
"CB11 3JT",10,555104,234826,"E92000001","E19000001","E18000006","E10000012","E07000077","E05009913"
"CB11 3JU",10,555415,234264,"E92000001","E19000001","E18000006","E10000012","E07000077","E05009913"
"CB11 3JW",10,554976,238454,"E92000001","E19000001","E18000006","E10000012","E07000077","E05009925"
"CB11 3JX",10,554446,234094,"E92000001","E19000001","E18000006","E10000012","E07000077","E05009913"
"CB11 3JY",10,555895,234198,"E92000001","E19000001","E18000006","E10000012","E07000077","E05009913"
"CB11 3LA",10,555446,233895,"E92000001","E19000001","E18000006","E10000012","E07000077","E05009913"
"CB11 3LB",10,555546,233611,"E92000001","E19000001","E18000006","E10000012","E07000077","E05009913"
"CB11 3LD",10,555381,233309,"E92000001","E19000001","E18000006","E10000012","E07000077","E05009913"
"CB11 3LE",10,555713,233369,"E92000001","E19000001","E18000006","E10000012","E07000077","E05009913"
"CB11 3LF",10,555746,233361,"E92000001","E19000001","E18000006","E10000012","E07000077","E05009913"
"CB11 3LG",10,555770,233493,"E92000001","E19000001","E18000006","E10000012","E07000077","E05009913"
"CB11 3LH",10,555751,233441,"E92000001","E19000001","E18000006","E10000012","E07000077","E05009913"
"CB11 3LJ",10,555792,233378,"E92000001","E19000001","E18000006","E10000012","E07000077","E05009913"
"CB11 3LL",10,555814,233414,"E92000001","E19000001","E18000006","E10000012","E07000077","E05009913"
"CB11 3LN",10,555841,233233,"E92000001","E19000001","E18000006","E10000012","E07000077","E05009913"
"CB11 3LP",10,556055,232953,"E92000001","E19000001","E18000006","E10000012","E07000077","E05009913"
"CB11 3LQ",10,555700,233482,"E92000001","E19000001","E18000006","E10000012","E07000077","E05009913"
"CB11 3LR",10,555380,232345,"E92000001","E19000001","E18000006","E10000012","E07000077","E05009913"
"CB11 3LS",10,556914,232609,"E92000001","E19000001","E18000006","E10000012","E07000077","E05009913"
"CB11 3LT",10,557361,232897,"E92000001","E19000001","E18000006","E10000012","E07000077","E05009913"
"CB11 3LU",10,557919,232561,"E92000001","E19000001","E18000006","E10000012","E07000077","E05009913"
"CB11 3LW",10,555916,233214,"E92000001","E19000001","E18000006","E10000012","E07000077","E05009913"
"CB11 3LX",10,557991,231979,"E92000001","E19000001","E18000006","E10000012","E07000077","E05009913"
"CB11 3LY",10,558078,232036,"E92000001","E19000001","E18000006","E10000012","E07000077","E05009913"
"CB11 3LZ",10,557376,231327,"E92000001","E19000001","E18000006","E10000012","E07000077","E05009913"
"CB11 3NA",10,556876,230759,"E92000001","E19000001","E18000006","E10000012","E07000077","E05009913"
"CB11 3NB",10,555246,238566,"E92000001","E19000001","E18000006","E10000012","E07000077","E05009924"
"CB11 3ND",10,553688,238427,"E92000001","E19000001","E18000006","E10000012","E07000077","E05009923"
"CB11 3NJ",10,555269,238522,"E92000001","E19000001","E18000006","E10000012","E07000077","E05009924"
"CB11 3NL",10,555212,238572,"E92000001","E19000001","E18000006","E10000012","E07000077","E05009924"
"CB11 3NN",10,551245,229910,"E92000001","E19000001","E18000006","E10000012","E07000077","E05009922"
"CB11 3NP",10,551253,230025,"E92000001","E19000001","E18000006","E10000012","E07000077","E05009922"
"CB11 3NR",10,551918,235067,"E92000001","E19000001","E18000006","E10000012","E07000077","E05009922"
"CB11 3NS",10,555135,238486,"E92000001","E19000001","E18000006","E10000012","E07000077","E05009924"
"CB11 3NT",10,551222,229877,"E92000001","E19000001","E18000006","E10000012","E07000077","E05009922"
"CB11 3NU",10,551774,234435,"E92000001","E19000001","E18000006","E10000012","E07000077","E05009922"
"CB11 3NW",10,551564,234678,"E92000001","E19000001","E18000006","E10000012","E07000077","E05009922"
"CB11 3NX",10,551775,234516,"E92000001","E19000001","E18000006","E10000012","E07000077","E05009922"
"CB11 3NY",10,553981,237690,"E92000001","E19000001","E18000006","E10000012","E07000077","E05009925"
"CB11 3NZ",10,551716,234508,"E92000001","E19000001","E18000006","E10000012","E07000077","E05009922"
"CB11 3PA",10,551994,233221,"E92000001","E19000001","E18000006","E10000012","E07000077","E05009922"
"CB11 3PE",10,552183,233968,"E92000001","E19000001","E18000006","E10000012","E07000077","E05009922"
"CB11 3PF",10,552139,233957,"E92000001","E19000001","E18000006","E10000012","E07000077","E05009922"
"CB11 3PG",10,552124,233742,"E92000001","E19000001","E18000006","E10000012","E07000077","E05009922"
"CB11 3PJ",10,552068,233888,"E92000001","E19000001","E18000006","E10000012","E07000077","E05009922"
"CB11 3PL",10,552154,233604,"E92000001","E19000001","E18000006","E10000012","E07000077","E05009922"
"CB11 3PN",10,552099,233412,"E92000001","E19000001","E18000006","E10000012","E07000077","E05009922"
"CB11 3PP",10,552131,233152,"E92000001","E19000001","E18000006","E10000012","E07000077","E05009922"
"CB11 3PQ",10,552096,233759,"E92000001","E19000001","E18000006","E10000012","E07000077","E05009922"
"CB11 3PR",10,552066,233414,"E92000001","E19000001","E18000006","E10000012","E07000077","E05009922"
"CB11 3PS",10,552057,233518,"E92000001","E19000001","E18000006","E10000012","E07000077","E05009922"
"CB11 3PT",10,552053,233616,"E92000001","E19000001","E18000006","E10000012","E07000077","E05009922"
"CB11 3PU",10,551818,233586,"E92000001","E19000001","E18000006","E10000012","E07000077","E05009922"
"CB11 3PW",10,552108,233374,"E92000001","E19000001","E18000006","E10000012","E07000077","E05009922"
"CB11 3PX",10,551867,233613,"E92000001","E19000001","E18000006","E10000012","E07000077","E05009922"
"CB11 3PY",10,551799,233899,"E92000001","E19000001","E18000006","E10000012","E07000077","E05009922"
"CB11 3PZ",10,551930,233798,"E92000001","E19000001","E18000006","E10000012","E07000077","E05009922"
"CB11 3QA",10,551879,233853,"E92000001","E19000001","E18000006","E10000012","E07000077","E05009922"
"CB11 3QB",10,551956,233870,"E92000001","E19000001","E18000006","E10000012","E07000077","E05009922"
"CB11 3QD",10,552046,234017,"E92000001","E19000001","E18000006","E10000012","E07000077","E05009922"
"CB11 3QE",10,551958,233943,"E92000001","E19000001","E18000006","E10000012","E07000077","E05009922"
"CB11 3QF",10,551870,233985,"E92000001","E19000001","E18000006","E10000012","E07000077","E05009922"
"CB11 3QG",10,552029,234058,"E92000001","E19000001","E18000006","E10000012","E07000077","E05009922"
"CB11 3QH",10,551669,233930,"E92000001","E19000001","E18000006","E10000012","E07000077","E05009922"
"CB11 3QJ",10,552082,233714,"E92000001","E19000001","E18000006","E10000012","E07000077","E05009922"
"CB11 3QL",10,551884,234151,"E92000001","E19000001","E18000006","E10000012","E07000077","E05009922"
"CB11 3QN",10,551923,233718,"E92000001","E19000001","E18000006","E10000012","E07000077","E05009922"
"CB11 3QP",10,552050,233752,"E92000001","E19000001","E18000006","E10000012","E07000077","E05009922"
"CB11 3QQ",10,551857,234431,"E92000001","E19000001","E18000006","E10000012","E07000077","E05009922"
"CB11 3QR",10,552017,233660,"E92000001","E19000001","E18000006","E10000012","E07000077","E05009922"
"CB11 3QS",10,551954,233756,"E92000001","E19000001","E18000006","E10000012","E07000077","E05009922"
"CB11 3QT",10,551857,233917,"E92000001","E19000001","E18000006","E10000012","E07000077","E05009922"
"CB11 3QU",10,551752,233845,"E92000001","E19000001","E18000006","E10000012","E07000077","E05009922"
"CB11 3QW",10,551933,233671,"E92000001","E19000001","E18000006","E10000012","E07000077","E05009922"
"CB11 3QX",10,552163,234067,"E92000001","E19000001","E18000006","E10000012","E07000077","E05009922"
"CB11 3QY",10,552190,234114,"E92000001","E19000001","E18000006","E10000012","E07000077","E05009922"
"CB11 3QZ",10,552170,234119,"E92000001","E19000001","E18000006","E10000012","E07000077","E05009922"
"CB11 3RA",10,552124,234076,"E92000001","E19000001","E18000006","E10000012","E07000077","E05009922"
"CB11 3RB",10,552158,234149,"E92000001","E19000001","E18000006","E10000012","E07000077","E05009922"
"CB11 3RD",10,552132,234278,"E92000001","E19000001","E18000006","E10000012","E07000077","E05009922"
"CB11 3RE",10,552068,234259,"E92000001","E19000001","E18000006","E10000012","E07000077","E05009922"
"CB11 3RF",10,552163,234263,"E92000001","E19000001","E18000006","E10000012","E07000077","E05009922"
"CB11 3RG",10,552197,234311,"E92000001","E19000001","E18000006","E10000012","E07000077","E05009922"
"CB11 3RH",10,551839,234391,"E92000001","E19000001","E18000006","E10000012","E07000077","E05009922"
"CB11 3RJ",10,552019,234262,"E92000001","E19000001","E18000006","E10000012","E07000077","E05009922"
"CB11 3RN",10,552204,233643,"E92000001","E19000001","E18000006","E10000012","E07000077","E05009922"
"CB11 3RP",10,551673,234497,"E92000001","E19000001","E18000006","E10000012","E07000077","E05009922"
"CB11 3RQ",10,552135,234363,"E92000001","E19000001","E18000006","E10000012","E07000077","E05009922"
"CB11 3RR",10,551870,234042,"E92000001","E19000001","E18000006","E10000012","E07000077","E05009922"
"CB11 3RS",10,552004,234111,"E92000001","E19000001","E18000006","E10000012","E07000077","E05009922"
"CB11 3RU",10,552561,233801,"E92000001","E19000001","E18000006","E10000012","E07000077","E05009922"
"CB11 3RW",10,552180,233678,"E92000001","E19000001","E18000006","E10000012","E07000077","E05009922"
"CB11 3RX",10,552293,233539,"E92000001","E19000001","E18000006","E10000012","E07000077","E05009922"
"CB11 3RY",10,553341,233571,"E92000001","E19000001","E18000006","E10000012","E07000077","E05009922"
"CB11 3RZ",10,553738,232963,"E92000001","E19000001","E18000006","E10000012","E07000077","E05009922"
"CB11 3SA",10,553528,232035,"E92000001","E19000001","E18000006","E10000012","E07000077","E05009922"
"CB11 3SB",10,553803,231843,"E92000001","E19000001","E18000006","E10000012","E07000077","E05009922"
"CB11 3SD",10,553826,231734,"E92000001","E19000001","E18000006","E10000012","E07000077","E05009922"
"CB11 3SE",10,553860,231708,"E92000001","E19000001","E18000006","E10000012","E07000077","E05009922"
"CB11 3SF",10,553989,231708,"E92000001","E19000001","E18000006","E10000012","E07000077","E05009922"
"CB11 3SG",10,553818,231614,"E92000001","E19000001","E18000006","E10000012","E07000077","E05009922"
"CB11 3SH",10,553828,231673,"E92000001","E19000001","E18000006","E10000012","E07000077","E05009922"
"CB11 3SJ",10,553708,231572,"E92000001","E19000001","E18000006","E10000012","E07000077","E05009922"
"CB11 3SL",10,553649,231403,"E92000001","E19000001","E18000006","E10000012","E07000077","E05009922"
"CB11 3SN",10,553769,231118,"E92000001","E19000001","E18000006","E10000012","E07000077","E05009922"
"CB11 3SP",10,554482,231217,"E92000001","E19000001","E18000006","E10000012","E07000077","E05009922"
"CB11 3SQ",10,553785,231472,"E92000001","E19000001","E18000006","E10000012","E07000077","E05009922"
"CB11 3SR",10,554898,231495,"E92000001","E19000001","E18000006","E10000012","E07000077","E05009922"
"CB11 3SS",10,554819,231366,"E92000001","E19000001","E18000006","E10000012","E07000077","E05009922"
"CB11 3ST",10,555453,230922,"E92000001","E19000001","E18000006","E10000012","E07000077","E05009922"
"CB11 3SU",10,552997,232368,"E92000001","E19000001","E18000006","E10000012","E07000077","E05009922"
"CB11 3SW",10,553772,231278,"E92000001","E19000001","E18000006","E10000012","E07000077","E05009922"
"CB11 3SY",10,552315,232697,"E92000001","E19000001","E18000006","E10000012","E07000077","E05009922"
"CB11 3SZ",10,553616,231980,"E92000001","E19000001","E18000006","E10000012","E07000077","E05009922"
"CB11 3TB",10,551651,234404,"E92000001","E19000001","E18000006","E10000012","E07000077","E05009922"
"CB11 3TE",10,552546,233205,"E92000001","E19000001","E18000006","E10000012","E07000077","E05009922"
"CB11 3TF",10,552076,234520,"E92000001","E19000001","E18000006","E10000012","E07000077","E05009922"
"CB11 3TG",10,552091,232996,"E92000001","E19000001","E18000006","E10000012","E07000077","E05009922"
"CB11 3TH",10,552160,234496,"E92000001","E19000001","E18000006","E10000012","E07000077","E05009922"
"CB11 3TJ",10,552181,234506,"E92000001","E19000001","E18000006","E10000012","E07000077","E05009922"
"CB11 3TL",10,552159,234659,"E92000001","E19000001","E18000006","E10000012","E07000077","E05009922"
"CB11 3TN",10,552038,234781,"E92000001","E19000001","E18000006","E10000012","E07000077","E05009922"
"CB11 3TP",10,551964,234963,"E92000001","E19000001","E18000006","E10000012","E07000077","E05009922"
"CB11 3TQ",10,552017,234941,"E92000001","E19000001","E18000006","E10000012","E07000077","E05009922"
"CB11 3TR",10,552129,234707,"E92000001","E19000001","E18000006","E10000012","E07000077","E05009922"
"CB11 3TS",10,551976,235149,"E92000001","E19000001","E18000006","E10000012","E07000077","E05009922"
"CB11 3TT",10,552006,235768,"E92000001","E19000001","E18000006","E10000012","E07000077","E05009922"
"CB11 3TU",10,552212,236050,"E92000001","E19000001","E18000006","E10000012","E07000077","E05009922"
"CB11 3TW",10,551964,234958,"E92000001","E19000001","E18000006","E10000012","E07000077","E05009922"
"CB11 3TX",10,552659,235429,"E92000001","E19000001","E18000006","E10000012","E07000077","E05009922"
"CB11 3TZ",10,551859,234342,"E92000001","E19000001","E18000006","E10000012","E07000077","E05009922"
"CB11 3UA",10,551726,234385,"E92000001","E19000001","E18000006","E10000012","E07000077","E05009922"
"CB11 3UB",10,551675,234368,"E92000001","E19000001","E18000006","E10000012","E07000077","E05009922"
"CB11 3UD",10,551722,234663,"E92000001","E19000001","E18000006","E10000012","E07000077","E05009922"
"CB11 3UE",10,551168,233565,"E92000001","E19000001","E18000006","E10000012","E07000077","E05009912"
"CB11 3UF",10,550226,233434,"E92000001","E19000001","E18000006","E10000012","E07000077","E05009912"
"CB11 3UG",10,549897,233285,"E92000001","E19000001","E18000006","E10000012","E07000077","E05009912"
"CB11 3UH",10,549483,233016,"E92000001","E19000001","E18000006","E10000012","E07000077","E05009912"
"CB11 3UJ",10,549498,233132,"E92000001","E19000001","E18000006","E10000012","E07000077","E05009912"
"CB11 3UL",10,549366,233101,"E92000001","E19000001","E18000006","E10000012","E07000077","E05009912"
"CB11 3UN",10,548982,232941,"E92000001","E19000001","E18000006","E10000012","E07000077","E05009912"
"CB11 3UP",10,551492,234957,"E92000001","E19000001","E18000006","E10000012","E07000077","E05009922"
"CB11 3UQ",10,549857,233236,"E92000001","E19000001","E18000006","E10000012","E07000077","E05009912"
"CB11 3US",10,549316,233104,"E92000001","E19000001","E18000006","E10000012","E07000077","E05009912"
"CB11 3UW",10,551841,234263,"E92000001","E19000001","E18000006","E10000012","E07000077","E05009922"
"CB11 3UZ",10,554449,238465,"E92000001","E19000001","E18000006","E10000012","E07000077","E05009925"
"CB11 3WA",10,554616,238048,"E92000001","E19000001","E18000006","E10000012","E07000077","E05009925"
"CB11 3WH",10,553926,237956,"E92000001","E19000001","E18000006","E10000012","E07000077","E05009923"
"CB11 3WL",10,551979,233470,"E92000001","E19000001","E18000006","E10000012","E07000077","E05009922"
"CB11 3WQ",10,554026,238013,"E92000001","E19000001","E18000006","E10000012","E07000077","E05009923"
"CB11 3WT",10,552578,232059,"E92000001","E19000001","E18000006","E10000012","E07000077","E05009922"
"CB11 3XA",10,552029,233495,"E92000001","E19000001","E18000006","E10000012","E07000077","E05009922"
"CB11 3XB",10,552017,233528,"E92000001","E19000001","E18000006","E10000012","E07000077","E05009922"
"CB11 3XD",10,551113,230159,"E92000001","E19000001","E18000006","E10000012","E07000077","E05009922"
"CB11 3XE",10,551162,230154,"E92000001","E19000001","E18000006","E10000012","E07000077","E05009922"
"CB11 3XF",10,551220,230164,"E92000001","E19000001","E18000006","E10000012","E07000077","E05009922"
"CB11 3XG",10,551211,230157,"E92000001","E19000001","E18000006","E10000012","E07000077","E05009922"
"CB11 3XH",10,551325,230068,"E92000001","E19000001","E18000006","E10000012","E07000077","E05009922"
"CB11 3XJ",10,551399,230572,"E92000001","E19000001","E18000006","E10000012","E07000077","E05009922"
"CB11 3XL",10,551448,230661,"E92000001","E19000001","E18000006","E10000012","E07000077","E05009922"
"CB11 3XN",10,551536,231841,"E92000001","E19000001","E18000006","E10000012","E07000077","E05009922"
"CB11 3XP",10,552489,230471,"E92000001","E19000001","E18000006","E10000012","E07000077","E05009928"
"CB11 3XQ",10,551306,230151,"E92000001","E19000001","E18000006","E10000012","E07000077","E05009922"
"CB11 3XR",10,553144,230242,"E92000001","E19000001","E18000006","E10000012","E07000077","E05009914"
"CB11 3XT",10,553688,238427,"E92000001","E19000001","E18000006","E10000012","E07000077","E05009923"
"CB11 3XW",10,552024,231668,"E92000001","E19000001","E18000006","E10000012","E07000077","E05009922"
"CB11 3XY",10,551240,230082,"E92000001","E19000001","E18000006","E10000012","E07000077","E05009922"
"CB11 3XZ",10,551923,233531,"E92000001","E19000001","E18000006","E10000012","E07000077","E05009922"
"CB11 3YB",10,550977,230010,"E92000001","E19000001","E18000006","E10000012","E07000077","E05009922"
"CB11 3YD",10,551117,230087,"E92000001","E19000001","E18000006","E10000012","E07000077","E05009922"
"CB11 3YF",10,551152,230073,"E92000001","E19000001","E18000006","E10000012","E07000077","E05009922"
"CB11 3YG",10,551085,229791,"E92000001","E19000001","E18000006","E10000012","E07000077","E05009922"
"CB11 3YH",10,550657,230407,"E92000001","E19000001","E18000006","E10000012","E07000077","E05009922"
"CB11 3YJ",10,550020,230267,"E92000001","E19000001","E18000006","E10000012","E07000077","E05009922"
"CB11 3YL",10,549670,231511,"E92000001","E19000001","E18000006","E10000012","E07000077","E05009922"
"CB11 3YN",10,551288,229276,"E92000001","E19000001","E18000006","E10000012","E07000077","E05009922"
"CB11 3YQ",10,550894,230058,"E92000001","E19000001","E18000006","E10000012","E07000077","E05009922"
"CB11 3YW",10,550698,229321,"E92000001","E19000001","E18000006","E10000012","E07000077","E05009922"
"CB11 3YY",10,553688,238427,"E92000001","E19000001","E18000006","E10000012","E07000077","E05009923"
"CB11 3YZ",10,550817,230216,"E92000001","E19000001","E18000006","E10000012","E07000077","E05009922"
"CB11 3ZA",10,552044,234873,"E92000001","E19000001","E18000006","E10000012","E07000077","E05009922"
"CB11 3ZB",10,551610,234532,"E92000001","E19000001","E18000006","E10000012","E07000077","E05009922"
"CB11 3ZD",10,551596,234610,"E92000001","E19000001","E18000006","E10000012","E07000077","E05009922"
"CB11 3ZE",10,551528,234383,"E92000001","E19000001","E18000006","E10000012","E07000077","E05009922"
"CB11 3ZF",10,551515,234419,"E92000001","E19000001","E18000006","E10000012","E07000077","E05009922"
"CB11 3ZG",10,551532,234466,"E92000001","E19000001","E18000006","E10000012","E07000077","E05009922"
"CB11 3ZH",10,551576,234590,"E92000001","E19000001","E18000006","E10000012","E07000077","E05009922"
"CB11 3ZL",10,551704,234555,"E92000001","E19000001","E18000006","E10000012","E07000077","E05009922"
"CB11 3ZT",10,554925,230957,"E92000001","E19000001","E18000006","E10000012","E07000077","E05009922"
"CB11 3ZY",10,552209,233824,"E92000001","E19000001","E18000006","E10000012","E07000077","E05009922"
"CB11 4AA",10,553792,238054,"E92000001","E19000001","E18000006","E10000012","E07000077","E05009923"
"CB11 4AB",10,553790,237884,"E92000001","E19000001","E18000006","E10000012","E07000077","E05009923"
"CB11 4AD",10,553864,237808,"E92000001","E19000001","E18000006","E10000012","E07000077","E05009925"
"CB11 4AE",10,553828,237721,"E92000001","E19000001","E18000006","E10000012","E07000077","E05009923"
"CB11 4AF",10,553624,237852,"E92000001","E19000001","E18000006","E10000012","E07000077","E05009923"
"CB11 4AG",10,553757,237784,"E92000001","E19000001","E18000006","E10000012","E07000077","E05009923"
"CB11 4AH",10,553656,237679,"E92000001","E19000001","E18000006","E10000012","E07000077","E05009923"
"CB11 4AJ",10,553659,237514,"E92000001","E19000001","E18000006","E10000012","E07000077","E05009923"
"CB11 4AL",10,553853,237588,"E92000001","E19000001","E18000006","E10000012","E07000077","E05009923"
"CB11 4AP",10,553894,237282,"E92000001","E19000001","E18000006","E10000012","E07000077","E05009923"
"CB11 4AQ",10,553758,237664,"E92000001","E19000001","E18000006","E10000012","E07000077","E05009923"
"CB11 4AR",10,554031,237307,"E92000001","E19000001","E18000006","E10000012","E07000077","E05009925"
"CB11 4AS",10,554119,237223,"E92000001","E19000001","E18000006","E10000012","E07000077","E05009925"
"CB11 4AT",10,553977,236965,"E92000001","E19000001","E18000006","E10000012","E07000077","E05009925"
"CB11 4AU",10,553943,236989,"E92000001","E19000001","E18000006","E10000012","E07000077","E05009923"
"CB11 4AW",10,553933,237284,"E92000001","E19000001","E18000006","E10000012","E07000077","E05009925"
"CB11 4AX",10,554135,237106,"E92000001","E19000001","E18000006","E10000012","E07000077","E05009925"
"CB11 4AY",10,554055,236949,"E92000001","E19000001","E18000006","E10000012","E07000077","E05009925"
"CB11 4AZ",10,554087,237139,"E92000001","E19000001","E18000006","E10000012","E07000077","E05009925"
"CB11 4BA",10,554175,237161,"E92000001","E19000001","E18000006","E10000012","E07000077","E05009925"
"CB11 4BB",10,553885,236883,"E92000001","E19000001","E18000006","E10000012","E07000077","E05009923"
"CB11 4BD",10,554409,237336,"E92000001","E19000001","E18000006","E10000012","E07000077","E05009925"
"CB11 4BE",10,554329,237242,"E92000001","E19000001","E18000006","E10000012","E07000077","E05009925"
"CB11 4BG",10,554397,237212,"E92000001","E19000001","E18000006","E10000012","E07000077","E05009925"
"CB11 4BH",10,554385,237001,"E92000001","E19000001","E18000006","E10000012","E07000077","E05009925"
"CB11 4BJ",10,554244,237060,"E92000001","E19000001","E18000006","E10000012","E07000077","E05009925"
"CB11 4BL",10,554142,237017,"E92000001","E19000001","E18000006","E10000012","E07000077","E05009925"
"CB11 4BN",10,554215,237245,"E92000001","E19000001","E18000006","E10000012","E07000077","E05009925"
"CB11 4BP",10,553282,237817,"E92000001","E19000001","E18000006","E10000012","E07000077","E05009923"
"CB11 4BQ",10,554388,237121,"E92000001","E19000001","E18000006","E10000012","E07000077","E05009925"
"CB11 4BS",10,553552,237708,"E92000001","E19000001","E18000006","E10000012","E07000077","E05009923"
"CB11 4BT",10,553292,237411,"E92000001","E19000001","E18000006","E10000012","E07000077","E05009923"
"CB11 4BU",10,553349,237479,"E92000001","E19000001","E18000006","E10000012","E07000077","E05009923"
"CB11 4BW",10,554160,237219,"E92000001","E19000001","E18000006","E10000012","E07000077","E05009925"
"CB11 4BX",10,553478,237398,"E92000001","E19000001","E18000006","E10000012","E07000077","E05009923"
"CB11 4BY",10,553692,237369,"E92000001","E19000001","E18000006","E10000012","E07000077","E05009923"
"CB11 4BZ",10,553549,237249,"E92000001","E19000001","E18000006","E10000012","E07000077","E05009923"
"CB11 4DA",10,553446,237273,"E92000001","E19000001","E18000006","E10000012","E07000077","E05009923"
"CB11 4DB",10,553450,237199,"E92000001","E19000001","E18000006","E10000012","E07000077","E05009923"
"CB11 4DD",10,553624,237351,"E92000001","E19000001","E18000006","E10000012","E07000077","E05009923"
"CB11 4DE",10,553633,237242,"E92000001","E19000001","E18000006","E10000012","E07000077","E05009923"
"CB11 4DF",10,553827,237127,"E92000001","E19000001","E18000006","E10000012","E07000077","E05009923"
"CB11 4DG",10,553819,237180,"E92000001","E19000001","E18000006","E10000012","E07000077","E05009923"
"CB11 4DH",10,553814,237304,"E92000001","E19000001","E18000006","E10000012","E07000077","E05009923"
"CB11 4DJ",10,553789,237407,"E92000001","E19000001","E18000006","E10000012","E07000077","E05009923"
"CB11 4DL",10,553614,237451,"E92000001","E19000001","E18000006","E10000012","E07000077","E05009923"
"CB11 4DN",10,553617,237084,"E92000001","E19000001","E18000006","E10000012","E07000077","E05009923"
"CB11 4DP",10,553522,237110,"E92000001","E19000001","E18000006","E10000012","E07000077","E05009923"
"CB11 4DQ",10,553842,237212,"E92000001","E19000001","E18000006","E10000012","E07000077","E05009923"
"CB11 4DR",10,554229,236863,"E92000001","E19000001","E18000006","E10000012","E07000077","E05009925"
"CB11 4DS",10,554142,236913,"E92000001","E19000001","E18000006","E10000012","E07000077","E05009925"
"CB11 4DT",10,554107,236843,"E92000001","E19000001","E18000006","E10000012","E07000077","E05009925"
"CB11 4DU",10,554336,237081,"E92000001","E19000001","E18000006","E10000012","E07000077","E05009925"
"CB11 4DW",10,553700,237158,"E92000001","E19000001","E18000006","E10000012","E07000077","E05009923"
"CB11 4DX",10,553753,237897,"E92000001","E19000001","E18000006","E10000012","E07000077","E05009923"
"CB11 4DY",10,553716,237051,"E92000001","E19000001","E18000006","E10000012","E07000077","E05009923"
"CB11 4DZ",10,553447,237591,"E92000001","E19000001","E18000006","E10000012","E07000077","E05009923"
"CB11 4EA",10,553919,237485,"E92000001","E19000001","E18000006","E10000012","E07000077","E05009925"
"CB11 4EB",10,553741,238114,"E92000001","E19000001","E18000006","E10000012","E07000077","E05009923"
"CB11 4ED",10,553705,238041,"E92000001","E19000001","E18000006","E10000012","E07000077","E05009923"
"CB11 4EF",10,553696,237928,"E92000001","E19000001","E18000006","E10000012","E07000077","E05009923"
"CB11 4EG",10,553513,238041,"E92000001","E19000001","E18000006","E10000012","E07000077","E05009923"
"CB11 4EH",10,553571,238077,"E92000001","E19000001","E18000006","E10000012","E07000077","E05009923"
"CB11 4EJ",10,553688,238427,"E92000001","E19000001","E18000006","E10000012","E07000077","E05009923"
"CB11 4EN",10,553804,237992,"E92000001","E19000001","E18000006","E10000012","E07000077","E05009923"
"CB11 4EQ",10,553477,238046,"E92000001","E19000001","E18000006","E10000012","E07000077","E05009923"
"CB11 4ER",10,553590,237983,"E92000001","E19000001","E18000006","E10000012","E07000077","E05009923"
"CB11 4ET",10,553801,237042,"E92000001","E19000001","E18000006","E10000012","E07000077","E05009923"
"CB11 4EX",10,548341,234392,"E92000001","E19000001","E18000006","E10000012","E07000077","E05009912"
"CB11 4EY",10,548559,234251,"E92000001","E19000001","E18000006","E10000012","E07000077","E05009912"
"CB11 4EZ",10,548417,234309,"E92000001","E19000001","E18000006","E10000012","E07000077","E05009912"
"CB11 4FB",10,547545,231373,"E92000001","E19000001","E18000006","E10000012","E07000077","E05009912"
"CB11 4FD",10,551727,239611,"E92000001","E19000001","E18000006","E10000012","E07000077","E05009921"
"CB11 4FE",10,553761,236970,"E92000001","E19000001","E18000006","E10000012","E07000077","E05009923"
"CB11 4FF",10,544776,235391,"E92000001","E19000001","E18000006","E10000012","E07000077","E05009912"
"CB11 4FG",10,553448,237776,"E92000001","E19000001","E18000006","E10000012","E07000077","E05009923"
"CB11 4FS",10,553692,237845,"E92000001","E19000001","E18000006","E10000012","E07000077","E05009923"
"CB11 4FU",10,547547,231305,"E92000001","E19000001","E18000006","E10000012","E07000077","E05009912"
"CB11 4FX",10,553880,237008,"E92000001","E19000001","E18000006","E10000012","E07000077","E05009923"
"CB11 4FZ",10,548046,232810,"E92000001","E19000001","E18000006","E10000012","E07000077","E05009912"
"CB11 4GA",10,553890,237638,"E92000001","E19000001","E18000006","E10000012","E07000077","E05009925"
"CB11 4GD",10,553796,237669,"E92000001","E19000001","E18000006","E10000012","E07000077","E05009923"
"CB11 4GE",10,553965,237475,"E92000001","E19000001","E18000006","E10000012","E07000077","E05009925"
"CB11 4GJ",10,553944,237528,"E92000001","E19000001","E18000006","E10000012","E07000077","E05009925"
"CB11 4GL",10,554018,237509,"E92000001","E19000001","E18000006","E10000012","E07000077","E05009925"
"CB11 4GN",10,554038,237465,"E92000001","E19000001","E18000006","E10000012","E07000077","E05009925"
"CB11 4GP",10,554017,237375,"E92000001","E19000001","E18000006","E10000012","E07000077","E05009925"
"CB11 4GR",10,546182,239952,"E92000001","E19000001","E18000006","E10000012","E07000077","E05009921"
"CB11 4GS",10,551443,239826,"E92000001","E19000001","E18000006","E10000012","E07000077","E05009921"
"CB11 4GT",10,551528,236418,"E92000001","E19000001","E18000006","E10000012","E07000077","E05009921"
"CB11 4GU",10,547399,231304,"E92000001","E19000001","E18000006","E10000012","E07000077","E05009912"
"CB11 4GW",10,547187,231479,"E92000001","E19000001","E18000006","E10000012","E07000077","E05009912"
"CB11 4GX",10,547157,231553,"E92000001","E19000001","E18000006","E10000012","E07000077","E05009912"
"CB11 4GY",10,547212,231615,"E92000001","E19000001","E18000006","E10000012","E07000077","E05009912"
"CB11 4GZ",10,553997,237570,"E92000001","E19000001","E18000006","E10000012","E07000077","E05009925"
"CB11 4HA",10,547966,233703,"E92000001","E19000001","E18000006","E10000012","E07000077","E05009912"
"CB11 4HB",10,548248,234637,"E92000001","E19000001","E18000006","E10000012","E07000077","E05009912"
"CB11 4HD",10,548521,235231,"E92000001","E19000001","E18000006","E10000012","E07000077","E05009912"
"CB11 4HE",10,548382,234923,"E92000001","E19000001","E18000006","E10000012","E07000077","E05009912"
"CB11 4HF",10,548416,235212,"E92000001","E19000001","E18000006","E10000012","E07000077","E05009912"
"CB11 4HG",10,547494,235461,"E92000001","E19000001","E18000006","E10000012","E07000077","E05009912"
"CB11 4HH",10,547033,234518,"E92000001","E19000001","E18000006","E10000012","E07000077","E05009912"
"CB11 4HJ",10,547993,234549,"E92000001","E19000001","E18000006","E10000012","E07000077","E05009912"
"CB11 4HQ",10,546934,235276,"E92000001","E19000001","E18000006","E10000012","E07000077","E05009912"
"CB11 4HY",10,554052,237720,"E92000001","E19000001","E18000006","E10000012","E07000077","E05009925"
"CB11 4JA",10,553037,237919,"E92000001","E19000001","E18000006","E10000012","E07000077","E05009923"
"CB11 4JB",10,552468,237933,"E92000001","E19000001","E18000006","E10000012","E07000077","E05009923"
"CB11 4JE",10,552601,237686,"E92000001","E19000001","E18000006","E10000012","E07000077","E05009923"
"CB11 4JF",10,552467,238150,"E92000001","E19000001","E18000006","E10000012","E07000077","E05009923"
"CB11 4JG",10,552139,238503,"E92000001","E19000001","E18000006","E10000012","E07000077","E05009921"
"CB11 4JH",10,551144,237986,"E92000001","E19000001","E18000006","E10000012","E07000077","E05009921"
"CB11 4JJ",10,552260,237305,"E92000001","E19000001","E18000006","E10000012","E07000077","E05009921"
"CB11 4JL",10,551851,236372,"E92000001","E19000001","E18000006","E10000012","E07000077","E05009921"
"CB11 4JN",10,551888,236536,"E92000001","E19000001","E18000006","E10000012","E07000077","E05009921"
"CB11 4JP",10,551987,236362,"E92000001","E19000001","E18000006","E10000012","E07000077","E05009921"
"CB11 4JQ",10,551499,238239,"E92000001","E19000001","E18000006","E10000012","E07000077","E05009921"
"CB11 4JR",10,551802,235932,"E92000001","E19000001","E18000006","E10000012","E07000077","E05009921"
"CB11 4JS",10,551428,235880,"E92000001","E19000001","E18000006","E10000012","E07000077","E05009921"
"CB11 4JT",10,551165,235841,"E92000001","E19000001","E18000006","E10000012","E07000077","E05009921"
"CB11 4JU",10,551058,236069,"E92000001","E19000001","E18000006","E10000012","E07000077","E05009921"
"CB11 4JW",10,551973,236275,"E92000001","E19000001","E18000006","E10000012","E07000077","E05009921"
"CB11 4JX",10,551492,236420,"E92000001","E19000001","E18000006","E10000012","E07000077","E05009921"
"CB11 4JY",10,551093,236398,"E92000001","E19000001","E18000006","E10000012","E07000077","E05009921"
"CB11 4JZ",10,551298,236352,"E92000001","E19000001","E18000006","E10000012","E07000077","E05009921"
"CB11 4LA",10,551610,236477,"E92000001","E19000001","E18000006","E10000012","E07000077","E05009921"
"CB11 4LB",10,551674,236434,"E92000001","E19000001","E18000006","E10000012","E07000077","E05009921"
"CB11 4LD",10,551674,236395,"E92000001","E19000001","E18000006","E10000012","E07000077","E05009921"
"CB11 4LE",10,551822,236505,"E92000001","E19000001","E18000006","E10000012","E07000077","E05009921"
"CB11 4LH",10,552698,237007,"E92000001","E19000001","E18000006","E10000012","E07000077","E05009923"
"CB11 4LN",10,551485,236515,"E92000001","E19000001","E18000006","E10000012","E07000077","E05009921"
"CB11 4LQ",10,551435,236591,"E92000001","E19000001","E18000006","E10000012","E07000077","E05009921"
"CB11 4LT",10,546413,239719,"E92000001","E19000001","E18000006","E10000012","E07000077","E05009921"
"CB11 4LU",10,547312,240963,"E92000001","E19000001","E18000006","E10000012","E07000077","E05009921"
"CB11 4LX",10,546454,239773,"E92000001","E19000001","E18000006","E10000012","E07000077","E05009921"
"CB11 4LY",10,546486,239721,"E92000001","E19000001","E18000006","E10000012","E07000077","E05009921"
"CB11 4LZ",10,546640,239832,"E92000001","E19000001","E18000006","E10000012","E07000077","E05009921"
"CB11 4NA",10,546801,239898,"E92000001","E19000001","E18000006","E10000012","E07000077","E05009921"
"CB11 4NB",10,546301,240047,"E92000001","E19000001","E18000006","E10000012","E07000077","E05009921"
"CB11 4ND",10,546353,239710,"E92000001","E19000001","E18000006","E10000012","E07000077","E05009921"
"CB11 4NE",10,546116,239635,"E92000001","E19000001","E18000006","E10000012","E07000077","E05009921"
"CB11 4NF",10,546082,239904,"E92000001","E19000001","E18000006","E10000012","E07000077","E05009921"
"CB11 4NG",10,546362,239932,"E92000001","E19000001","E18000006","E10000012","E07000077","E05009921"
"CB11 4NH",10,546013,239673,"E92000001","E19000001","E18000006","E10000012","E07000077","E05009921"
"CB11 4NJ",10,546172,239518,"E92000001","E19000001","E18000006","E10000012","E07000077","E05009921"
"CB11 4NL",10,546185,239273,"E92000001","E19000001","E18000006","E10000012","E07000077","E05009921"
"CB11 4NN",10,546054,239375,"E92000001","E19000001","E18000006","E10000012","E07000077","E05009921"
"CB11 4NP",10,546615,239783,"E92000001","E19000001","E18000006","E10000012","E07000077","E05009921"
"CB11 4NQ",10,546135,239723,"E92000001","E19000001","E18000006","E10000012","E07000077","E05009921"
"CB11 4NS",10,546742,239826,"E92000001","E19000001","E18000006","E10000012","E07000077","E05009921"
"CB11 4NW",10,546974,239370,"E92000001","E19000001","E18000006","E10000012","E07000077","E05009921"
"CB11 4PB",10,547470,231303,"E92000001","E19000001","E18000006","E10000012","E07000077","E05009912"
"CB11 4PE",10,547408,231510,"E92000001","E19000001","E18000006","E10000012","E07000077","E05009912"
"CB11 4PF",10,547421,231688,"E92000001","E19000001","E18000006","E10000012","E07000077","E05009912"
"CB11 4PG",10,547641,230800,"E92000001","E19000001","E18000006","E10000012","E07000077","E05009912"
"CB11 4PH",10,547276,231707,"E92000001","E19000001","E18000006","E10000012","E07000077","E05009912"
"CB11 4PJ",10,547046,231766,"E92000001","E19000001","E18000006","E10000012","E07000077","E05009912"
"CB11 4PL",10,547048,231725,"E92000001","E19000001","E18000006","E10000012","E07000077","E05009912"
"CB11 4PN",10,546711,231629,"E92000001","E19000001","E18000006","E10000012","E07000077","E05009912"
"CB11 4PP",10,545913,231087,"E92000001","E19000001","E18000006","E10000012","E07000077","E05009912"
"CB11 4PQ",10,547096,231737,"E92000001","E19000001","E18000006","E10000012","E07000077","E05009912"
"CB11 4PR",10,545909,231232,"E92000001","E19000001","E18000006","E10000012","E07000077","E05009912"
"CB11 4PT",10,545418,230856,"E92000001","E19000001","E18000006","E10000012","E07000077","E05009912"
"CB11 4PU",10,545390,231868,"E92000001","E19000001","E18000006","E10000012","E07000077","E05009912"
"CB11 4PW",10,546618,231188,"E92000001","E19000001","E18000006","E10000012","E07000077","E05009912"
"CB11 4PX",10,546500,231896,"E92000001","E19000001","E18000006","E10000012","E07000077","E05009912"
"CB11 4PY",10,546987,231644,"E92000001","E19000001","E18000006","E10000012","E07000077","E05009912"
"CB11 4QL",10,547304,231923,"E92000001","E19000001","E18000006","E10000012","E07000077","E05009912"
"CB11 4QN",10,547485,231932,"E92000001","E19000001","E18000006","E10000012","E07000077","E05009912"
"CB11 4QP",10,547602,231818,"E92000001","E19000001","E18000006","E10000012","E07000077","E05009912"
"CB11 4QR",10,547635,231994,"E92000001","E19000001","E18000006","E10000012","E07000077","E05009912"
"CB11 4QS",10,547984,232368,"E92000001","E19000001","E18000006","E10000012","E07000077","E05009912"
"CB11 4QT",10,548415,232742,"E92000001","E19000001","E18000006","E10000012","E07000077","E05009912"
"CB11 4QU",10,548226,232906,"E92000001","E19000001","E18000006","E10000012","E07000077","E05009912"
"CB11 4QW",10,547436,231874,"E92000001","E19000001","E18000006","E10000012","E07000077","E05009912"
"CB11 4QX",10,547470,232806,"E92000001","E19000001","E18000006","E10000012","E07000077","E05009912"
"CB11 4QY",10,547515,232009,"E92000001","E19000001","E18000006","E10000012","E07000077","E05009912"
"CB11 4RA",10,553688,238427,"E92000001","E19000001","E18000006","E10000012","E07000077","E05009923"
"CB11 4RL",10,546744,233101,"E92000001","E19000001","E18000006","E10000012","E07000077","E05009912"
"CB11 4RN",10,546940,233044,"E92000001","E19000001","E18000006","E10000012","E07000077","E05009912"
"CB11 4RP",10,546408,232652,"E92000001","E19000001","E18000006","E10000012","E07000077","E05009912"
"CB11 4RR",10,546343,232617,"E92000001","E19000001","E18000006","E10000012","E07000077","E05009912"
"CB11 4RS",10,545836,233393,"E92000001","E19000001","E18000006","E10000012","E07000077","E05009912"
"CB11 4RT",10,545347,233821,"E92000001","E19000001","E18000006","E10000012","E07000077","E05009912"
"CB11 4RU",10,544694,234704,"E92000001","E19000001","E18000006","E10000012","E07000077","E05009912"
"CB11 4RX",10,544740,234801,"E92000001","E19000001","E18000006","E10000012","E07000077","E05009912"
"CB11 4RY",10,544688,235277,"E92000001","E19000001","E18000006","E10000012","E07000077","E05009912"
"CB11 4RZ",10,544331,235194,"E92000001","E19000001","E18000006","E10000012","E07000077","E05009912"
"CB11 4SA",10,543829,234733,"E92000001","E19000001","E18000006","E10000012","E07000077","E05009912"
"CB11 4SB",10,543674,234533,"E92000001","E19000001","E18000006","E10000012","E07000077","E05009912"
"CB11 4SD",10,544398,233802,"E92000001","E19000001","E18000006","E10000012","E07000077","E05009912"
"CB11 4SE",10,543326,235908,"E92000001","E19000001","E18000006","E10000012","E07000077","E05009912"
"CB11 4SF",10,543591,234225,"E92000001","E19000001","E18000006","E10000012","E07000077","E05009912"
"CB11 4SG",10,544754,232908,"E92000001","E19000001","E18000006","E10000012","E07000077","E05009912"
"CB11 4SH",10,545325,233002,"E92000001","E19000001","E18000006","E10000012","E07000077","E05009912"
"CB11 4SJ",10,545940,232779,"E92000001","E19000001","E18000006","E10000012","E07000077","E05009912"
"CB11 4SL",10,544713,234900,"E92000001","E19000001","E18000006","E10000012","E07000077","E05009912"
"CB11 4SN",10,547507,231436,"E92000001","E19000001","E18000006","E10000012","E07000077","E05009912"
"CB11 4SQ",10,545707,232877,"E92000001","E19000001","E18000006","E10000012","E07000077","E05009912"
"CB11 4TA",10,551810,239671,"E92000001","E19000001","E18000006","E10000012","E07000077","E05009921"
"CB11 4TB",10,551722,239659,"E92000001","E19000001","E18000006","E10000012","E07000077","E05009921"
"CB11 4TD",10,551631,239609,"E92000001","E19000001","E18000006","E10000012","E07000077","E05009921"
"CB11 4TF",10,551468,239370,"E92000001","E19000001","E18000006","E10000012","E07000077","E05009921"
"CB11 4TG",10,551457,239496,"E92000001","E19000001","E18000006","E10000012","E07000077","E05009921"
"CB11 4TH",10,551373,239880,"E92000001","E19000001","E18000006","E10000012","E07000077","E05009921"
"CB11 4TJ",10,551656,239740,"E92000001","E19000001","E18000006","E10000012","E07000077","E05009921"
"CB11 4TL",10,551722,239771,"E92000001","E19000001","E18000006","E10000012","E07000077","E05009921"
"CB11 4TN",10,551782,239803,"E92000001","E19000001","E18000006","E10000012","E07000077","E05009921"
"CB11 4TP",10,552142,239491,"E92000001","E19000001","E18000006","E10000012","E07000077","E05009921"
"CB11 4TQ",10,551539,239718,"E92000001","E19000001","E18000006","E10000012","E07000077","E05009921"
"CB11 4TR",10,551843,239615,"E92000001","E19000001","E18000006","E10000012","E07000077","E05009921"
"CB11 4TS",10,551759,239580,"E92000001","E19000001","E18000006","E10000012","E07000077","E05009921"
"CB11 4TT",10,551711,239568,"E92000001","E19000001","E18000006","E10000012","E07000077","E05009921"
"CB11 4TU",10,551408,239398,"E92000001","E19000001","E18000006","E10000012","E07000077","E05009921"
"CB11 4TW",10,552107,239618,"E92000001","E19000001","E18000006","E10000012","E07000077","E05009921"
"CB11 4TX",10,551511,239661,"E92000001","E19000001","E18000006","E10000012","E07000077","E05009921"
"CB11 4TY",10,551464,239990,"E92000001","E19000001","E18000006","E10000012","E07000077","E05009921"
"CB11 4UH",10,553225,237758,"E92000001","E19000001","E18000006","E10000012","E07000077","E05009923"
"CB11 4UJ",10,550358,236325,"E92000001","E19000001","E18000006","E10000012","E07000077","E05009921"
"CB11 4UL",10,549084,236531,"E92000001","E19000001","E18000006","E10000012","E07000077","E05009912"
"CB11 4UN",10,546411,238724,"E92000001","E19000001","E18000006","E10000012","E07000077","E05009921"
"CB11 4UP",10,545770,237600,"E92000001","E19000001","E18000006","E10000012","E07000077","E05009921"
"CB11 4UR",10,546012,237140,"E92000001","E19000001","E18000006","E10000012","E07000077","E05009921"
"CB11 4US",10,545349,236049,"E92000001","E19000001","E18000006","E10000012","E07000077","E05009921"
"CB11 4UT",10,545883,237029,"E92000001","E19000001","E18000006","E10000012","E07000077","E05009921"
"CB11 4UU",10,546068,236642,"E92000001","E19000001","E18000006","E10000012","E07000077","E05009921"
"CB11 4UW",10,546551,237808,"E92000001","E19000001","E18000006","E10000012","E07000077","E05009921"
"CB11 4UX",10,546465,235951,"E92000001","E19000001","E18000006","E10000012","E07000077","E05009921"
"CB11 4UY",10,546731,236513,"E92000001","E19000001","E18000006","E10000012","E07000077","E05009921"
"CB11 4UZ",10,546518,237118,"E92000001","E19000001","E18000006","E10000012","E07000077","E05009921"
"CB11 4WX",10,553688,238427,"E92000001","E19000001","E18000006","E10000012","E07000077","E05009923"
"CB11 4WY",10,553688,238427,"E92000001","E19000001","E18000006","E10000012","E07000077","E05009923"
"CB11 4XA",10,546623,237014,"E92000001","E19000001","E18000006","E10000012","E07000077","E05009921"
"CB11 4XB",10,548860,238391,"E92000001","E19000001","E18000006","E10000012","E07000077","E05009921"
"CB11 4XE",10,548964,238381,"E92000001","E19000001","E18000006","E10000012","E07000077","E05009921"
"CB11 4XF",10,549349,238606,"E92000001","E19000001","E18000006","E10000012","E07000077","E05009921"
"CB11 4XG",10,549239,239430,"E92000001","E19000001","E18000006","E10000012","E07000077","E05009921"
"CB11 4XH",10,549166,239480,"E92000001","E19000001","E18000006","E10000012","E07000077","E05009921"
"CB11 4XJ",10,548573,239521,"E92000001","E19000001","E18000006","E10000012","E07000077","E05009921"
"CB11 4XL",10,548294,240760,"E92000001","E19000001","E18000006","E10000012","E07000077","E05009921"
"CB11 4XN",10,546016,237184,"E92000001","E19000001","E18000006","E10000012","E07000077","E05009921"
"CB11 4XU",10,551586,239676,"E92000001","E19000001","E18000006","E10000012","E07000077","E05009921"
"CB11 4ZH",10,553590,237983,"E92000001","E19000001","E18000006","E10000012","E07000077","E05009923"
"CB2 0AA",10,546099,255058,"E92000001","E19000001","E18000006","E10000003","E07000008","E05013060"
"CB2 0AB",10,546310,255407,"E92000001","E19000001","E18000006","E10000003","E07000008","E05013060"
"CB2 0AD",10,546282,255410,"E92000001","E19000001","E18000006","E10000003","E07000008","E05013060"
"CB2 0AE",10,546243,255415,"E92000001","E19000001","E18000006","E10000003","E07000008","E05013060"
"CB2 0AF",10,546213,255418,"E92000001","E19000001","E18000006","E10000003","E07000008","E05013060"
"CB2 0AG",10,546427,255276,"E92000001","E19000001","E18000006","E10000003","E07000008","E05013060"
"CB2 0AH",10,546608,255290,"E92000001","E19000001","E18000006","E10000003","E07000008","E05013060"
"CB2 0AJ",10,546062,254624,"E92000001","E19000001","E18000006","E10000003","E07000008","E05013060"
"CB2 0AL",10,546817,254874,"E92000001","E19000001","E18000006","E10000003","E07000008","E05013060"
"CB2 0AN",10,546686,254787,"E92000001","E19000001","E18000006","E10000003","E07000008","E05013060"
"CB2 0AP",10,546927,254844,"E92000001","E19000001","E18000006","E10000003","E07000008","E05013060"
"CB2 0AQ",10,546783,254910,"E92000001","E19000001","E18000006","E10000003","E07000008","E05013060"
"CB2 0AR",10,546606,254842,"E92000001","E19000001","E18000006","E10000003","E07000008","E05013060"
"CB2 0AS",10,546592,254781,"E92000001","E19000001","E18000006","E10000003","E07000008","E05013060"
"CB2 0AT",10,546185,254923,"E92000001","E19000001","E18000006","E10000003","E07000008","E05013060"
"CB2 0AW",10,546197,255321,"E92000001","E19000001","E18000006","E10000003","E07000008","E05013060"
"CB2 0AX",10,546269,254580,"E92000001","E19000001","E18000006","E10000003","E07000008","E05013060"
"CB2 0AY",10,546164,254956,"E92000001","E19000001","E18000006","E10000003","E07000008","E05013060"
"CB2 0BA",10,545918,254799,"E92000001","E19000001","E18000006","E10000003","E07000008","E05013060"
"CB2 0BB",10,546040,254903,"E92000001","E19000001","E18000006","E10000003","E07000008","E05013060"
"CB2 0BD",10,545952,254750,"E92000001","E19000001","E18000006","E10000003","E07000008","E05013060"
"CB2 0DA",10,546549,255140,"E92000001","E19000001","E18000006","E10000003","E07000008","E05013060"
"CB2 0GG",10,546352,255066,"E92000001","E19000001","E18000006","E10000003","E07000008","E05013060"
"CB2 0NT",10,546045,256792,"E92000001","E19000001","E18000006","E10000003","E07000008","E05013054"
"CB2 0NU",10,546029,256702,"E92000001","E19000001","E18000006","E10000003","E07000008","E05013054"
"CB2 0PT",10,546487,255392,"E92000001","E19000001","E18000006","E10000003","E07000008","E05013060"
"CB2 0PY",10,546593,254947,"E92000001","E19000001","E18000006","E10000003","E07000008","E05013060"
"CB2 0QG",10,546615,255452,"E92000001","E19000001","E18000006","E10000003","E07000008","E05013060"
"CB2 0QH",10,546544,255303,"E92000001","E19000001","E18000006","E10000003","E07000008","E05013060"
"CB2 0QJ",10,546793,255213,"E92000001","E19000001","E18000006","E10000003","E07000008","E05013060"
"CB2 0QN",10,546634,255061,"E92000001","E19000001","E18000006","E10000003","E07000008","E05013060"
"CB2 0QP",10,546557,255399,"E92000001","E19000001","E18000006","E10000003","E07000008","E05013060"
"CB2 0QQ",10,546474,255130,"E92000001","E19000001","E18000006","E10000003","E07000008","E05013060"
"CB2 0QR",10,546567,255179,"E92000001","E19000001","E18000006","E10000003","E07000008","E05013060"
"CB2 0QS",10,546700,255457,"E92000001","E19000001","E18000006","E10000003","E07000008","E05013060"
"CB2 0QT",10,546929,255210,"E92000001","E19000001","E18000006","E10000003","E07000008","E05013060"
"CB2 0QU",10,546738,255098,"E92000001","E19000001","E18000006","E10000003","E07000008","E05013060"
"CB2 0QY",10,546767,255025,"E92000001","E19000001","E18000006","E10000003","E07000008","E05013060"
"CB2 0QZ",10,546817,255158,"E92000001","E19000001","E18000006","E10000003","E07000008","E05013060"
"CB2 0RA",10,547057,254918,"E92000001","E19000001","E18000006","E10000003","E07000008","E05013060"
"CB2 0RB",10,547195,254835,"E92000001","E19000001","E18000006","E10000003","E07000008","E05013060"
"CB2 0RE",10,546121,255331,"E92000001","E19000001","E18000006","E10000003","E07000008","E05013060"
"CB2 0SA",10,546353,255231,"E92000001","E19000001","E18000006","E10000003","E07000008","E05013060"
"CB2 0SB",10,546369,255226,"E92000001","E19000001","E18000006","E10000003","E07000008","E05013060"
"CB2 0SD",10,546351,255252,"E92000001","E19000001","E18000006","E10000003","E07000008","E05013060"
"CB2 0SE",10,546384,255262,"E92000001","E19000001","E18000006","E10000003","E07000008","E05013060"
"CB2 0SF",10,546359,255270,"E92000001","E19000001","E18000006","E10000003","E07000008","E05013060"
"CB2 0SG",10,546369,255296,"E92000001","E19000001","E18000006","E10000003","E07000008","E05013060"
"CB2 0SJ",10,546370,255340,"E92000001","E19000001","E18000006","E10000003","E07000008","E05013060"
"CB2 0SL",10,546474,255130,"E92000001","E19000001","E18000006","E10000003","E07000008","E05013060"
"CB2 0SN",10,546274,255205,"E92000001","E19000001","E18000006","E10000003","E07000008","E05013060"
"CB2 0SP",10,546564,255234,"E92000001","E19000001","E18000006","E10000003","E07000008","E05013060"
"CB2 0SQ",10,546345,255303,"E92000001","E19000001","E18000006","E10000003","E07000008","E05013060"
"CB2 0SR",10,546690,254935,"E92000001","E19000001","E18000006","E10000003","E07000008","E05013060"
"CB2 0ST",10,546474,255130,"E92000001","E19000001","E18000006","E10000003","E07000008","E05013060"
"CB2 0SW",10,546375,254999,"E92000001","E19000001","E18000006","E10000003","E07000008","E05013060"
"CB2 0SZ",10,546560,254938,"E92000001","E19000001","E18000006","E10000003","E07000008","E05013060"
"CB2 0XX",10,546461,255313,"E92000001","E19000001","E18000006","E10000003","E07000008","E05013060"
"CB2 0XY",10,546608,255290,"E92000001","E19000001","E18000006","E10000003","E07000008","E05013060"
"CB2 0XZ",10,546575,255353,"E92000001","E19000001","E18000006","E10000003","E07000008","E05013060"
"CB2 1AA",10,545452,257933,"E92000001","E19000001","E18000006","E10000003","E07000008","E05013057"
"CB2 1AB",10,545374,258014,"E92000001","E19000001","E18000006","E10000003","E07000008","E05013057"
"CB2 1AD",10,545341,258122,"E92000001","E19000001","E18000006","E10000003","E07000008","E05013057"
"CB2 1AG",10,545106,257863,"E92000001","E19000001","E18000006","E10000003","E07000008","E05013057"
"CB2 1AH",10,546182,257043,"E92000001","E19000001","E18000006","E10000003","E07000008","E05013054"
"CB2 1AN",10,546182,257043,"E92000001","E19000001","E18000006","E10000003","E07000008","E05013054"
"CB2 1AR",10,545764,257306,"E92000001","E19000001","E18000006","E10000003","E07000008","E05013059"
"CB2 1AS",10,545650,257561,"E92000001","E19000001","E18000006","E10000003","E07000008","E05013057"
"CB2 1AT",10,545417,257947,"E92000001","E19000001","E18000006","E10000003","E07000008","E05013057"
"CB2 1AW",10,545446,257899,"E92000001","E19000001","E18000006","E10000003","E07000008","E05013057"
"CB2 1BY",10,545268,258113,"E92000001","E19000001","E18000006","E10000003","E07000008","E05013057"
"CB2 1DB",10,545306,258072,"E92000001","E19000001","E18000006","E10000003","E07000008","E05013057"
"CB2 1DP",10,545418,257902,"E92000001","E19000001","E18000006","E10000003","E07000008","E05013057"
"CB2 1DQ",10,545331,258038,"E92000001","E19000001","E18000006","E10000003","E07000008","E05013057"
"CB2 1EG",10,545380,257735,"E92000001","E19000001","E18000006","E10000003","E07000008","E05013057"
"CB2 1EH",10,545292,257697,"E92000001","E19000001","E18000006","E10000003","E07000008","E05013057"
"CB2 1EL",10,545214,257678,"E92000001","E19000001","E18000006","E10000003","E07000008","E05013057"
"CB2 1EN",10,545227,257632,"E92000001","E19000001","E18000006","E10000003","E07000008","E05013057"
"CB2 1ER",10,545420,257700,"E92000001","E19000001","E18000006","E10000003","E07000008","E05013057"
"CB2 1EW",10,545337,257652,"E92000001","E19000001","E18000006","E10000003","E07000008","E05013057"
"CB2 1EZ",10,545438,257623,"E92000001","E19000001","E18000006","E10000003","E07000008","E05013057"
"CB2 1FH",10,546182,257043,"E92000001","E19000001","E18000006","E10000003","E07000008","E05013054"
"CB2 1GA",10,545170,257747,"E92000001","E19000001","E18000006","E10000003","E07000008","E05013057"
"CB2 1GE",10,545586,257710,"E92000001","E19000001","E18000006","E10000003","E07000008","E05013057"
"CB2 1GG",10,545320,258156,"E92000001","E19000001","E18000006","E10000003","E07000008","E05013057"
"CB2 1HA",10,545507,257450,"E92000001","E19000001","E18000006","E10000003","E07000008","E05013057"
"CB2 1HE",10,545519,257647,"E92000001","E19000001","E18000006","E10000003","E07000008","E05013057"
"CB2 1HF",10,545350,257533,"E92000001","E19000001","E18000006","E10000003","E07000008","E05013057"
"CB2 1HG",10,545429,257550,"E92000001","E19000001","E18000006","E10000003","E07000008","E05013057"
"CB2 1HH",10,545531,257627,"E92000001","E19000001","E18000006","E10000003","E07000008","E05013057"
"CB2 1HJ",10,545477,257514,"E92000001","E19000001","E18000006","E10000003","E07000008","E05013057"
"CB2 1HL",10,545343,257467,"E92000001","E19000001","E18000006","E10000003","E07000008","E05013057"
"CB2 1HN",10,545224,257618,"E92000001","E19000001","E18000006","E10000003","E07000008","E05013057"
"CB2 1HP",10,545287,257568,"E92000001","E19000001","E18000006","E10000003","E07000008","E05013057"
"CB2 1HQ",10,545416,257578,"E92000001","E19000001","E18000006","E10000003","E07000008","E05013057"
"CB2 1HS",10,545316,257404,"E92000001","E19000001","E18000006","E10000003","E07000008","E05013057"
"CB2 1HT",10,545592,257491,"E92000001","E19000001","E18000006","E10000003","E07000008","E05013057"
"CB2 1HU",10,545621,257503,"E92000001","E19000001","E18000006","E10000003","E07000008","E05013057"
"CB2 1HW",10,545408,257455,"E92000001","E19000001","E18000006","E10000003","E07000008","E05013057"
"CB2 1HX",10,545297,257448,"E92000001","E19000001","E18000006","E10000003","E07000008","E05013057"
"CB2 1HY",10,545258,257554,"E92000001","E19000001","E18000006","E10000003","E07000008","E05013057"
"CB2 1HZ",10,545365,257479,"E92000001","E19000001","E18000006","E10000003","E07000008","E05013057"
"CB2 1JA",10,545243,257521,"E92000001","E19000001","E18000006","E10000003","E07000008","E05013057"
"CB2 1JB",10,545219,257569,"E92000001","E19000001","E18000006","E10000003","E07000008","E05013057"
"CB2 1JD",10,545251,257459,"E92000001","E19000001","E18000006","E10000003","E07000008","E05013057"
"CB2 1JE",10,545197,257445,"E92000001","E19000001","E18000006","E10000003","E07000008","E05013057"
"CB2 1JF",50,545197,257445,"E92000001","E19000001","E18000006","E10000003","E07000008","E05013057"
"CB2 1JH",10,545509,257584,"E92000001","E19000001","E18000006","E10000003","E07000008","E05013057"
"CB2 1JJ",10,545457,257575,"E92000001","E19000001","E18000006","E10000003","E07000008","E05013057"
"CB2 1JL",10,545306,257420,"E92000001","E19000001","E18000006","E10000003","E07000008","E05013057"
"CB2 1JN",10,545264,257462,"E92000001","E19000001","E18000006","E10000003","E07000008","E05013057"
"CB2 1JP",10,545557,257633,"E92000001","E19000001","E18000006","E10000003","E07000008","E05013057"
"CB2 1JQ",10,545183,257579,"E92000001","E19000001","E18000006","E10000003","E07000008","E05013057"
"CB2 1JR",10,545487,257709,"E92000001","E19000001","E18000006","E10000003","E07000008","E05013057"
"CB2 1LA",10,545624,257538,"E92000001","E19000001","E18000006","E10000003","E07000008","E05013057"
"CB2 1LB",10,545969,257223,"E92000001","E19000001","E18000006","E10000003","E07000008","E05013059"
"CB2 1LE",10,545989,257170,"E92000001","E19000001","E18000006","E10000003","E07000008","E05013059"
"CB2 1LJ",10,545941,257175,"E92000001","E19000001","E18000006","E10000003","E07000008","E05013059"
"CB2 1LP",10,545444,257384,"E92000001","E19000001","E18000006","E10000003","E07000008","E05013057"
"CB2 1LQ",10,545716,257377,"E92000001","E19000001","E18000006","E10000003","E07000008","E05013057"
"CB2 1LR",10,545562,257361,"E92000001","E19000001","E18000006","E10000003","E07000008","E05013057"
"CB2 1LY",10,545353,257320,"E92000001","E19000001","E18000006","E10000003","E07000008","E05013057"
"CB2 1NA",10,545393,257362,"E92000001","E19000001","E18000006","E10000003","E07000008","E05013057"
"CB2 1NB",10,545554,257392,"E92000001","E19000001","E18000006","E10000003","E07000008","E05013057"
"CB2 1ND",10,545510,257409,"E92000001","E19000001","E18000006","E10000003","E07000008","E05013057"
"CB2 1NE",10,545514,257430,"E92000001","E19000001","E18000006","E10000003","E07000008","E05013057"
"CB2 1NF",10,545705,257487,"E92000001","E19000001","E18000006","E10000003","E07000008","E05013059"
"CB2 1NL",10,545618,257650,"E92000001","E19000001","E18000006","E10000003","E07000008","E05013057"
"CB2 1NN",10,545534,257329,"E92000001","E19000001","E18000006","E10000003","E07000008","E05013057"
"CB2 1NS",10,545746,257630,"E92000001","E19000001","E18000006","E10000003","E07000008","E05013057"
"CB2 1NT",10,545766,257367,"E92000001","E19000001","E18000006","E10000003","E07000008","E05013059"
"CB2 1NW",10,545640,257571,"E92000001","E19000001","E18000006","E10000003","E07000008","E05013057"
"CB2 1NX",10,545763,257441,"E92000001","E19000001","E18000006","E10000003","E07000008","E05013059"
"CB2 1NY",10,545740,257471,"E92000001","E19000001","E18000006","E10000003","E07000008","E05013059"
"CB2 1NZ",10,545831,257478,"E92000001","E19000001","E18000006","E10000003","E07000008","E05013059"
"CB2 1PA",10,545784,257390,"E92000001","E19000001","E18000006","E10000003","E07000008","E05013059"
"CB2 1PD",10,545178,257728,"E92000001","E19000001","E18000006","E10000003","E07000008","E05013057"
"CB2 1PG",10,545914,257144,"E92000001","E19000001","E18000006","E10000003","E07000008","E05013059"
"CB2 1PH",10,545764,257306,"E92000001","E19000001","E18000006","E10000003","E07000008","E05013059"
"CB2 1PP",10,545874,257084,"E92000001","E19000001","E18000006","E10000003","E07000008","E05013059"
"CB2 1PQ",10,545944,256971,"E92000001","E19000001","E18000006","E10000003","E07000008","E05013059"
"CB2 1PX",10,545092,257695,"E92000001","E19000001","E18000006","E10000003","E07000008","E05013057"
"CB2 1PZ",10,545034,257689,"E92000001","E19000001","E18000006","E10000003","E07000008","E05013057"
"CB2 1QA",10,545110,257755,"E92000001","E19000001","E18000006","E10000003","E07000008","E05013057"
"CB2 1QG",10,544855,257998,"E92000001","E19000001","E18000006","E10000003","E07000008","E05013057"
"CB2 1QH",10,545042,257916,"E92000001","E19000001","E18000006","E10000003","E07000008","E05013057"
"CB2 1QJ",10,545072,257977,"E92000001","E19000001","E18000006","E10000003","E07000008","E05013057"
"CB2 1QN",10,545187,257704,"E92000001","E19000001","E18000006","E10000003","E07000008","E05013057"
"CB2 1QP",10,545176,258019,"E92000001","E19000001","E18000006","E10000003","E07000008","E05013057"
"CB2 1QQ",10,545055,257746,"E92000001","E19000001","E18000006","E10000003","E07000008","E05013057"
"CB2 1QR",10,545144,257789,"E92000001","E19000001","E18000006","E10000003","E07000008","E05013057"
"CB2 1QU",10,544984,257955,"E92000001","E19000001","E18000006","E10000003","E07000008","E05013057"
"CB2 1QW",10,545176,258019,"E92000001","E19000001","E18000006","E10000003","E07000008","E05013057"
"CB2 1QX",10,545034,258001,"E92000001","E19000001","E18000006","E10000003","E07000008","E05013057"
"CB2 1QY",10,544971,257931,"E92000001","E19000001","E18000006","E10000003","E07000008","E05013057"
"CB2 1QZ",10,544993,257901,"E92000001","E19000001","E18000006","E10000003","E07000008","E05013057"
"CB2 1RB",10,544996,257785,"E92000001","E19000001","E18000006","E10000003","E07000008","E05013057"
"CB2 1RD",10,544853,257938,"E92000001","E19000001","E18000006","E10000003","E07000008","E05013057"
"CB2 1RE",10,545944,256971,"E92000001","E19000001","E18000006","E10000003","E07000008","E05013059"
"CB2 1RF",10,544874,258045,"E92000001","E19000001","E18000006","E10000003","E07000008","E05013057"
"CB2 1RG",10,544845,258138,"E92000001","E19000001","E18000006","E10000003","E07000008","E05013057"
"CB2 1RH",10,544824,258186,"E92000001","E19000001","E18000006","E10000003","E07000008","E05013057"
"CB2 1RJ",10,544937,258112,"E92000001","E19000001","E18000006","E10000003","E07000008","E05013057"
"CB2 1RL",10,544801,258185,"E92000001","E19000001","E18000006","E10000003","E07000008","E05013058"
"CB2 1RP",10,544830,258079,"E92000001","E19000001","E18000006","E10000003","E07000008","E05013057"
"CB2 1RR",10,544806,257999,"E92000001","E19000001","E18000006","E10000003","E07000008","E05013057"
"CB2 1RS",10,544724,257961,"E92000001","E19000001","E18000006","E10000003","E07000008","E05013057"
"CB2 1RT",10,544747,257889,"E92000001","E19000001","E18000006","E10000003","E07000008","E05013057"
"CB2 1RU",10,544732,257987,"E92000001","E19000001","E18000006","E10000003","E07000008","E05013057"
"CB2 1RX",10,544735,258031,"E92000001","E19000001","E18000006","E10000003","E07000008","E05013057"
"CB2 1SB",10,544768,258087,"E92000001","E19000001","E18000006","E10000003","E07000008","E05013057"
"CB2 1SD",10,544697,258059,"E92000001","E19000001","E18000006","E10000003","E07000008","E05013057"
"CB2 1SJ",10,544821,258338,"E92000001","E19000001","E18000006","E10000003","E07000008","E05013057"
"CB2 1SP",10,544823,258404,"E92000001","E19000001","E18000006","E10000003","E07000008","E05013057"
"CB2 1ST",10,544780,258346,"E92000001","E19000001","E18000006","E10000003","E07000008","E05013058"
"CB2 1SU",10,544839,258541,"E92000001","E19000001","E18000006","E10000003","E07000008","E05013057"
"CB2 1SZ",10,544838,258489,"E92000001","E19000001","E18000006","E10000003","E07000008","E05013057"
"CB2 1TA",10,544823,258522,"E92000001","E19000001","E18000006","E10000003","E07000008","E05013058"
"CB2 1TB",10,544831,258606,"E92000001","E19000001","E18000006","E10000003","E07000008","E05013058"
"CB2 1TJ",10,544701,258494,"E92000001","E19000001","E18000006","E10000003","E07000008","E05013058"
"CB2 1TL",10,544664,258427,"E92000001","E19000001","E18000006","E10000003","E07000008","E05013058"
"CB2 1TN",10,544705,258430,"E92000001","E19000001","E18000006","E10000003","E07000008","E05013058"
"CB2 1TP",10,544807,258729,"E92000001","E19000001","E18000006","E10000003","E07000008","E05013058"
"CB2 1TQ",10,544789,258635,"E92000001","E19000001","E18000006","E10000003","E07000008","E05013058"
"CB2 1TR",10,544847,258774,"E92000001","E19000001","E18000006","E10000003","E07000008","E05013057"
"CB2 1TS",10,544765,258453,"E92000001","E19000001","E18000006","E10000003","E07000008","E05013058"
"CB2 1TT",10,544765,258453,"E92000001","E19000001","E18000006","E10000003","E07000008","E05013058"
"CB2 1TW",10,544841,258769,"E92000001","E19000001","E18000006","E10000003","E07000008","E05013057"
"CB2 1TY",10,544843,258637,"E92000001","E19000001","E18000006","E10000003","E07000008","E05013057"
"CB2 1UA",10,544891,258774,"E92000001","E19000001","E18000006","E10000003","E07000008","E05013057"
"CB2 1UB",10,544922,258816,"E92000001","E19000001","E18000006","E10000003","E07000008","E05013057"
"CB2 1UF",10,544833,258851,"E92000001","E19000001","E18000006","E10000003","E07000008","E05013057"
"CB2 1UG",10,544862,258869,"E92000001","E19000001","E18000006","E10000003","E07000008","E05013057"
"CB2 1UH",10,544765,258453,"E92000001","E19000001","E18000006","E10000003","E07000008","E05013058"
"CB2 1UJ",10,544755,258931,"E92000001","E19000001","E18000006","E10000003","E07000008","E05013057"
"CB2 1UR",10,544871,258766,"E92000001","E19000001","E18000006","E10000003","E07000008","E05013057"
"CB2 1UW",10,544711,258915,"E92000001","E19000001","E18000006","E10000003","E07000008","E05013058"
"CB2 3AE",10,544975,258362,"E92000001","E19000001","E18000006","E10000003","E07000008","E05013057"
"CB2 3AH",10,545278,258179,"E92000001","E19000001","E18000006","E10000003","E07000008","E05013057"
"CB2 3AP",10,545227,258279,"E92000001","E19000001","E18000006","E10000003","E07000008","E05013057"
"CB2 3AR",10,545227,258210,"E92000001","E19000001","E18000006","E10000003","E07000008","E05013057"
"CB2 3AX",10,545136,258363,"E92000001","E19000001","E18000006","E10000003","E07000008","E05013057"
"CB2 3BJ",10,545071,258332,"E92000001","E19000001","E18000006","E10000003","E07000008","E05013057"
"CB2 3BU",10,545101,258460,"E92000001","E19000001","E18000006","E10000003","E07000008","E05013057"
"CB2 3BZ",10,545163,258398,"E92000001","E19000001","E18000006","E10000003","E07000008","E05013057"
"CB2 3DS",10,545153,258277,"E92000001","E19000001","E18000006","E10000003","E07000008","E05013057"
"CB2 3DT",10,545085,258253,"E92000001","E19000001","E18000006","E10000003","E07000008","E05013057"
"CB2 3DY",10,545077,258194,"E92000001","E19000001","E18000006","E10000003","E07000008","E05013057"
"CB2 3DZ",10,545077,258194,"E92000001","E19000001","E18000006","E10000003","E07000008","E05013057"
"CB2 3EA",10,545077,258194,"E92000001","E19000001","E18000006","E10000003","E07000008","E05013057"
"CB2 3EB",10,545077,258194,"E92000001","E19000001","E18000006","E10000003","E07000008","E05013057"
"CB2 3EG",10,545077,258194,"E92000001","E19000001","E18000006","E10000003","E07000008","E05013057"
"CB2 3EH",10,545077,258194,"E92000001","E19000001","E18000006","E10000003","E07000008","E05013057"
"CB2 3EJ",10,545077,258194,"E92000001","E19000001","E18000006","E10000003","E07000008","E05013057"
"CB2 3EL",10,545190,258206,"E92000001","E19000001","E18000006","E10000003","E07000008","E05013057"
"CB2 3EN",10,545077,258194,"E92000001","E19000001","E18000006","E10000003","E07000008","E05013057"
"CB2 3EQ",10,545077,258194,"E92000001","E19000001","E18000006","E10000003","E07000008","E05013057"
"CB2 3ER",10,545107,258176,"E92000001","E19000001","E18000006","E10000003","E07000008","E05013057"
"CB2 3ET",10,545052,258394,"E92000001","E19000001","E18000006","E10000003","E07000008","E05013057"
"CB2 3HG",10,545033,258561,"E92000001","E19000001","E18000006","E10000003","E07000008","E05013057"
"CB2 3HH",10,545051,258527,"E92000001","E19000001","E18000006","E10000003","E07000008","E05013057"
"CB2 3HU",10,544961,258662,"E92000001","E19000001","E18000006","E10000003","E07000008","E05013057"
"CB2 3HW",10,544992,258619,"E92000001","E19000001","E18000006","E10000003","E07000008","E05013057"
"CB2 3HX",10,544966,258614,"E92000001","E19000001","E18000006","E10000003","E07000008","E05013057"
"CB2 3JU",10,544908,258621,"E92000001","E19000001","E18000006","E10000003","E07000008","E05013057"
"CB2 3JX",10,544899,258598,"E92000001","E19000001","E18000006","E10000003","E07000008","E05013057"
"CB2 3LL",10,544869,258555,"E92000001","E19000001","E18000006","E10000003","E07000008","E05013057"
"CB2 3LP",10,544901,258529,"E92000001","E19000001","E18000006","E10000003","E07000008","E05013057"
"CB2 3LR",10,544896,258561,"E92000001","E19000001","E18000006","E10000003","E07000008","E05013057"
"CB2 3LS",10,544880,258733,"E92000001","E19000001","E18000006","E10000003","E07000008","E05013057"
"CB2 3NA",10,545034,258404,"E92000001","E19000001","E18000006","E10000003","E07000008","E05013057"
"CB2 3NB",10,544986,258456,"E92000001","E19000001","E18000006","E10000003","E07000008","E05013057"
"CB2 3ND",10,545016,258485,"E92000001","E19000001","E18000006","E10000003","E07000008","E05013057"
"CB2 3NE",10,545008,258440,"E92000001","E19000001","E18000006","E10000003","E07000008","E05013057"
"CB2 3NH",10,544975,258389,"E92000001","E19000001","E18000006","E10000003","E07000008","E05013057"
"CB2 3NJ",10,544935,258471,"E92000001","E19000001","E18000006","E10000003","E07000008","E05013057"
"CB2 3NR",10,544875,258501,"E92000001","E19000001","E18000006","E10000003","E07000008","E05013057"
"CB2 3NZ",10,544944,258515,"E92000001","E19000001","E18000006","E10000003","E07000008","E05013057"
"CB2 3PA",10,544955,258546,"E92000001","E19000001","E18000006","E10000003","E07000008","E05013057"
"CB2 3PE",10,544929,258535,"E92000001","E19000001","E18000006","E10000003","E07000008","E05013057"
"CB2 3PF",10,544964,258570,"E92000001","E19000001","E18000006","E10000003","E07000008","E05013057"
"CB2 3PJ",10,544841,258368,"E92000001","E19000001","E18000006","E10000003","E07000008","E05013057"
"CB2 3PP",10,544880,258352,"E92000001","E19000001","E18000006","E10000003","E07000008","E05013057"
"CB2 3PQ",10,544848,258425,"E92000001","E19000001","E18000006","E10000003","E07000008","E05013057"
"CB2 3PT",10,544865,258308,"E92000001","E19000001","E18000006","E10000003","E07000008","E05013057"
"CB2 3QA",10,544866,258298,"E92000001","E19000001","E18000006","E10000003","E07000008","E05013057"
"CB2 3QB",10,544926,258346,"E92000001","E19000001","E18000006","E10000003","E07000008","E05013057"
"CB2 3QD",10,545003,258382,"E92000001","E19000001","E18000006","E10000003","E07000008","E05013057"
"CB2 3QE",10,544937,258336,"E92000001","E19000001","E18000006","E10000003","E07000008","E05013057"
"CB2 3QF",10,545022,258320,"E92000001","E19000001","E18000006","E10000003","E07000008","E05013057"
"CB2 3QJ",10,544917,258401,"E92000001","E19000001","E18000006","E10000003","E07000008","E05013057"
"CB2 3QN",10,544852,258323,"E92000001","E19000001","E18000006","E10000003","E07000008","E05013057"
"CB2 3QY",10,544882,258110,"E92000001","E19000001","E18000006","E10000003","E07000008","E05013057"
"CB2 3QZ",10,544995,258268,"E92000001","E19000001","E18000006","E10000003","E07000008","E05013057"
"CB2 3RD",10,544880,258121,"E92000001","E19000001","E18000006","E10000003","E07000008","E05013057"
"CB2 3RF",10,544925,258234,"E92000001","E19000001","E18000006","E10000003","E07000008","E05013057"
"CB2 3RH",10,544906,258279,"E92000001","E19000001","E18000006","E10000003","E07000008","E05013057"
"CB2 3RQ",10,545005,258194,"E92000001","E19000001","E18000006","E10000003","E07000008","E05013057"
"CB2 3RR",10,545163,258368,"E92000001","E19000001","E18000006","E10000003","E07000008","E05013057"
"CB2 3TA",10,545003,258382,"E92000001","E19000001","E18000006","E10000003","E07000008","E05013057"
"CB2 3UG",10,546182,257043,"E92000001","E19000001","E18000006","E10000003","E07000008","E05013054"
"CB2 7AA",10,545154,257218,"E92000001","E19000001","E18000006","E10000003","E07000008","E05013057"
"CB2 7AD",10,545115,257540,"E92000001","E19000001","E18000006","E10000003","E07000008","E05013057"
"CB2 7EB",10,544995,257090,"E92000001","E19000001","E18000006","E10000003","E07000008","E05013062"
"CB2 7EE",10,545145,256885,"E92000001","E19000001","E18000006","E10000003","E07000008","E05013062"
"CB2 7EF",10,544964,257033,"E92000001","E19000001","E18000006","E10000003","E07000008","E05013062"
"CB2 7EG",10,544929,256790,"E92000001","E19000001","E18000006","E10000003","E07000008","E05013062"
"CB2 7EH",10,545082,256857,"E92000001","E19000001","E18000006","E10000003","E07000008","E05013062"
"CB2 7EJ",10,544767,256916,"E92000001","E19000001","E18000006","E10000003","E07000008","E05013062"
"CB2 7EL",10,544878,256939,"E92000001","E19000001","E18000006","E10000003","E07000008","E05013062"
"CB2 7EQ",10,544942,256874,"E92000001","E19000001","E18000006","E10000003","E07000008","E05013062"
"CB2 7TS",10,545206,256887,"E92000001","E19000001","E18000006","E10000003","E07000008","E05013062"
"CB2 7TT",10,545166,256848,"E92000001","E19000001","E18000006","E10000003","E07000008","E05013062"
"CB2 7TU",10,544974,256838,"E92000001","E19000001","E18000006","E10000003","E07000008","E05013062"
"CB2 7TX",10,544990,256860,"E92000001","E19000001","E18000006","E10000003","E07000008","E05013062"
"CB2 7TY",10,545019,256874,"E92000001","E19000001","E18000006","E10000003","E07000008","E05013062"
"CB2 7TZ",10,545106,256817,"E92000001","E19000001","E18000006","E10000003","E07000008","E05013062"
"CB2 7UA",10,545097,256785,"E92000001","E19000001","E18000006","E10000003","E07000008","E05013062"
"CB2 8AA",10,545789,256732,"E92000001","E19000001","E18000006","E10000003","E07000008","E05013059"
"CB2 8AB",10,545307,257017,"E92000001","E19000001","E18000006","E10000003","E07000008","E05013059"
"CB2 8AE",10,545169,256778,"E92000001","E19000001","E18000006","E10000003","E07000008","E05013062"
"CB2 8AF",10,545284,256769,"E92000001","E19000001","E18000006","E10000003","E07000008","E05013062"
"CB2 8AG",10,545194,256598,"E92000001","E19000001","E18000006","E10000003","E07000008","E05013062"
"CB2 8AH",10,545167,256384,"E92000001","E19000001","E18000006","E10000003","E07000008","E05013062"
"CB2 8AJ",10,545036,256452,"E92000001","E19000001","E18000006","E10000003","E07000008","E05013062"
"CB2 8AL",10,545391,256542,"E92000001","E19000001","E18000006","E10000003","E07000008","E05013062"
"CB2 8AN",10,545384,256782,"E92000001","E19000001","E18000006","E10000003","E07000008","E05013062"
"CB2 8AP",10,545219,256185,"E92000001","E19000001","E18000006","E10000003","E07000008","E05013062"
"CB2 8AQ",10,545072,256261,"E92000001","E19000001","E18000006","E10000003","E07000008","E05013062"
"CB2 8AR",10,545439,256018,"E92000001","E19000001","E18000006","E10000003","E07000008","E05013062"
"CB2 8AS",10,545266,256121,"E92000001","E19000001","E18000006","E10000003","E07000008","E05013062"
"CB2 8AT",10,545415,256192,"E92000001","E19000001","E18000006","E10000003","E07000008","E05013062"
"CB2 8AU",10,545432,256347,"E92000001","E19000001","E18000006","E10000003","E07000008","E05013062"
"CB2 8AW",10,545262,256303,"E92000001","E19000001","E18000006","E10000003","E07000008","E05013062"
"CB2 8AX",10,545291,256834,"E92000001","E19000001","E18000006","E10000003","E07000008","E05013062"
"CB2 8AY",10,545310,256879,"E92000001","E19000001","E18000006","E10000003","E07000008","E05013062"
"CB2 8AZ",10,545254,256470,"E92000001","E19000001","E18000006","E10000003","E07000008","E05013062"
"CB2 8BA",10,546423,255497,"E92000001","E19000001","E18000006","E10000003","E07000008","E05013060"
"CB2 8BB",10,545823,256991,"E92000001","E19000001","E18000006","E10000003","E07000008","E05013059"
"CB2 8BD",10,545614,256610,"E92000001","E19000001","E18000006","E10000003","E07000008","E05013059"
"CB2 8BE",10,545672,256736,"E92000001","E19000001","E18000006","E10000003","E07000008","E05013059"
"CB2 8BF",10,545656,256627,"E92000001","E19000001","E18000006","E10000003","E07000008","E05013059"
"CB2 8BG",10,545718,257036,"E92000001","E19000001","E18000006","E10000003","E07000008","E05013059"
"CB2 8BH",10,545835,256923,"E92000001","E19000001","E18000006","E10000003","E07000008","E05013059"
"CB2 8BJ",10,545671,256768,"E92000001","E19000001","E18000006","E10000003","E07000008","E05013059"
"CB2 8BL",10,545516,256747,"E92000001","E19000001","E18000006","E10000003","E07000008","E05013059"
"CB2 8BN",10,545812,256805,"E92000001","E19000001","E18000006","E10000003","E07000008","E05013059"
"CB2 8BP",10,545560,257017,"E92000001","E19000001","E18000006","E10000003","E07000008","E05013059"
"CB2 8BS",10,545717,256434,"E92000001","E19000001","E18000006","E10000003","E07000008","E05013059"
"CB2 8BT",10,545538,256622,"E92000001","E19000001","E18000006","E10000003","E07000008","E05013059"
"CB2 8BU",10,545480,256938,"E92000001","E19000001","E18000006","E10000003","E07000008","E05013059"
"CB2 8BW",10,545759,256843,"E92000001","E19000001","E18000006","E10000003","E07000008","E05013059"
"CB2 8BX",10,545694,256838,"E92000001","E19000001","E18000006","E10000003","E07000008","E05013059"
"CB2 8BY",10,545616,256540,"E92000001","E19000001","E18000006","E10000003","E07000008","E05013059"
"CB2 8BZ",10,545590,256723,"E92000001","E19000001","E18000006","E10000003","E07000008","E05013059"
"CB2 8DA",10,545545,256579,"E92000001","E19000001","E18000006","E10000003","E07000008","E05013059"
"CB2 8DB",10,545926,256856,"E92000001","E19000001","E18000006","E10000003","E07000008","E05013059"
"CB2 8DD",10,545960,256771,"E92000001","E19000001","E18000006","E10000003","E07000008","E05013059"
"CB2 8DE",10,545628,256958,"E92000001","E19000001","E18000006","E10000003","E07000008","E05013059"
"CB2 8DG",10,545531,256943,"E92000001","E19000001","E18000006","E10000003","E07000008","E05013059"
"CB2 8DH",10,545938,256700,"E92000001","E19000001","E18000006","E10000003","E07000008","E05013059"
"CB2 8DL",10,545627,256806,"E92000001","E19000001","E18000006","E10000003","E07000008","E05013059"
"CB2 8DN",10,545556,256772,"E92000001","E19000001","E18000006","E10000003","E07000008","E05013059"
"CB2 8DP",10,545560,256882,"E92000001","E19000001","E18000006","E10000003","E07000008","E05013059"
"CB2 8DR",10,545656,256627,"E92000001","E19000001","E18000006","E10000003","E07000008","E05013059"
"CB2 8DS",10,545865,256701,"E92000001","E19000001","E18000006","E10000003","E07000008","E05013059"
"CB2 8DT",10,545885,256760,"E92000001","E19000001","E18000006","E10000003","E07000008","E05013059"
"CB2 8DU",10,545656,256627,"E92000001","E19000001","E18000006","E10000003","E07000008","E05013059"
"CB2 8DW",10,545532,256878,"E92000001","E19000001","E18000006","E10000003","E07000008","E05013059"
"CB2 8DX",10,545645,256923,"E92000001","E19000001","E18000006","E10000003","E07000008","E05013059"
"CB2 8DY",10,545805,256737,"E92000001","E19000001","E18000006","E10000003","E07000008","E05013059"
"CB2 8DZ",10,545612,256642,"E92000001","E19000001","E18000006","E10000003","E07000008","E05013059"
"CB2 8EA",10,545844,256594,"E92000001","E19000001","E18000006","E10000003","E07000008","E05013059"
"CB2 8EB",10,545968,256372,"E92000001","E19000001","E18000006","E10000003","E07000008","E05013060"
"CB2 8ED",10,545956,256338,"E92000001","E19000001","E18000006","E10000003","E07000008","E05013060"
"CB2 8EE",10,545883,256935,"E92000001","E19000001","E18000006","E10000003","E07000008","E05013059"
"CB2 8EF",10,545882,256329,"E92000001","E19000001","E18000006","E10000003","E07000008","E05013060"
"CB2 8EN",10,545506,256794,"E92000001","E19000001","E18000006","E10000003","E07000008","E05013059"
"CB2 8ER",10,545035,255902,"E92000001","E19000001","E18000006","E10000003","E07000008","E05013062"
"CB2 8ES",10,545074,255977,"E92000001","E19000001","E18000006","E10000003","E07000008","E05013062"
"CB2 8ET",10,545155,256039,"E92000001","E19000001","E18000006","E10000003","E07000008","E05013062"
"CB2 8EU",10,545238,255990,"E92000001","E19000001","E18000006","E10000003","E07000008","E05013062"
"CB2 8EW",10,545544,256743,"E92000001","E19000001","E18000006","E10000003","E07000008","E05013059"
"CB2 8EX",10,545123,256464,"E92000001","E19000001","E18000006","E10000003","E07000008","E05013062"
"CB2 8EZ",10,544893,255776,"E92000001","E19000001","E18000006","E10000003","E07000008","E05013062"
"CB2 8FA",10,544930,256360,"E92000001","E19000001","E18000006","E10000003","E07000008","E05013062"
"CB2 8FG",10,545448,257007,"E92000001","E19000001","E18000006","E10000003","E07000008","E05013059"
"CB2 8FH",10,545887,256881,"E92000001","E19000001","E18000006","E10000003","E07000008","E05013059"
"CB2 8HD",10,545014,255615,"E92000001","E19000001","E18000006","E10000003","E07000008","E05013062"
"CB2 8HE",10,545143,255720,"E92000001","E19000001","E18000006","E10000003","E07000008","E05013062"
"CB2 8HF",10,544968,255673,"E92000001","E19000001","E18000006","E10000003","E07000008","E05013062"
"CB2 8HG",10,545056,255810,"E92000001","E19000001","E18000006","E10000003","E07000008","E05013062"
"CB2 8HH",10,545367,255778,"E92000001","E19000001","E18000006","E10000003","E07000008","E05013062"
"CB2 8HL",10,544869,255738,"E92000001","E19000001","E18000006","E10000003","E07000008","E05013062"
"CB2 8HY",10,545911,256466,"E92000001","E19000001","E18000006","E10000003","E07000008","E05013054"
"CB2 8HZ",10,545938,256528,"E92000001","E19000001","E18000006","E10000003","E07000008","E05013054"
"CB2 8NX",10,546056,256702,"E92000001","E19000001","E18000006","E10000003","E07000008","E05013054"
"CB2 8NY",10,546004,256636,"E92000001","E19000001","E18000006","E10000003","E07000008","E05013054"
"CB2 8NZ",10,546053,256671,"E92000001","E19000001","E18000006","E10000003","E07000008","E05013054"
"CB2 8PA",10,545989,256839,"E92000001","E19000001","E18000006","E10000003","E07000008","E05013059"
"CB2 8PB",10,546093,256680,"E92000001","E19000001","E18000006","E10000003","E07000008","E05013054"
"CB2 8PE",10,546093,256570,"E92000001","E19000001","E18000006","E10000003","E07000008","E05013054"
"CB2 8PF",10,545984,256413,"E92000001","E19000001","E18000006","E10000003","E07000008","E05013060"
"CB2 8PH",10,546115,256368,"E92000001","E19000001","E18000006","E10000003","E07000008","E05013060"
"CB2 8PJ",10,546112,256095,"E92000001","E19000001","E18000006","E10000003","E07000008","E05013060"
"CB2 8PL",10,546108,255982,"E92000001","E19000001","E18000006","E10000003","E07000008","E05013060"
"CB2 8PN",10,546016,255848,"E92000001","E19000001","E18000006","E10000003","E07000008","E05013060"
"CB2 8PP",10,546229,255610,"E92000001","E19000001","E18000006","E10000003","E07000008","E05013060"
"CB2 8PQ",10,546206,256412,"E92000001","E19000001","E18000006","E10000003","E07000008","E05013060"
"CB2 8PR",10,545970,255632,"E92000001","E19000001","E18000006","E10000003","E07000008","E05013060"
"CB2 8PS",10,546395,255513,"E92000001","E19000001","E18000006","E10000003","E07000008","E05013060"
"CB2 8PW",10,545961,255873,"E92000001","E19000001","E18000006","E10000003","E07000008","E05013060"
"CB2 8PX",10,545927,255513,"E92000001","E19000001","E18000006","E10000003","E07000008","E05013060"
"CB2 8QA",10,546051,256467,"E92000001","E19000001","E18000006","E10000003","E07000008","E05013060"
"CB2 8QE",10,546422,255884,"E92000001","E19000001","E18000006","E10000003","E07000008","E05013060"
"CB2 8QF",10,546337,255803,"E92000001","E19000001","E18000006","E10000003","E07000008","E05013060"
"CB2 8RA",10,546156,256657,"E92000001","E19000001","E18000006","E10000003","E07000008","E05013054"
"CB2 8RG",10,546233,256578,"E92000001","E19000001","E18000006","E10000003","E07000008","E05013060"
"CB2 8RJ",10,546183,256583,"E92000001","E19000001","E18000006","E10000003","E07000008","E05013060"
"CB2 8RL",10,546249,256436,"E92000001","E19000001","E18000006","E10000003","E07000008","E05013060"
"CB2 8RN",10,546280,256371,"E92000001","E19000001","E18000006","E10000003","E07000008","E05013060"
"CB2 8RP",10,546543,255743,"E92000001","E19000001","E18000006","E10000003","E07000008","E05013060"
"CB2 8RS",10,546398,256103,"E92000001","E19000001","E18000006","E10000003","E07000008","E05013060"
"CB2 8RW",10,546372,256139,"E92000001","E19000001","E18000006","E10000003","E07000008","E05013060"
"CB2 9AA",10,544981,254312,"E92000001","E19000001","E18000006","E10000003","E07000008","E05013062"
"CB2 9AB",10,544375,254479,"E92000001","E19000001","E18000006","E10000003","E07000008","E05013062"
"CB2 9AD",10,544343,254401,"E92000001","E19000001","E18000006","E10000003","E07000008","E05013062"
"CB2 9AE",10,544321,254575,"E92000001","E19000001","E18000006","E10000003","E07000008","E05013062"
"CB2 9AF",10,544353,254593,"E92000001","E19000001","E18000006","E10000003","E07000008","E05013062"
"CB2 9AG",10,544411,254596,"E92000001","E19000001","E18000006","E10000003","E07000008","E05013062"
"CB2 9AH",10,544450,254577,"E92000001","E19000001","E18000006","E10000003","E07000008","E05013062"
"CB2 9AJ",10,544450,254620,"E92000001","E19000001","E18000006","E10000003","E07000008","E05013062"
"CB2 9AL",10,544381,254461,"E92000001","E19000001","E18000006","E10000003","E07000008","E05013062"
"CB2 9AN",10,545470,254156,"E92000001","E19000001","E18000006","E10000003","E07000008","E05013062"
"CB2 9AP",10,545328,254091,"E92000001","E19000001","E18000006","E10000003","E07000008","E05013062"
"CB2 9AQ",10,545214,254155,"E92000001","E19000001","E18000006","E10000003","E07000008","E05013062"
"CB2 9AR",10,545278,254145,"E92000001","E19000001","E18000006","E10000003","E07000008","E05013062"
"CB2 9AS",10,545065,254379,"E92000001","E19000001","E18000006","E10000003","E07000008","E05013062"
"CB2 9AT",10,545062,254422,"E92000001","E19000001","E18000006","E10000003","E07000008","E05013062"
"CB2 9AU",10,544985,254368,"E92000001","E19000001","E18000006","E10000003","E07000008","E05013062"
"CB2 9AW",10,544990,254501,"E92000001","E19000001","E18000006","E10000003","E07000008","E05013062"
"CB2 9AX",10,545041,254479,"E92000001","E19000001","E18000006","E10000003","E07000008","E05013062"
"CB2 9AY",10,544080,254390,"E92000001","E19000001","E18000006","E10000003","E07000012","E05011296"
"CB2 9AZ",10,545073,254271,"E92000001","E19000001","E18000006","E10000003","E07000008","E05013062"
"CB2 9BA",10,545179,254363,"E92000001","E19000001","E18000006","E10000003","E07000008","E05013062"
"CB2 9BB",10,545131,254235,"E92000001","E19000001","E18000006","E10000003","E07000008","E05013062"
"CB2 9BD",10,545253,254338,"E92000001","E19000001","E18000006","E10000003","E07000008","E05013062"
"CB2 9BE",10,545311,254525,"E92000001","E19000001","E18000006","E10000003","E07000008","E05013062"
"CB2 9BF",10,545189,254304,"E92000001","E19000001","E18000006","E10000003","E07000008","E05013062"
"CB2 9BG",10,545293,254242,"E92000001","E19000001","E18000006","E10000003","E07000008","E05013062"
"CB2 9BH",10,545317,254251,"E92000001","E19000001","E18000006","E10000003","E07000008","E05013062"
"CB2 9BJ",10,544179,254539,"E92000001","E19000001","E18000006","E10000003","E07000008","E05013062"
"CB2 9BL",10,545265,254395,"E92000001","E19000001","E18000006","E10000003","E07000008","E05013062"
"CB2 9BN",10,545294,254367,"E92000001","E19000001","E18000006","E10000003","E07000008","E05013062"
"CB2 9BP",10,544089,254459,"E92000001","E19000001","E18000006","E10000003","E07000012","E05011296"
"CB2 9BQ",10,544232,254738,"E92000001","E19000001","E18000006","E10000003","E07000008","E05013062"
"CB2 9BS",10,544116,254545,"E92000001","E19000001","E18000006","E10000003","E07000008","E05013062"
"CB2 9BT",10,544159,254723,"E92000001","E19000001","E18000006","E10000003","E07000008","E05013062"
"CB2 9BU",10,544243,254671,"E92000001","E19000001","E18000006","E10000003","E07000008","E05013062"
"CB2 9BW",10,545319,254394,"E92000001","E19000001","E18000006","E10000003","E07000008","E05013062"
"CB2 9BX",10,545060,255457,"E92000001","E19000001","E18000006","E10000003","E07000008","E05013062"
"CB2 9BY",10,545066,255537,"E92000001","E19000001","E18000006","E10000003","E07000008","E05013062"
"CB2 9BZ",10,545175,255421,"E92000001","E19000001","E18000006","E10000003","E07000008","E05013062"
"CB2 9DA",10,545216,255443,"E92000001","E19000001","E18000006","E10000003","E07000008","E05013062"
"CB2 9DB",10,545103,255602,"E92000001","E19000001","E18000006","E10000003","E07000008","E05013062"
"CB2 9DD",10,545218,255578,"E92000001","E19000001","E18000006","E10000003","E07000008","E05013062"
"CB2 9DE",10,545227,255479,"E92000001","E19000001","E18000006","E10000003","E07000008","E05013062"
"CB2 9DF",10,545219,255410,"E92000001","E19000001","E18000006","E10000003","E07000008","E05013062"
"CB2 9DG",10,545192,255381,"E92000001","E19000001","E18000006","E10000003","E07000008","E05013062"
"CB2 9DH",10,545150,255562,"E92000001","E19000001","E18000006","E10000003","E07000008","E05013062"
"CB2 9DJ",10,545286,255543,"E92000001","E19000001","E18000006","E10000003","E07000008","E05013062"
"CB2 9DL",10,545358,255541,"E92000001","E19000001","E18000006","E10000003","E07000008","E05013062"
"CB2 9DN",10,545328,255406,"E92000001","E19000001","E18000006","E10000003","E07000008","E05013062"
"CB2 9DP",10,545266,255404,"E92000001","E19000001","E18000006","E10000003","E07000008","E05013062"
"CB2 9DQ",10,545468,254388,"E92000001","E19000001","E18000006","E10000003","E07000008","E05013062"
"CB2 9DR",10,545448,254292,"E92000001","E19000001","E18000006","E10000003","E07000008","E05013062"
"CB2 9DS",10,545405,254396,"E92000001","E19000001","E18000006","E10000003","E07000008","E05013062"
"CB2 9DT",10,545397,254430,"E92000001","E19000001","E18000006","E10000003","E07000008","E05013062"
"CB2 9DU",10,545369,254486,"E92000001","E19000001","E18000006","E10000003","E07000008","E05013062"
"CB2 9DW",10,545359,254376,"E92000001","E19000001","E18000006","E10000003","E07000008","E05013062"
"CB2 9DX",10,544112,254768,"E92000001","E19000001","E18000006","E10000003","E07000008","E05013062"
"CB2 9DY",10,544152,254801,"E92000001","E19000001","E18000006","E10000003","E07000008","E05013062"
"CB2 9DZ",10,544097,254714,"E92000001","E19000001","E18000006","E10000003","E07000008","E05013062"
"CB2 9EA",10,544047,254641,"E92000001","E19000001","E18000006","E10000003","E07000008","E05013062"
"CB2 9EB",10,544058,254743,"E92000001","E19000001","E18000006","E10000003","E07000008","E05013062"
"CB2 9ED",10,544056,254606,"E92000001","E19000001","E18000006","E10000003","E07000008","E05013062"
"CB2 9EE",10,544043,254571,"E92000001","E19000001","E18000006","E10000003","E07000008","E05013062"
"CB2 9EF",10,544022,254707,"E92000001","E19000001","E18000006","E10000003","E07000008","E05013062"
"CB2 9EG",10,545277,254635,"E92000001","E19000001","E18000006","E10000003","E07000008","E05013062"
"CB2 9EH",10,545223,254513,"E92000001","E19000001","E18000006","E10000003","E07000008","E05013062"
"CB2 9EJ",10,544888,254166,"E92000001","E19000001","E18000006","E10000003","E07000008","E05013062"
"CB2 9EL",10,545161,254919,"E92000001","E19000001","E18000006","E10000003","E07000008","E05013062"
"CB2 9EN",10,545085,254841,"E92000001","E19000001","E18000006","E10000003","E07000008","E05013062"
"CB2 9EP",10,545120,254852,"E92000001","E19000001","E18000006","E10000003","E07000008","E05013062"
"CB2 9EQ",10,545196,254827,"E92000001","E19000001","E18000006","E10000003","E07000008","E05013062"
"CB2 9ER",10,545189,254833,"E92000001","E19000001","E18000006","E10000003","E07000008","E05013062"
"CB2 9ES",10,545190,254862,"E92000001","E19000001","E18000006","E10000003","E07000008","E05013062"
"CB2 9ET",10,545229,255095,"E92000001","E19000001","E18000006","E10000003","E07000008","E05013062"
"CB2 9EU",10,544036,254473,"E92000001","E19000001","E18000006","E10000003","E07000012","E05011296"
"CB2 9EW",10,543912,254497,"E92000001","E19000001","E18000006","E10000003","E07000012","E05011296"
"CB2 9EX",10,545187,255101,"E92000001","E19000001","E18000006","E10000003","E07000008","E05013062"
"CB2 9EY",10,545373,254799,"E92000001","E19000001","E18000006","E10000003","E07000008","E05013062"
"CB2 9FA",10,545144,255243,"E92000001","E19000001","E18000006","E10000003","E07000008","E05013062"
"CB2 9FB",10,545198,255265,"E92000001","E19000001","E18000006","E10000003","E07000008","E05013062"
"CB2 9FD",10,545293,255232,"E92000001","E19000001","E18000006","E10000003","E07000008","E05013062"
"CB2 9FE",10,544793,254200,"E92000001","E19000001","E18000006","E10000003","E07000008","E05013062"
"CB2 9FF",10,544516,254880,"E92000001","E19000001","E18000006","E10000003","E07000008","E05013062"
"CB2 9FG",10,545127,254998,"E92000001","E19000001","E18000006","E10000003","E07000008","E05013062"
"CB2 9FH",10,545204,254957,"E92000001","E19000001","E18000006","E10000003","E07000008","E05013062"
"CB2 9FJ",10,544923,254120,"E92000001","E19000001","E18000006","E10000003","E07000008","E05013062"
"CB2 9FL",10,545188,255012,"E92000001","E19000001","E18000006","E10000003","E07000008","E05013062"
"CB2 9FN",10,545245,254925,"E92000001","E19000001","E18000006","E10000003","E07000008","E05013062"
"CB2 9FP",10,545260,254696,"E92000001","E19000001","E18000006","E10000003","E07000008","E05013062"
"CB2 9FQ",10,545362,254655,"E92000001","E19000001","E18000006","E10000003","E07000008","E05013062"
"CB2 9FR",10,543934,254419,"E92000001","E19000001","E18000006","E10000003","E07000012","E05011296"
"CB2 9FS",10,544945,255322,"E92000001","E19000001","E18000006","E10000003","E07000008","E05013062"
"CB2 9FT",10,544248,254484,"E92000001","E19000001","E18000006","E10000003","E07000008","E05013062"
"CB2 9FU",10,543953,254315,"E92000001","E19000001","E18000006","E10000003","E07000012","E05011296"
"CB2 9FW",10,543995,254412,"E92000001","E19000001","E18000006","E10000003","E07000012","E05011296"
"CB2 9FX",10,543842,254342,"E92000001","E19000001","E18000006","E10000003","E07000012","E05011296"
"CB2 9FY",10,543893,254318,"E92000001","E19000001","E18000006","E10000003","E07000012","E05011296"
"CB2 9FZ",10,543825,254422,"E92000001","E19000001","E18000006","E10000003","E07000012","E05011296"
"CB2 9GA",10,544075,254046,"E92000001","E19000001","E18000006","E10000003","E07000012","E05011296"
"CB2 9GB",10,544119,254062,"E92000001","E19000001","E18000006","E10000003","E07000008","E05013062"
"CB2 9GD",10,544180,254022,"E92000001","E19000001","E18000006","E10000003","E07000008","E05013062"
"CB2 9GE",10,544011,254204,"E92000001","E19000001","E18000006","E10000003","E07000012","E05011296"
"CB2 9GF",10,543986,254208,"E92000001","E19000001","E18000006","E10000003","E07000012","E05011296"
"CB2 9GG",10,543864,254274,"E92000001","E19000001","E18000006","E10000003","E07000012","E05011296"
"CB2 9GH",10,543874,254194,"E92000001","E19000001","E18000006","E10000003","E07000012","E05011296"
"CB2 9GJ",10,543863,254239,"E92000001","E19000001","E18000006","E10000003","E07000012","E05011296"
"CB2 9GL",10,543885,254166,"E92000001","E19000001","E18000006","E10000003","E07000012","E05011296"
"CB2 9GN",10,543904,254114,"E92000001","E19000001","E18000006","E10000003","E07000012","E05011296"
"CB2 9GP",10,543985,253986,"E92000001","E19000001","E18000006","E10000003","E07000012","E05011296"
"CB2 9GQ",10,543968,254124,"E92000001","E19000001","E18000006","E10000003","E07000012","E05011296"
"CB2 9GR",10,544078,254002,"E92000001","E19000001","E18000006","E10000003","E07000012","E05011296"
"CB2 9GS",10,544054,253985,"E92000001","E19000001","E18000006","E10000003","E07000012","E05011296"
"CB2 9GT",10,544909,254421,"E92000001","E19000001","E18000006","E10000003","E07000008","E05013062"
"CB2 9GU",10,544644,254883,"E92000001","E19000001","E18000006","E10000003","E07000008","E05013062"
"CB2 9GW",10,545290,255007,"E92000001","E19000001","E18000006","E10000003","E07000008","E05013062"
"CB2 9GX",10,545282,254957,"E92000001","E19000001","E18000006","E10000003","E07000008","E05013062"
"CB2 9GY",10,545331,254960,"E92000001","E19000001","E18000006","E10000003","E07000008","E05013062"
"CB2 9GZ",10,545310,254931,"E92000001","E19000001","E18000006","E10000003","E07000008","E05013062"
"CB2 9HA",10,544751,255536,"E92000001","E19000001","E18000006","E10000003","E07000008","E05013062"
"CB2 9HB",10,544882,255577,"E92000001","E19000001","E18000006","E10000003","E07000008","E05013062"
"CB2 9HD",10,544804,255432,"E92000001","E19000001","E18000006","E10000003","E07000008","E05013062"
"CB2 9HE",10,544528,254975,"E92000001","E19000001","E18000006","E10000003","E07000008","E05013062"
"CB2 9HQ",10,544839,255629,"E92000001","E19000001","E18000006","E10000003","E07000008","E05013062"
"CB2 9HR",10,544637,255354,"E92000001","E19000001","E18000006","E10000003","E07000008","E05013062"
"CB2 9HS",10,544738,255286,"E92000001","E19000001","E18000006","E10000003","E07000008","E05013062"
"CB2 9HT",10,544791,255259,"E92000001","E19000001","E18000006","E10000003","E07000008","E05013062"
"CB2 9HU",10,544642,255140,"E92000001","E19000001","E18000006","E10000003","E07000008","E05013062"
"CB2 9HW",10,544837,255368,"E92000001","E19000001","E18000006","E10000003","E07000008","E05013062"
"CB2 9HX",10,544694,255143,"E92000001","E19000001","E18000006","E10000003","E07000008","E05013062"
"CB2 9HY",10,544719,255213,"E92000001","E19000001","E18000006","E10000003","E07000008","E05013062"
"CB2 9HZ",10,544575,255120,"E92000001","E19000001","E18000006","E10000003","E07000008","E05013062"
"CB2 9JA",10,544647,254967,"E92000001","E19000001","E18000006","E10000003","E07000008","E05013062"
"CB2 9JD",10,544599,254741,"E92000001","E19000001","E18000006","E10000003","E07000008","E05013062"
"CB2 9JE",10,544613,254890,"E92000001","E19000001","E18000006","E10000003","E07000008","E05013062"
"CB2 9JF",10,544733,255017,"E92000001","E19000001","E18000006","E10000003","E07000008","E05013062"
"CB2 9JG",10,544939,255071,"E92000001","E19000001","E18000006","E10000003","E07000008","E05013062"
"CB2 9JH",10,544878,255039,"E92000001","E19000001","E18000006","E10000003","E07000008","E05013062"
"CB2 9JJ",10,544865,254994,"E92000001","E19000001","E18000006","E10000003","E07000008","E05013062"
"CB2 9JL",10,544931,254784,"E92000001","E19000001","E18000006","E10000003","E07000008","E05013062"
"CB2 9JN",10,544873,254668,"E92000001","E19000001","E18000006","E10000003","E07000008","E05013062"
"CB2 9JP",10,545024,254851,"E92000001","E19000001","E18000006","E10000003","E07000008","E05013062"
"CB2 9JQ",10,545068,255034,"E92000001","E19000001","E18000006","E10000003","E07000008","E05013062"
"CB2 9JR",10,544807,254640,"E92000001","E19000001","E18000006","E10000003","E07000008","E05013062"
"CB2 9JS",10,544637,255074,"E92000001","E19000001","E18000006","E10000003","E07000008","E05013062"
"CB2 9JT",10,544674,254808,"E92000001","E19000001","E18000006","E10000003","E07000008","E05013062"
"CB2 9JU",10,544788,255172,"E92000001","E19000001","E18000006","E10000003","E07000008","E05013062"
"CB2 9JW",10,544986,254865,"E92000001","E19000001","E18000006","E10000003","E07000008","E05013062"
"CB2 9JX",10,544619,255164,"E92000001","E19000001","E18000006","E10000003","E07000008","E05013062"
"CB2 9JY",10,544595,255122,"E92000001","E19000001","E18000006","E10000003","E07000008","E05013062"
"CB2 9JZ",10,544608,254806,"E92000001","E19000001","E18000006","E10000003","E07000008","E05013062"
"CB2 9LA",10,544456,255009,"E92000001","E19000001","E18000006","E10000003","E07000008","E05013062"
"CB2 9LB",10,544433,254902,"E92000001","E19000001","E18000006","E10000003","E07000008","E05013062"
"CB2 9LD",10,544537,254836,"E92000001","E19000001","E18000006","E10000003","E07000008","E05013062"
"CB2 9LE",10,544463,254873,"E92000001","E19000001","E18000006","E10000003","E07000008","E05013062"
"CB2 9LG",10,544253,254877,"E92000001","E19000001","E18000006","E10000003","E07000008","E05013062"
"CB2 9LH",10,544291,254984,"E92000001","E19000001","E18000006","E10000003","E07000008","E05013062"
"CB2 9LJ",10,543884,254931,"E92000001","E19000001","E18000006","E10000003","E07000008","E05013062"
"CB2 9LL",10,544355,255034,"E92000001","E19000001","E18000006","E10000003","E07000008","E05013062"
"CB2 9LN",10,544376,254834,"E92000001","E19000001","E18000006","E10000003","E07000008","E05013062"
"CB2 9LP",10,544561,255279,"E92000001","E19000001","E18000006","E10000003","E07000008","E05013062"
"CB2 9LS",10,544538,254952,"E92000001","E19000001","E18000006","E10000003","E07000008","E05013062"
"CB2 9LT",10,544517,254460,"E92000001","E19000001","E18000006","E10000003","E07000008","E05013062"
"CB2 9LU",10,544580,254572,"E92000001","E19000001","E18000006","E10000003","E07000008","E05013062"
"CB2 9LW",10,544514,255218,"E92000001","E19000001","E18000006","E10000003","E07000008","E05013062"
"CB2 9LX",10,544442,254287,"E92000001","E19000001","E18000006","E10000003","E07000008","E05013062"
"CB2 9LY",10,544685,254681,"E92000001","E19000001","E18000006","E10000003","E07000008","E05013062"
"CB2 9LZ",10,544685,254599,"E92000001","E19000001","E18000006","E10000003","E07000008","E05013062"
"CB2 9NA",10,544677,254531,"E92000001","E19000001","E18000006","E10000003","E07000008","E05013062"
"CB2 9NB",10,544911,254313,"E92000001","E19000001","E18000006","E10000003","E07000008","E05013062"
"CB2 9ND",10,545120,254088,"E92000001","E19000001","E18000006","E10000003","E07000008","E05013062"
"CB2 9NE",10,545047,254063,"E92000001","E19000001","E18000006","E10000003","E07000008","E05013062"
"CB2 9NF",10,544905,254227,"E92000001","E19000001","E18000006","E10000003","E07000008","E05013062"
"CB2 9NG",10,544800,254292,"E92000001","E19000001","E18000006","E10000003","E07000008","E05013062"
"CB2 9NH",10,544665,254288,"E92000001","E19000001","E18000006","E10000003","E07000008","E05013062"
"CB2 9NJ",10,544584,254323,"E92000001","E19000001","E18000006","E10000003","E07000008","E05013062"
"CB2 9NL",10,544967,255196,"E92000001","E19000001","E18000006","E10000003","E07000008","E05013062"
"CB2 9NN",10,544354,254167,"E92000001","E19000001","E18000006","E10000003","E07000008","E05013062"
"CB2 9NP",10,544617,254428,"E92000001","E19000001","E18000006","E10000003","E07000008","E05013062"
"CB2 9NQ",10,544663,254230,"E92000001","E19000001","E18000006","E10000003","E07000008","E05013062"
"CB2 9NR",10,544410,254112,"E92000001","E19000001","E18000006","E10000003","E07000008","E05013062"
"CB2 9NS",10,544475,254045,"E92000001","E19000001","E18000006","E10000003","E07000008","E05013062"
"CB2 9NT",10,544550,254108,"E92000001","E19000001","E18000006","E10000003","E07000008","E05013062"
"CB2 9NU",10,544855,254231,"E92000001","E19000001","E18000006","E10000003","E07000008","E05013062"
"CB2 9NW",10,544619,254488,"E92000001","E19000001","E18000006","E10000003","E07000008","E05013062"
"CB2 9NX",10,545196,254077,"E92000001","E19000001","E18000006","E10000003","E07000008","E05013062"
"CB2 9NY",10,544509,253963,"E92000001","E19000001","E18000006","E10000003","E07000008","E05013062"
"CB2 9NZ",10,544454,253964,"E92000001","E19000001","E18000006","E10000003","E07000008","E05013062"
"CB2 9PA",10,544376,253949,"E92000001","E19000001","E18000006","E10000003","E07000008","E05013062"
"CB2 9PB",10,544401,253980,"E92000001","E19000001","E18000006","E10000003","E07000008","E05013062"
"CB2 9PD",10,544482,254012,"E92000001","E19000001","E18000006","E10000003","E07000008","E05013062"
"CB2 9PF",10,544548,253978,"E92000001","E19000001","E18000006","E10000003","E07000008","E05013062"
"CB2 9PG",10,544589,254021,"E92000001","E19000001","E18000006","E10000003","E07000008","E05013062"
"CB2 9PH",10,544620,254068,"E92000001","E19000001","E18000006","E10000003","E07000008","E05013062"
"CB2 9PJ",10,544692,254075,"E92000001","E19000001","E18000006","E10000003","E07000008","E05013062"
"CB2 9PL",10,544419,254036,"E92000001","E19000001","E18000006","E10000003","E07000008","E05013062"
"CB2 9PN",10,544322,254061,"E92000001","E19000001","E18000006","E10000003","E07000008","E05013062"
"CB2 9PP",10,544303,253992,"E92000001","E19000001","E18000006","E10000003","E07000008","E05013062"
"CB2 9PQ",10,544292,253945,"E92000001","E19000001","E18000006","E10000003","E07000008","E05013062"
"CB2 9PR",10,544275,254021,"E92000001","E19000001","E18000006","E10000003","E07000008","E05013062"
"CB2 9PS",10,544322,254116,"E92000001","E19000001","E18000006","E10000003","E07000008","E05013062"
"CB2 9SS",10,544871,255163,"E92000001","E19000001","E18000006","E10000003","E07000008","E05013062"
"CB2 9ST",10,544873,255125,"E92000001","E19000001","E18000006","E10000003","E07000008","E05013062"
"CB2 9SU",10,544550,255063,"E92000001","E19000001","E18000006","E10000003","E07000008","E05013062"
"CB21 4AA",10,556844,246919,"E92000001","E19000001","E18000006","E10000003","E07000012","E05011298"
"CB21 4AB",10,556265,247147,"E92000001","E19000001","E18000006","E10000003","E07000012","E05011298"
"CB21 4AD",10,559124,250748,"E92000001","E19000001","E18000006","E10000003","E07000012","E05011282"
"CB21 4AE",10,556735,246741,"E92000001","E19000001","E18000006","E10000003","E07000012","E05011298"
"CB21 4AF",10,556093,247072,"E92000001","E19000001","E18000006","E10000003","E07000012","E05011298"
"CB21 4AG",10,555784,246558,"E92000001","E19000001","E18000006","E10000003","E07000012","E05011298"
"CB21 4AH",10,556826,246888,"E92000001","E19000001","E18000006","E10000003","E07000012","E05011298"
"CB21 4AL",10,558840,250590,"E92000001","E19000001","E18000006","E10000003","E07000012","E05011282"
"CB21 4AN",10,558798,250561,"E92000001","E19000001","E18000006","E10000003","E07000012","E05011282"
"CB21 4AP",10,558818,250649,"E92000001","E19000001","E18000006","E10000003","E07000012","E05011282"
"CB21 4AQ",10,555390,252657,"E92000001","E19000001","E18000006","E10000003","E07000012","E05011282"
"CB21 4AR",10,558205,250769,"E92000001","E19000001","E18000006","E10000003","E07000012","E05011282"
"CB21 4AS",10,557782,250731,"E92000001","E19000001","E18000006","E10000003","E07000012","E05011282"
"CB21 4AT",10,557318,246575,"E92000001","E19000001","E18000006","E10000003","E07000012","E05011298"
"CB21 4AU",10,557159,246490,"E92000001","E19000001","E18000006","E10000003","E07000012","E05011298"
"CB21 4AW",10,556765,246859,"E92000001","E19000001","E18000006","E10000003","E07000012","E05011298"
"CB21 4AX",10,563047,243359,"E92000001","E19000001","E18000006","E10000003","E07000012","E05011298"
"CB21 4AY",10,557166,246861,"E92000001","E19000001","E18000006","E10000003","E07000012","E05011298"
"CB21 4AZ",10,557201,246784,"E92000001","E19000001","E18000006","E10000003","E07000012","E05011298"
"CB21 4BA",10,557171,246738,"E92000001","E19000001","E18000006","E10000003","E07000012","E05011298"
"CB21 4BB",10,563558,249662,"E92000001","E19000001","E18000006","E10000003","E07000012","E05011282"
"CB21 4BE",10,557751,250805,"E92000001","E19000001","E18000006","E10000003","E07000012","E05011282"
"CB21 4BF",10,562916,243361,"E92000001","E19000001","E18000006","E10000003","E07000012","E05011298"
"CB21 4BG",10,555759,246657,"E92000001","E19000001","E18000006","E10000003","E07000012","E05011298"
"CB21 4DG",10,558900,250760,"E92000001","E19000001","E18000006","E10000003","E07000012","E05011282"
"CB21 4DJ",10,558702,250691,"E92000001","E19000001","E18000006","E10000003","E07000012","E05011282"
"CB21 4DP",10,558722,250594,"E92000001","E19000001","E18000006","E10000003","E07000012","E05011282"
"CB21 4DS",10,558652,250848,"E92000001","E19000001","E18000006","E10000003","E07000012","E05011282"
"CB21 4DT",10,558601,250565,"E92000001","E19000001","E18000006","E10000003","E07000012","E05011282"
"CB21 4DU",10,558408,250074,"E92000001","E19000001","E18000006","E10000003","E07000012","E05011282"
"CB21 4DW",10,558727,250753,"E92000001","E19000001","E18000006","E10000003","E07000012","E05011282"
"CB21 4DX",10,558934,251019,"E92000001","E19000001","E18000006","E10000003","E07000012","E05011282"
"CB21 4DY",10,558999,250717,"E92000001","E19000001","E18000006","E10000003","E07000012","E05011282"
"CB21 4DZ",10,559132,250551,"E92000001","E19000001","E18000006","E10000003","E07000012","E05011282"
"CB21 4EA",10,558928,250569,"E92000001","E19000001","E18000006","E10000003","E07000012","E05011282"
"CB21 4EB",10,559239,250543,"E92000001","E19000001","E18000006","E10000003","E07000012","E05011282"
"CB21 4ED",10,559264,250438,"E92000001","E19000001","E18000006","E10000003","E07000012","E05011282"
"CB21 4EE",10,559101,250418,"E92000001","E19000001","E18000006","E10000003","E07000012","E05011282"
"CB21 4EF",10,559227,250657,"E92000001","E19000001","E18000006","E10000003","E07000012","E05011282"
"CB21 4EG",10,559122,250709,"E92000001","E19000001","E18000006","E10000003","E07000012","E05011282"
"CB21 4EH",10,558970,250469,"E92000001","E19000001","E18000006","E10000003","E07000012","E05011282"
"CB21 4EJ",10,558877,250499,"E92000001","E19000001","E18000006","E10000003","E07000012","E05011282"
"CB21 4EL",10,559016,250833,"E92000001","E19000001","E18000006","E10000003","E07000012","E05011282"
"CB21 4EN",10,558623,244642,"E92000001","E19000001","E18000006","E10000003","E07000012","E05011298"
"CB21 4EP",10,558301,250826,"E92000001","E19000001","E18000006","E10000003","E07000012","E05011282"
"CB21 4EQ",10,559042,250541,"E92000001","E19000001","E18000006","E10000003","E07000012","E05011282"
"CB21 4ER",10,558451,250770,"E92000001","E19000001","E18000006","E10000003","E07000012","E05011282"
"CB21 4ES",10,558485,250912,"E92000001","E19000001","E18000006","E10000003","E07000012","E05011282"
"CB21 4EU",10,558376,250935,"E92000001","E19000001","E18000006","E10000003","E07000012","E05011282"
"CB21 4EW",10,557972,251042,"E92000001","E19000001","E18000006","E10000003","E07000012","E05011282"
"CB21 4EZ",10,557918,251052,"E92000001","E19000001","E18000006","E10000003","E07000012","E05011282"
"CB21 4FD",10,555719,246751,"E92000001","E19000001","E18000006","E10000003","E07000012","E05011298"
"CB21 4HA",10,557879,250730,"E92000001","E19000001","E18000006","E10000003","E07000012","E05011282"
"CB21 4HB",10,557789,249506,"E92000001","E19000001","E18000006","E10000003","E07000012","E05011282"
"CB21 4HD",10,557834,250803,"E92000001","E19000001","E18000006","E10000003","E07000012","E05011282"
"CB21 4HE",10,555438,252663,"E92000001","E19000001","E18000006","E10000003","E07000012","E05011282"
"CB21 4HF",10,555999,252862,"E92000001","E19000001","E18000006","E10000003","E07000012","E05011282"
"CB21 4HG",10,555858,246651,"E92000001","E19000001","E18000006","E10000003","E07000012","E05011298"
"CB21 4HH",10,556134,254196,"E92000001","E19000001","E18000006","E10000003","E07000012","E05011282"
"CB21 4HJ",10,555808,246631,"E92000001","E19000001","E18000006","E10000003","E07000012","E05011298"
"CB21 4HL",10,558007,250731,"E92000001","E19000001","E18000006","E10000003","E07000012","E05011282"
"CB21 4HQ",10,554940,254249,"E92000001","E19000001","E18000006","E10000003","E07000012","E05011282"
"CB21 4HS",10,555995,246754,"E92000001","E19000001","E18000006","E10000003","E07000012","E05011298"
"CB21 4HT",10,556032,246692,"E92000001","E19000001","E18000006","E10000003","E07000012","E05011298"
"CB21 4HU",10,555913,246764,"E92000001","E19000001","E18000006","E10000003","E07000012","E05011298"
"CB21 4HX",10,556007,246875,"E92000001","E19000001","E18000006","E10000003","E07000012","E05011298"
"CB21 4HY",10,556035,247021,"E92000001","E19000001","E18000006","E10000003","E07000012","E05011298"
"CB21 4JA",10,555871,247093,"E92000001","E19000001","E18000006","E10000003","E07000012","E05011298"
"CB21 4JB",10,555673,246925,"E92000001","E19000001","E18000006","E10000003","E07000012","E05011298"
"CB21 4JD",10,555456,247462,"E92000001","E19000001","E18000006","E10000003","E07000012","E05011298"
"CB21 4JE",10,556193,246987,"E92000001","E19000001","E18000006","E10000003","E07000012","E05011298"
"CB21 4JF",10,556069,247176,"E92000001","E19000001","E18000006","E10000003","E07000012","E05011298"
"CB21 4JG",10,556013,247151,"E92000001","E19000001","E18000006","E10000003","E07000012","E05011298"
"CB21 4JH",10,556404,247150,"E92000001","E19000001","E18000006","E10000003","E07000012","E05011298"
"CB21 4JJ",10,556271,246989,"E92000001","E19000001","E18000006","E10000003","E07000012","E05011298"
"CB21 4JL",10,555889,247275,"E92000001","E19000001","E18000006","E10000003","E07000012","E05011298"
"CB21 4JN",10,555871,246601,"E92000001","E19000001","E18000006","E10000003","E07000012","E05011298"
"CB21 4JP",10,556442,247333,"E92000001","E19000001","E18000006","E10000003","E07000012","E05011298"
"CB21 4JQ",10,556378,247244,"E92000001","E19000001","E18000006","E10000003","E07000012","E05011298"
"CB21 4JR",10,556190,246900,"E92000001","E19000001","E18000006","E10000003","E07000012","E05011298"
"CB21 4JS",10,556220,246882,"E92000001","E19000001","E18000006","E10000003","E07000012","E05011298"
"CB21 4JT",10,556420,246814,"E92000001","E19000001","E18000006","E10000003","E07000012","E05011298"
"CB21 4JW",10,555961,246757,"E92000001","E19000001","E18000006","E10000003","E07000012","E05011298"
"CB21 4JX",10,556162,246717,"E92000001","E19000001","E18000006","E10000003","E07000012","E05011298"
"CB21 4JY",10,556385,246674,"E92000001","E19000001","E18000006","E10000003","E07000012","E05011298"
"CB21 4JZ",10,556451,246741,"E92000001","E19000001","E18000006","E10000003","E07000012","E05011298"
"CB21 4LA",10,556526,246728,"E92000001","E19000001","E18000006","E10000003","E07000012","E05011298"
"CB21 4LB",10,556652,246696,"E92000001","E19000001","E18000006","E10000003","E07000012","E05011298"
"CB21 4LD",10,556619,247068,"E92000001","E19000001","E18000006","E10000003","E07000012","E05011298"
"CB21 4LE",10,557304,248011,"E92000001","E19000001","E18000006","E10000003","E07000012","E05011298"
"CB21 4LF",10,555822,247938,"E92000001","E19000001","E18000006","E10000003","E07000012","E05011298"
"CB21 4LG",10,556452,246902,"E92000001","E19000001","E18000006","E10000003","E07000012","E05011298"
"CB21 4LH",10,556483,247033,"E92000001","E19000001","E18000006","E10000003","E07000012","E05011298"
"CB21 4LJ",10,556556,247195,"E92000001","E19000001","E18000006","E10000003","E07000012","E05011298"
"CB21 4LL",10,556689,247206,"E92000001","E19000001","E18000006","E10000003","E07000012","E05011298"
"CB21 4LN",10,555129,246908,"E92000001","E19000001","E18000006","E10000003","E07000012","E05011298"
"CB21 4LP",10,556592,246743,"E92000001","E19000001","E18000006","E10000003","E07000012","E05011298"
"CB21 4LQ",10,555459,247939,"E92000001","E19000001","E18000006","E10000003","E07000012","E05011298"
"CB21 4LR",10,555884,246912,"E92000001","E19000001","E18000006","E10000003","E07000012","E05011298"
"CB21 4LS",10,557152,246647,"E92000001","E19000001","E18000006","E10000003","E07000012","E05011298"
"CB21 4LT",10,557087,246827,"E92000001","E19000001","E18000006","E10000003","E07000012","E05011298"
"CB21 4LU",10,556962,246873,"E92000001","E19000001","E18000006","E10000003","E07000012","E05011298"
"CB21 4LW",10,556930,247234,"E92000001","E19000001","E18000006","E10000003","E07000012","E05011298"
"CB21 4LX",10,556867,246800,"E92000001","E19000001","E18000006","E10000003","E07000012","E05011298"
"CB21 4LY",10,556963,246663,"E92000001","E19000001","E18000006","E10000003","E07000012","E05011298"
"CB21 4LZ",10,555849,246698,"E92000001","E19000001","E18000006","E10000003","E07000012","E05011298"
"CB21 4NA",10,557252,246600,"E92000001","E19000001","E18000006","E10000003","E07000012","E05011298"
"CB21 4NB",10,556772,246677,"E92000001","E19000001","E18000006","E10000003","E07000012","E05011298"
"CB21 4ND",10,556912,246638,"E92000001","E19000001","E18000006","E10000003","E07000012","E05011298"
"CB21 4NE",10,556961,246589,"E92000001","E19000001","E18000006","E10000003","E07000012","E05011298"
"CB21 4NF",10,556967,246753,"E92000001","E19000001","E18000006","E10000003","E07000012","E05011298"
"CB21 4NG",10,557103,246680,"E92000001","E19000001","E18000006","E10000003","E07000012","E05011298"
"CB21 4NH",10,555800,246910,"E92000001","E19000001","E18000006","E10000003","E07000012","E05011298"
"CB21 4NJ",10,556004,244915,"E92000001","E19000001","E18000006","E10000012","E07000077","E05009910"
"CB21 4NL",10,556276,246382,"E92000001","E19000001","E18000006","E10000003","E07000012","E05011298"
"CB21 4NN",10,555791,246605,"E92000001","E19000001","E18000006","E10000003","E07000012","E05011298"
"CB21 4NP",10,555779,246788,"E92000001","E19000001","E18000006","E10000003","E07000012","E05011298"
"CB21 4NQ",10,556936,246794,"E92000001","E19000001","E18000006","E10000003","E07000012","E05011298"
"CB21 4NR",10,555886,246479,"E92000001","E19000001","E18000006","E10000003","E07000012","E05011298"
"CB21 4NS",10,556575,246223,"E92000001","E19000001","E18000006","E10000003","E07000012","E05011298"
"CB21 4NT",10,555760,246152,"E92000001","E19000001","E18000006","E10000003","E07000012","E05011298"
"CB21 4NU",10,555803,244975,"E92000001","E19000001","E18000006","E10000012","E07000077","E05009910"
"CB21 4NW",10,555580,246589,"E92000001","E19000001","E18000006","E10000003","E07000012","E05011298"
"CB21 4NX",10,555810,244784,"E92000001","E19000001","E18000006","E10000012","E07000077","E05009910"
"CB21 4NY",10,555839,245019,"E92000001","E19000001","E18000006","E10000012","E07000077","E05009910"
"CB21 4NZ",10,555867,244983,"E92000001","E19000001","E18000006","E10000012","E07000077","E05009910"
"CB21 4PA",10,555712,244674,"E92000001","E19000001","E18000006","E10000012","E07000077","E05009910"
"CB21 4PB",10,555975,244922,"E92000001","E19000001","E18000006","E10000012","E07000077","E05009910"
"CB21 4PD",10,556157,244951,"E92000001","E19000001","E18000006","E10000012","E07000077","E05009910"
"CB21 4PE",10,556084,245064,"E92000001","E19000001","E18000006","E10000012","E07000077","E05009910"
"CB21 4PF",10,556131,244897,"E92000001","E19000001","E18000006","E10000012","E07000077","E05009910"
"CB21 4PG",10,557255,245073,"E92000001","E19000001","E18000006","E10000012","E07000077","E05009910"
"CB21 4PH",10,555913,244809,"E92000001","E19000001","E18000006","E10000012","E07000077","E05009910"
"CB21 4PL",10,558574,245214,"E92000001","E19000001","E18000006","E10000003","E07000012","E05011298"
"CB21 4PN",10,557525,246128,"E92000001","E19000001","E18000006","E10000003","E07000012","E05011298"
"CB21 4PP",10,558619,245225,"E92000001","E19000001","E18000006","E10000003","E07000012","E05011298"
"CB21 4PQ",10,556026,244996,"E92000001","E19000001","E18000006","E10000012","E07000077","E05009910"
"CB21 4PR",10,559664,244419,"E92000001","E19000001","E18000006","E10000003","E07000012","E05011298"
"CB21 4PS",10,558489,245369,"E92000001","E19000001","E18000006","E10000003","E07000012","E05011298"
"CB21 4PT",10,559255,247679,"E92000001","E19000001","E18000006","E10000003","E07000012","E05011282"
"CB21 4PW",10,558440,245078,"E92000001","E19000001","E18000006","E10000003","E07000012","E05011298"
"CB21 4PY",10,558509,245195,"E92000001","E19000001","E18000006","E10000003","E07000012","E05011298"
"CB21 4QA",10,561330,247371,"E92000001","E19000001","E18000006","E10000003","E07000012","E05011282"
"CB21 4QB",10,561232,247311,"E92000001","E19000001","E18000006","E10000003","E07000012","E05011282"
"CB21 4QD",10,561258,247365,"E92000001","E19000001","E18000006","E10000003","E07000012","E05011282"
"CB21 4QE",10,561150,247300,"E92000001","E19000001","E18000006","E10000003","E07000012","E05011282"
"CB21 4QF",10,561017,247180,"E92000001","E19000001","E18000006","E10000003","E07000012","E05011282"
"CB21 4QG",10,562649,247057,"E92000001","E19000001","E18000006","E10000003","E07000012","E05011282"
"CB21 4QH",10,561971,244439,"E92000001","E19000001","E18000006","E10000003","E07000012","E05011298"
"CB21 4QN",10,561344,247113,"E92000001","E19000001","E18000006","E10000003","E07000012","E05011282"
"CB21 4QP",10,559394,247185,"E92000001","E19000001","E18000006","E10000003","E07000012","E05011282"
"CB21 4QQ",10,561311,247255,"E92000001","E19000001","E18000006","E10000003","E07000012","E05011282"
"CB21 4QR",10,561459,247082,"E92000001","E19000001","E18000006","E10000003","E07000012","E05011282"
"CB21 4QS",10,561352,247180,"E92000001","E19000001","E18000006","E10000003","E07000012","E05011282"
"CB21 4QT",10,561401,247126,"E92000001","E19000001","E18000006","E10000003","E07000012","E05011282"
"CB21 4QU",10,561486,247080,"E92000001","E19000001","E18000006","E10000003","E07000012","E05011282"
"CB21 4QX",10,561568,246454,"E92000001","E19000001","E18000006","E10000003","E07000012","E05011282"
"CB21 4QY",10,562026,246357,"E92000001","E19000001","E18000006","E10000003","E07000012","E05011282"
"CB21 4QZ",10,562365,245505,"E92000001","E19000001","E18000006","E10000003","E07000012","E05011298"
"CB21 4RA",10,561563,244973,"E92000001","E19000001","E18000006","E10000003","E07000012","E05011298"
"CB21 4RB",10,561942,244474,"E92000001","E19000001","E18000006","E10000003","E07000012","E05011298"
"CB21 4RD",10,562356,244694,"E92000001","E19000001","E18000006","E10000003","E07000012","E05011298"
"CB21 4RE",10,562844,244913,"E92000001","E19000001","E18000006","E10000003","E07000012","E05011298"
"CB21 4RF",10,562403,246557,"E92000001","E19000001","E18000006","E10000003","E07000012","E05011282"
"CB21 4RG",10,563364,247021,"E92000001","E19000001","E18000006","E10000003","E07000012","E05011282"
"CB21 4RH",10,562261,244468,"E92000001","E19000001","E18000006","E10000003","E07000012","E05011298"
"CB21 4RJ",10,561163,245032,"E92000001","E19000001","E18000006","E10000003","E07000012","E05011298"
"CB21 4RN",10,561988,244786,"E92000001","E19000001","E18000006","E10000003","E07000012","E05011298"
"CB21 4RP",10,561508,248136,"E92000001","E19000001","E18000006","E10000003","E07000012","E05011282"
"CB21 4RQ",10,562056,244585,"E92000001","E19000001","E18000006","E10000003","E07000012","E05011298"
"CB21 4RR",10,560509,248221,"E92000001","E19000001","E18000006","E10000003","E07000012","E05011282"
"CB21 4RS",10,561744,248322,"E92000001","E19000001","E18000006","E10000003","E07000012","E05011282"
"CB21 4RT",10,562324,249068,"E92000001","E19000001","E18000006","E10000003","E07000012","E05011282"
"CB21 4RU",10,561974,244463,"E92000001","E19000001","E18000006","E10000003","E07000012","E05011298"
"CB21 4RW",10,563330,243377,"E92000001","E19000001","E18000006","E10000003","E07000012","E05011298"
"CB21 4RX",10,560712,249549,"E92000001","E19000001","E18000006","E10000003","E07000012","E05011282"
"CB21 4RY",10,561405,249285,"E92000001","E19000001","E18000006","E10000003","E07000012","E05011282"
"CB21 4RZ",10,561234,249143,"E92000001","E19000001","E18000006","E10000003","E07000012","E05011282"
"CB21 4SA",10,562138,249627,"E92000001","E19000001","E18000006","E10000003","E07000012","E05011282"
"CB21 4SB",10,561856,249561,"E92000001","E19000001","E18000006","E10000003","E07000012","E05011282"
"CB21 4SD",10,562319,249733,"E92000001","E19000001","E18000006","E10000003","E07000012","E05011282"
"CB21 4SF",10,563499,250140,"E92000001","E19000001","E18000006","E10000003","E07000012","E05011282"
"CB21 4SH",10,561641,249518,"E92000001","E19000001","E18000006","E10000003","E07000012","E05011282"
"CB21 4SJ",10,561245,247245,"E92000001","E19000001","E18000006","E10000003","E07000012","E05011282"
"CB21 4SN",10,563336,243395,"E92000001","E19000001","E18000006","E10000003","E07000012","E05011298"
"CB21 4SP",10,563277,243385,"E92000001","E19000001","E18000006","E10000003","E07000012","E05011298"
"CB21 4SR",10,563377,243106,"E92000001","E19000001","E18000006","E10000003","E07000012","E05011298"
"CB21 4SS",10,563350,243164,"E92000001","E19000001","E18000006","E10000003","E07000012","E05011298"
"CB21 4ST",10,563234,243134,"E92000001","E19000001","E18000006","E10000003","E07000012","E05011298"
"CB21 4SU",10,563439,243116,"E92000001","E19000001","E18000006","E10000003","E07000012","E05011298"
"CB21 4SW",10,563312,243399,"E92000001","E19000001","E18000006","E10000003","E07000012","E05011298"
"CB21 4SX",10,563008,243328,"E92000001","E19000001","E18000006","E10000003","E07000012","E05011298"
"CB21 4SY",10,563104,243307,"E92000001","E19000001","E18000006","E10000003","E07000012","E05011298"
"CB21 4SZ",10,563352,243521,"E92000001","E19000001","E18000006","E10000003","E07000012","E05011298"
"CB21 4TA",10,563305,243540,"E92000001","E19000001","E18000006","E10000003","E07000012","E05011298"
"CB21 4TB",10,563301,243741,"E92000001","E19000001","E18000006","E10000003","E07000012","E05011298"
"CB21 4TD",10,563271,243613,"E92000001","E19000001","E18000006","E10000003","E07000012","E05011298"
"CB21 4TE",10,563941,244275,"E92000001","E19000001","E18000006","E10000003","E07000012","E05011298"
"CB21 4TF",10,563688,244381,"E92000001","E19000001","E18000006","E10000003","E07000012","E05011298"
"CB21 4TG",10,563597,244413,"E92000001","E19000001","E18000006","E10000003","E07000012","E05011298"
"CB21 4TH",10,563174,243189,"E92000001","E19000001","E18000006","E10000003","E07000012","E05011298"
"CB21 4TJ",10,563044,243162,"E92000001","E19000001","E18000006","E10000003","E07000012","E05011298"
"CB21 4TL",10,561932,242611,"E92000001","E19000001","E18000006","E10000003","E07000012","E05011298"
"CB21 4TN",10,562023,242102,"E92000001","E19000001","E18000006","E10000003","E07000012","E05011298"
"CB21 4TP",10,561287,243181,"E92000001","E19000001","E18000006","E10000003","E07000012","E05011298"
"CB21 4TQ",10,563078,243142,"E92000001","E19000001","E18000006","E10000003","E07000012","E05011298"
"CB21 4TR",10,561413,242178,"E92000001","E19000001","E18000006","E10000003","E07000012","E05011298"
"CB21 4TT",10,563247,243257,"E92000001","E19000001","E18000006","E10000003","E07000012","E05011298"
"CB21 4TW",10,563406,241084,"E92000001","E19000001","E18000006","E10000003","E07000012","E05011298"
"CB21 4UA",10,555709,247450,"E92000001","E19000001","E18000006","E10000003","E07000012","E05011298"
"CB21 4UB",10,555785,247343,"E92000001","E19000001","E18000006","E10000003","E07000012","E05011298"
"CB21 4UD",10,555751,247367,"E92000001","E19000001","E18000006","E10000003","E07000012","E05011298"
"CB21 4UE",10,555828,247422,"E92000001","E19000001","E18000006","E10000003","E07000012","E05011298"
"CB21 4UF",10,555771,247542,"E92000001","E19000001","E18000006","E10000003","E07000012","E05011298"
"CB21 4UG",10,555795,247433,"E92000001","E19000001","E18000006","E10000003","E07000012","E05011298"
"CB21 4UH",10,555886,247350,"E92000001","E19000001","E18000006","E10000003","E07000012","E05011298"
"CB21 4UJ",10,555845,247507,"E92000001","E19000001","E18000006","E10000003","E07000012","E05011298"
"CB21 4UQ",10,555816,247289,"E92000001","E19000001","E18000006","E10000003","E07000012","E05011298"
"CB21 4UR",10,557217,246622,"E92000001","E19000001","E18000006","E10000003","E07000012","E05011298"
"CB21 4UW",10,556757,247264,"E92000001","E19000001","E18000006","E10000003","E07000012","E05011298"
"CB21 4UX",10,555713,246563,"E92000001","E19000001","E18000006","E10000003","E07000012","E05011298"
"CB21 4UY",10,561245,247245,"E92000001","E19000001","E18000006","E10000003","E07000012","E05011282"
"CB21 4XA",10,556951,246964,"E92000001","E19000001","E18000006","E10000003","E07000012","E05011298"
"CB21 4XB",10,556980,246984,"E92000001","E19000001","E18000006","E10000003","E07000012","E05011298"
"CB21 4XD",10,556902,247151,"E92000001","E19000001","E18000006","E10000003","E07000012","E05011298"
"CB21 4XE",10,556867,247135,"E92000001","E19000001","E18000006","E10000003","E07000012","E05011298"
"CB21 4XF",10,557007,247169,"E92000001","E19000001","E18000006","E10000003","E07000012","E05011298"
"CB21 4XG",10,556870,247105,"E92000001","E19000001","E18000006","E10000003","E07000012","E05011298"
"CB21 4XH",10,557057,247031,"E92000001","E19000001","E18000006","E10000003","E07000012","E05011298"
"CB21 4XJ",10,557043,246998,"E92000001","E19000001","E18000006","E10000003","E07000012","E05011298"
"CB21 4XN",10,555781,246336,"E92000001","E19000001","E18000006","E10000003","E07000012","E05011298"
"CB21 4XQ",10,557076,247087,"E92000001","E19000001","E18000006","E10000003","E07000012","E05011298"
"CB21 4XX",10,561245,247245,"E92000001","E19000001","E18000006","E10000003","E07000012","E05011282"
"CB21 4YL",10,556718,246905,"E92000001","E19000001","E18000006","E10000003","E07000012","E05011298"
"CB21 4YN",10,556643,246999,"E92000001","E19000001","E18000006","E10000003","E07000012","E05011298"
"CB21 4YP",10,556725,247000,"E92000001","E19000001","E18000006","E10000003","E07000012","E05011298"
"CB21 4YR",10,556763,247081,"E92000001","E19000001","E18000006","E10000003","E07000012","E05011298"
"CB21 4YS",10,556779,247015,"E92000001","E19000001","E18000006","E10000003","E07000012","E05011298"
"CB21 4YT",10,555817,247131,"E92000001","E19000001","E18000006","E10000003","E07000012","E05011298"
"CB21 4YW",10,556699,246981,"E92000001","E19000001","E18000006","E10000003","E07000012","E05011298"
"CB21 5AA",10,550907,256593,"E92000001","E19000001","E18000006","E10000003","E07000012","E05011291"
"CB21 5AB",10,552046,256383,"E92000001","E19000001","E18000006","E10000003","E07000012","E05011291"
"CB21 5AD",10,551961,256140,"E92000001","E19000001","E18000006","E10000003","E07000012","E05011291"
"CB21 5AE",10,551675,256114,"E92000001","E19000001","E18000006","E10000003","E07000012","E05011291"
"CB21 5AF",10,552102,255842,"E92000001","E19000001","E18000006","E10000003","E07000012","E05011291"
"CB21 5AG",10,554925,257887,"E92000001","E19000001","E18000006","E10000003","E07000012","E05011291"
"CB21 5AH",10,550907,256564,"E92000001","E19000001","E18000006","E10000003","E07000012","E05011291"
"CB21 5AJ",10,551436,256270,"E92000001","E19000001","E18000006","E10000003","E07000012","E05011291"
"CB21 5AL",10,551733,256619,"E92000001","E19000001","E18000006","E10000003","E07000012","E05011291"
"CB21 5AN",10,552255,255382,"E92000001","E19000001","E18000006","E10000003","E07000012","E05011291"
"CB21 5AP",10,550567,256440,"E92000001","E19000001","E18000006","E10000003","E07000012","E05011291"
"CB21 5AR",10,550494,256474,"E92000001","E19000001","E18000006","E10000003","E07000012","E05011291"
"CB21 5AS",10,550650,256412,"E92000001","E19000001","E18000006","E10000003","E07000012","E05011291"
"CB21 5AT",10,550650,256451,"E92000001","E19000001","E18000006","E10000003","E07000012","E05011291"
"CB21 5AY",10,551186,256533,"E92000001","E19000001","E18000006","E10000003","E07000012","E05011291"
"CB21 5AZ",10,551226,256579,"E92000001","E19000001","E18000006","E10000003","E07000012","E05011291"
"CB21 5BA",10,553203,258204,"E92000001","E19000001","E18000006","E10000003","E07000012","E05011291"
"CB21 5BF",10,552010,255909,"E92000001","E19000001","E18000006","E10000003","E07000012","E05011291"
"CB21 5BG",10,551634,256201,"E92000001","E19000001","E18000006","E10000003","E07000012","E05011291"
"CB21 5BH",10,551900,255962,"E92000001","E19000001","E18000006","E10000003","E07000012","E05011291"
"CB21 5BJ",10,551969,255943,"E92000001","E19000001","E18000006","E10000003","E07000012","E05011291"
"CB21 5BL",10,552024,255995,"E92000001","E19000001","E18000006","E10000003","E07000012","E05011291"
"CB21 5BN",10,552060,256092,"E92000001","E19000001","E18000006","E10000003","E07000012","E05011291"
"CB21 5BS",10,552125,255776,"E92000001","E19000001","E18000006","E10000003","E07000012","E05011291"
"CB21 5BT",10,551979,255694,"E92000001","E19000001","E18000006","E10000003","E07000012","E05011291"
"CB21 5BU",10,552031,255822,"E92000001","E19000001","E18000006","E10000003","E07000012","E05011291"
"CB21 5BW",10,552545,255687,"E92000001","E19000001","E18000006","E10000003","E07000012","E05011291"
"CB21 5BX",10,552069,255584,"E92000001","E19000001","E18000006","E10000003","E07000012","E05011291"
"CB21 5BY",10,552202,255669,"E92000001","E19000001","E18000006","E10000003","E07000012","E05011291"
"CB21 5BZ",10,552202,255557,"E92000001","E19000001","E18000006","E10000003","E07000012","E05011291"
"CB21 5DA",10,553434,254388,"E92000001","E19000001","E18000006","E10000003","E07000012","E05011291"
"CB21 5DB",10,552252,255529,"E92000001","E19000001","E18000006","E10000003","E07000012","E05011291"
"CB21 5DD",10,552292,255497,"E92000001","E19000001","E18000006","E10000003","E07000012","E05011291"
"CB21 5DE",10,549893,256574,"E92000001","E19000001","E18000006","E10000003","E07000012","E05011291"
"CB21 5DF",10,551396,256275,"E92000001","E19000001","E18000006","E10000003","E07000012","E05011291"
"CB21 5DH",10,551991,256258,"E92000001","E19000001","E18000006","E10000003","E07000012","E05011291"
"CB21 5DJ",10,551513,256307,"E92000001","E19000001","E18000006","E10000003","E07000012","E05011291"
"CB21 5DL",10,551663,256335,"E92000001","E19000001","E18000006","E10000003","E07000012","E05011291"
"CB21 5DN",10,551683,256406,"E92000001","E19000001","E18000006","E10000003","E07000012","E05011291"
"CB21 5DP",10,551332,256284,"E92000001","E19000001","E18000006","E10000003","E07000012","E05011291"
"CB21 5DQ",10,551126,256640,"E92000001","E19000001","E18000006","E10000003","E07000012","E05011291"
"CB21 5DR",10,551439,256196,"E92000001","E19000001","E18000006","E10000003","E07000012","E05011291"
"CB21 5DS",10,551460,256144,"E92000001","E19000001","E18000006","E10000003","E07000012","E05011291"
"CB21 5DT",10,551412,256032,"E92000001","E19000001","E18000006","E10000003","E07000012","E05011291"
"CB21 5DU",10,551256,256157,"E92000001","E19000001","E18000006","E10000003","E07000012","E05011291"
"CB21 5DW",10,551228,256333,"E92000001","E19000001","E18000006","E10000003","E07000012","E05011291"
"CB21 5DX",10,551369,256072,"E92000001","E19000001","E18000006","E10000003","E07000012","E05011291"
"CB21 5DY",10,551266,256281,"E92000001","E19000001","E18000006","E10000003","E07000012","E05011291"
"CB21 5DZ",10,551061,256345,"E92000001","E19000001","E18000006","E10000003","E07000012","E05011291"
"CB21 5EA",10,550921,256485,"E92000001","E19000001","E18000006","E10000003","E07000012","E05011291"
"CB21 5EB",10,551049,256596,"E92000001","E19000001","E18000006","E10000003","E07000012","E05011291"
"CB21 5ED",10,549572,256101,"E92000001","E19000001","E18000006","E10000003","E07000012","E05011291"
"CB21 5EF",10,549702,256284,"E92000001","E19000001","E18000006","E10000003","E07000012","E05011291"
"CB21 5EG",10,551285,255996,"E92000001","E19000001","E18000006","E10000003","E07000012","E05011291"
"CB21 5EH",10,551024,256235,"E92000001","E19000001","E18000006","E10000003","E07000012","E05011291"
"CB21 5EJ",10,552144,256317,"E92000001","E19000001","E18000006","E10000003","E07000012","E05011291"
"CB21 5EP",10,552173,256238,"E92000001","E19000001","E18000006","E10000003","E07000012","E05011291"
"CB21 5EQ",10,549983,254689,"E92000001","E19000001","E18000006","E10000003","E07000012","E05011291"
"CB21 5ER",10,552337,256468,"E92000001","E19000001","E18000006","E10000003","E07000012","E05011291"
"CB21 5ES",10,552370,256451,"E92000001","E19000001","E18000006","E10000003","E07000012","E05011291"
"CB21 5ET",10,552336,256847,"E92000001","E19000001","E18000006","E10000003","E07000012","E05011291"
"CB21 5EU",10,553150,257089,"E92000001","E19000001","E18000006","E10000003","E07000012","E05011291"
"CB21 5EW",10,552039,256324,"E92000001","E19000001","E18000006","E10000003","E07000012","E05011291"
"CB21 5EX",10,552419,256841,"E92000001","E19000001","E18000006","E10000003","E07000012","E05011291"
"CB21 5EY",10,551923,256416,"E92000001","E19000001","E18000006","E10000003","E07000012","E05011291"
"CB21 5EZ",10,551804,256396,"E92000001","E19000001","E18000006","E10000003","E07000012","E05011291"
"CB21 5GA",10,551473,255943,"E92000001","E19000001","E18000006","E10000003","E07000012","E05011291"
"CB21 5GT",10,552495,256971,"E92000001","E19000001","E18000006","E10000003","E07000012","E05011291"
"CB21 5HA",10,551886,256591,"E92000001","E19000001","E18000006","E10000003","E07000012","E05011291"
"CB21 5HB",10,551657,256529,"E92000001","E19000001","E18000006","E10000003","E07000012","E05011291"
"CB21 5HD",10,551742,256041,"E92000001","E19000001","E18000006","E10000003","E07000012","E05011291"
"CB21 5HE",10,551606,256644,"E92000001","E19000001","E18000006","E10000003","E07000012","E05011291"
"CB21 5HF",10,551815,256096,"E92000001","E19000001","E18000006","E10000003","E07000012","E05011291"
"CB21 5HG",10,551805,255991,"E92000001","E19000001","E18000006","E10000003","E07000012","E05011291"
"CB21 5HH",10,551427,255917,"E92000001","E19000001","E18000006","E10000003","E07000012","E05011291"
"CB21 5HJ",10,551376,255790,"E92000001","E19000001","E18000006","E10000003","E07000012","E05011291"
"CB21 5HL",10,551519,255985,"E92000001","E19000001","E18000006","E10000003","E07000012","E05011291"
"CB21 5HN",10,551631,255974,"E92000001","E19000001","E18000006","E10000003","E07000012","E05011291"
"CB21 5HQ",10,551708,255891,"E92000001","E19000001","E18000006","E10000003","E07000012","E05011291"
"CB21 5HR",10,551510,254708,"E92000001","E19000001","E18000006","E10000003","E07000012","E05011291"
"CB21 5HS",10,551413,255870,"E92000001","E19000001","E18000006","E10000003","E07000012","E05011291"
"CB21 5HT",10,551869,255988,"E92000001","E19000001","E18000006","E10000003","E07000012","E05011291"
"CB21 5HU",10,551597,256117,"E92000001","E19000001","E18000006","E10000003","E07000012","E05011291"
"CB21 5HW",10,551522,256059,"E92000001","E19000001","E18000006","E10000003","E07000012","E05011291"
"CB21 5HX",10,551719,256428,"E92000001","E19000001","E18000006","E10000003","E07000012","E05011291"
"CB21 5HY",10,551953,255858,"E92000001","E19000001","E18000006","E10000003","E07000012","E05011291"
"CB21 5HZ",10,551302,256527,"E92000001","E19000001","E18000006","E10000003","E07000012","E05011291"
"CB21 5JA",10,554416,257270,"E92000001","E19000001","E18000006","E10000003","E07000012","E05011291"
"CB21 5JB",10,554652,257170,"E92000001","E19000001","E18000006","E10000003","E07000012","E05011291"
"CB21 5JD",10,554935,257301,"E92000001","E19000001","E18000006","E10000003","E07000012","E05011291"
"CB21 5JE",10,555124,257431,"E92000001","E19000001","E18000006","E10000003","E07000012","E05011291"
"CB21 5JF",10,555226,257635,"E92000001","E19000001","E18000006","E10000003","E07000012","E05011291"
"CB21 5JG",10,555014,257686,"E92000001","E19000001","E18000006","E10000003","E07000012","E05011291"
"CB21 5JH",10,554819,257483,"E92000001","E19000001","E18000006","E10000003","E07000012","E05011291"
"CB21 5JJ",10,554833,257425,"E92000001","E19000001","E18000006","E10000003","E07000012","E05011291"
"CB21 5JL",10,554894,257475,"E92000001","E19000001","E18000006","E10000003","E07000012","E05011291"
"CB21 5JN",10,554887,257929,"E92000001","E19000001","E18000006","E10000003","E07000012","E05011291"
"CB21 5JP",10,555213,255150,"E92000001","E19000001","E18000006","E10000003","E07000012","E05011291"
"CB21 5JQ",10,554884,257584,"E92000001","E19000001","E18000006","E10000003","E07000012","E05011291"
"CB21 5JS",10,555099,257612,"E92000001","E19000001","E18000006","E10000003","E07000012","E05011291"
"CB21 5JT",10,555007,257561,"E92000001","E19000001","E18000006","E10000003","E07000012","E05011291"
"CB21 5JW",10,555463,256266,"E92000001","E19000001","E18000006","E10000003","E07000012","E05011291"
"CB21 5JY",10,554115,258465,"E92000001","E19000001","E18000006","E10000003","E07000012","E05011291"
"CB21 5JZ",10,554290,258589,"E92000001","E19000001","E18000006","E10000003","E07000012","E05011291"
"CB21 5LA",10,553983,258540,"E92000001","E19000001","E18000006","E10000003","E07000012","E05011291"
"CB21 5LB",10,554646,258593,"E92000001","E19000001","E18000006","E10000003","E07000012","E05011291"
"CB21 5LD",10,555342,258427,"E92000001","E19000001","E18000006","E10000003","E07000012","E05011291"
"CB21 5LE",10,554567,258531,"E92000001","E19000001","E18000006","E10000003","E07000012","E05011291"
"CB21 5LF",10,553623,258766,"E92000001","E19000001","E18000006","E10000003","E07000012","E05011291"
"CB21 5LG",10,553864,258436,"E92000001","E19000001","E18000006","E10000003","E07000012","E05011291"
"CB21 5LJ",10,550980,256482,"E92000001","E19000001","E18000006","E10000003","E07000012","E05011291"
"CB21 5LP",10,561634,250406,"E92000001","E19000001","E18000006","E10000003","E07000012","E05011282"
"CB21 5LQ",10,554039,258491,"E92000001","E19000001","E18000006","E10000003","E07000012","E05011291"
"CB21 5LR",10,562007,251492,"E92000001","E19000001","E18000006","E10000003","E07000012","E05011282"
"CB21 5LS",10,560507,251568,"E92000001","E19000001","E18000006","E10000003","E07000012","E05011282"
"CB21 5LT",10,560790,251518,"E92000001","E19000001","E18000006","E10000003","E07000012","E05011282"
"CB21 5LU",10,560603,252065,"E92000001","E19000001","E18000006","E10000003","E07000012","E05011282"
"CB21 5LY",10,560684,251882,"E92000001","E19000001","E18000006","E10000003","E07000012","E05011282"
"CB21 5NA",10,560523,252351,"E92000001","E19000001","E18000006","E10000003","E07000012","E05011282"
"CB21 5NE",10,560043,252501,"E92000001","E19000001","E18000006","E10000003","E07000012","E05011282"
"CB21 5NF",10,559477,253138,"E92000001","E19000001","E18000006","E10000003","E07000012","E05011282"
"CB21 5NH",10,560125,252281,"E92000001","E19000001","E18000006","E10000003","E07000012","E05011282"
"CB21 5NJ",10,560321,252342,"E92000001","E19000001","E18000006","E10000003","E07000012","E05011282"
"CB21 5NL",10,560813,251968,"E92000001","E19000001","E18000006","E10000003","E07000012","E05011282"
"CB21 5NP",10,560374,252434,"E92000001","E19000001","E18000006","E10000003","E07000012","E05011282"
"CB21 5NQ",10,560191,252240,"E92000001","E19000001","E18000006","E10000003","E07000012","E05011282"
"CB21 5NR",10,563441,250947,"E92000001","E19000001","E18000006","E10000003","E07000012","E05011282"
"CB21 5NS",10,562911,251866,"E92000001","E19000001","E18000006","E10000003","E07000012","E05011282"
"CB21 5NT",10,562716,252198,"E92000001","E19000001","E18000006","E10000003","E07000012","E05011282"
"CB21 5NU",10,562780,252325,"E92000001","E19000001","E18000006","E10000003","E07000012","E05011282"
"CB21 5NX",10,562406,252299,"E92000001","E19000001","E18000006","E10000003","E07000012","E05011282"
"CB21 5NY",10,562098,252893,"E92000001","E19000001","E18000006","E10000003","E07000012","E05011282"
"CB21 5NZ",10,562471,252211,"E92000001","E19000001","E18000006","E10000003","E07000012","E05011282"
"CB21 5PA",10,561832,253303,"E92000001","E19000001","E18000006","E10000003","E07000012","E05011282"
"CB21 5PB",10,561748,253181,"E92000001","E19000001","E18000006","E10000003","E07000012","E05011282"
"CB21 5PE",10,561606,253100,"E92000001","E19000001","E18000006","E10000003","E07000012","E05011282"
"CB21 5PF",10,558475,254272,"E92000001","E19000001","E18000006","E10000003","E07000012","E05011282"
"CB21 5PH",10,561737,253135,"E92000001","E19000001","E18000006","E10000003","E07000012","E05011282"
"CB21 5RH",10,551275,255873,"E92000001","E19000001","E18000006","E10000003","E07000012","E05011291"
"CB21 5RJ",10,552111,256148,"E92000001","E19000001","E18000006","E10000003","E07000012","E05011291"
"CB21 5TA",10,554762,257244,"E92000001","E19000001","E18000006","E10000003","E07000012","E05011291"
"CB21 5XA",10,550030,256322,"E92000001","E19000001","E18000006","E10000003","E07000012","E05011291"
"CB21 5XB",10,549976,256332,"E92000001","E19000001","E18000006","E10000003","E07000012","E05011291"
"CB21 5XE",10,550111,256439,"E92000001","E19000001","E18000006","E10000003","E07000012","E05011291"
"CB21 5XG",10,550210,256354,"E92000001","E19000001","E18000006","E10000003","E07000012","E05011291"
"CB21 5XN",10,551015,256473,"E92000001","E19000001","E18000006","E10000003","E07000012","E05011291"
"CB21 5XY",10,546182,257043,"E92000001","E19000001","E18000006","E10000003","E07000008","E05013054"
"CB21 6AA",10,553352,248750,"E92000001","E19000001","E18000006","E10000003","E07000012","E05011298"
"CB21 6AB",10,553406,248870,"E92000001","E19000001","E18000006","E10000003","E07000012","E05011298"
"CB21 6AD",10,552674,248910,"E92000001","E19000001","E18000006","E10000003","E07000012","E05011298"
"CB21 6AE",10,553183,248521,"E92000001","E19000001","E18000006","E10000003","E07000012","E05011298"
"CB21 6AF",10,553314,248599,"E92000001","E19000001","E18000006","E10000003","E07000012","E05011298"
"CB21 6AG",10,553232,248272,"E92000001","E19000001","E18000006","E10000003","E07000012","E05011298"
"CB21 6AH",10,552852,248225,"E92000001","E19000001","E18000006","E10000003","E07000012","E05011298"
"CB21 6AJ",10,552636,248182,"E92000001","E19000001","E18000006","E10000003","E07000012","E05011298"
"CB21 6AL",10,552501,248871,"E92000001","E19000001","E18000006","E10000003","E07000012","E05011298"
"CB21 6AN",10,552002,249405,"E92000001","E19000001","E18000006","E10000003","E07000012","E05011298"
"CB21 6AP",10,552233,249936,"E92000001","E19000001","E18000006","E10000003","E07000012","E05011298"
"CB21 6AQ",10,553212,248142,"E92000001","E19000001","E18000006","E10000003","E07000012","E05011298"
"CB21 6AR",10,552257,249953,"E92000001","E19000001","E18000006","E10000003","E07000012","E05011298"
"CB21 6AS",10,552389,247973,"E92000001","E19000001","E18000006","E10000003","E07000012","E05011298"
"CB21 6AT",10,553024,247348,"E92000001","E19000001","E18000006","E10000003","E07000012","E05011298"
"CB21 6AU",10,552297,247321,"E92000001","E19000001","E18000006","E10000003","E07000012","E05011298"
"CB21 6AW",10,551907,249084,"E92000001","E19000001","E18000006","E10000003","E07000012","E05014169"
"CB21 6AX",10,552454,246207,"E92000001","E19000001","E18000006","E10000003","E07000012","E05011298"
"CB21 6AY",10,553853,247927,"E92000001","E19000001","E18000006","E10000003","E07000012","E05011298"
"CB21 6AZ",10,553355,248679,"E92000001","E19000001","E18000006","E10000003","E07000012","E05011298"
"CB21 6BA",10,553252,248434,"E92000001","E19000001","E18000006","E10000003","E07000012","E05011298"
"CB21 6BB",10,553270,248384,"E92000001","E19000001","E18000006","E10000003","E07000012","E05011298"
"CB21 6BD",10,553326,248440,"E92000001","E19000001","E18000006","E10000003","E07000012","E05011298"
"CB21 6BE",10,552796,249360,"E92000001","E19000001","E18000006","E10000003","E07000012","E05011298"
"CB21 6BG",10,553319,249168,"E92000001","E19000001","E18000006","E10000003","E07000012","E05011298"
"CB21 6BH",10,553216,249179,"E92000001","E19000001","E18000006","E10000003","E07000012","E05011298"
"CB21 6BJ",10,552810,249456,"E92000001","E19000001","E18000006","E10000003","E07000012","E05011298"
"CB21 6BL",10,553086,249520,"E92000001","E19000001","E18000006","E10000003","E07000012","E05011298"
"CB21 6BN",10,553298,249428,"E92000001","E19000001","E18000006","E10000003","E07000012","E05011298"
"CB21 6BP",10,553491,249395,"E92000001","E19000001","E18000006","E10000003","E07000012","E05011298"
"CB21 6BQ",10,553118,249291,"E92000001","E19000001","E18000006","E10000003","E07000012","E05011298"
"CB21 6BS",10,554543,247981,"E92000001","E19000001","E18000006","E10000003","E07000012","E05011298"
"CB21 6BT",10,554337,248240,"E92000001","E19000001","E18000006","E10000003","E07000012","E05011298"
"CB21 6BU",10,554528,248610,"E92000001","E19000001","E18000006","E10000003","E07000012","E05011298"
"CB21 6BW",10,552967,250467,"E92000001","E19000001","E18000006","E10000003","E07000012","E05011298"
"CB21 6BX",10,553079,248202,"E92000001","E19000001","E18000006","E10000003","E07000012","E05011298"
"CB21 6BY",10,554377,248487,"E92000001","E19000001","E18000006","E10000003","E07000012","E05011298"
"CB21 6BZ",10,554592,248767,"E92000001","E19000001","E18000006","E10000003","E07000012","E05011298"
"CB21 6DA",10,554734,249006,"E92000001","E19000001","E18000006","E10000003","E07000012","E05011298"
"CB21 6DB",10,554727,248936,"E92000001","E19000001","E18000006","E10000003","E07000012","E05011298"
"CB21 6DD",10,554412,249200,"E92000001","E19000001","E18000006","E10000003","E07000012","E05011298"
"CB21 6DE",10,554398,248321,"E92000001","E19000001","E18000006","E10000003","E07000012","E05011298"
"CB21 6DF",10,552594,248376,"E92000001","E19000001","E18000006","E10000003","E07000012","E05011298"
"CB21 6DG",10,552126,248958,"E92000001","E19000001","E18000006","E10000003","E07000012","E05011298"
"CB21 6DH",10,552443,248441,"E92000001","E19000001","E18000006","E10000003","E07000012","E05011298"
"CB21 6DJ",10,553573,248519,"E92000001","E19000001","E18000006","E10000003","E07000012","E05011298"
"CB21 6DL",10,553526,248730,"E92000001","E19000001","E18000006","E10000003","E07000012","E05011298"
"CB21 6DN",10,553219,248074,"E92000001","E19000001","E18000006","E10000003","E07000012","E05011298"
"CB21 6DP",10,551986,248951,"E92000001","E19000001","E18000006","E10000003","E07000012","E05011298"
"CB21 6DQ",10,554721,248665,"E92000001","E19000001","E18000006","E10000003","E07000012","E05011298"
"CB21 6GB",10,552136,249040,"E92000001","E19000001","E18000006","E10000003","E07000012","E05011298"
"CB21 6GH",10,552353,248702,"E92000001","E19000001","E18000006","E10000003","E07000012","E05011298"
"CB21 6GP",10,552300,248764,"E92000001","E19000001","E18000006","E10000003","E07000012","E05011298"
"CB21 6GQ",10,552293,248767,"E92000001","E19000001","E18000006","E10000003","E07000012","E05011298"
"CB21 6GS",10,552105,248797,"E92000001","E19000001","E18000006","E10000003","E07000012","E05011298"
"CB21 6GT",10,552259,249005,"E92000001","E19000001","E18000006","E10000003","E07000012","E05011298"
"CB21 6XR",10,553333,249372,"E92000001","E19000001","E18000006","E10000003","E07000012","E05011298"
"CB22 3AA",10,547690,254249,"E92000001","E19000001","E18000006","E10000003","E07000012","E05011304"
"CB22 3AB",10,547942,254123,"E92000001","E19000001","E18000006","E10000003","E07000012","E05011304"
"CB22 3AD",10,547964,254054,"E92000001","E19000001","E18000006","E10000003","E07000012","E05011304"
"CB22 3AE",10,549340,253311,"E92000001","E19000001","E18000006","E10000003","E07000012","E05011304"
"CB22 3AF",10,550409,251872,"E92000001","E19000001","E18000006","E10000003","E07000012","E05014169"
"CB22 3AG",10,551264,250284,"E92000001","E19000001","E18000006","E10000003","E07000012","E05014169"
"CB22 3AH",10,551484,250485,"E92000001","E19000001","E18000006","E10000003","E07000012","E05014169"
"CB22 3AJ",10,551379,250398,"E92000001","E19000001","E18000006","E10000003","E07000012","E05014169"
"CB22 3AL",10,551401,250363,"E92000001","E19000001","E18000006","E10000003","E07000012","E05014169"
"CB22 3AN",10,551296,250422,"E92000001","E19000001","E18000006","E10000003","E07000012","E05014169"
"CB22 3AP",10,550419,250083,"E92000001","E19000001","E18000006","E10000003","E07000012","E05014169"
"CB22 3AQ",10,551394,250611,"E92000001","E19000001","E18000006","E10000003","E07000012","E05014169"
"CB22 3AR",10,551426,250433,"E92000001","E19000001","E18000006","E10000003","E07000012","E05014169"
"CB22 3AS",10,550685,249269,"E92000001","E19000001","E18000006","E10000003","E07000012","E05014169"
"CB22 3AT",10,551049,250558,"E92000001","E19000001","E18000006","E10000003","E07000012","E05014169"
"CB22 3AW",10,550481,250439,"E92000001","E19000001","E18000006","E10000003","E07000012","E05014169"
"CB22 3AX",10,552742,251985,"E92000001","E19000001","E18000006","E10000003","E07000012","E05011291"
"CB22 3AY",10,547648,254348,"E92000001","E19000001","E18000006","E10000003","E07000008","E05013060"
"CB22 3AZ",10,551593,250657,"E92000001","E19000001","E18000006","E10000003","E07000012","E05014169"
"CB22 3BB",10,547920,249538,"E92000001","E19000001","E18000006","E10000003","E07000012","E05014170"
"CB22 3BD",10,548463,249573,"E92000001","E19000001","E18000006","E10000003","E07000012","E05014170"
"CB22 3BE",10,548722,249329,"E92000001","E19000001","E18000006","E10000003","E07000012","E05014170"
"CB22 3BF",10,547812,254359,"E92000001","E19000001","E18000006","E10000003","E07000012","E05011304"
"CB22 3BG",10,548617,249417,"E92000001","E19000001","E18000006","E10000003","E07000012","E05014170"
"CB22 3BH",10,548551,249464,"E92000001","E19000001","E18000006","E10000003","E07000012","E05014170"
"CB22 3BJ",10,548633,249639,"E92000001","E19000001","E18000006","E10000003","E07000012","E05014170"
"CB22 3BL",10,548511,249689,"E92000001","E19000001","E18000006","E10000003","E07000012","E05014170"
"CB22 3BN",10,548128,249664,"E92000001","E19000001","E18000006","E10000003","E07000012","E05014170"
"CB22 3BP",10,548215,249780,"E92000001","E19000001","E18000006","E10000003","E07000012","E05014170"
"CB22 3BQ",10,548727,249568,"E92000001","E19000001","E18000006","E10000003","E07000012","E05014170"
"CB22 3BS",10,548022,249544,"E92000001","E19000001","E18000006","E10000003","E07000012","E05014170"
"CB22 3BT",10,548282,249603,"E92000001","E19000001","E18000006","E10000003","E07000012","E05014170"
"CB22 3BU",10,548364,249546,"E92000001","E19000001","E18000006","E10000003","E07000012","E05014170"
"CB22 3BW",10,548013,249657,"E92000001","E19000001","E18000006","E10000003","E07000012","E05014170"
"CB22 3BX",10,548195,249516,"E92000001","E19000001","E18000006","E10000003","E07000012","E05014170"
"CB22 3BY",10,547775,249615,"E92000001","E19000001","E18000006","E10000003","E07000012","E05014170"
"CB22 3BZ",10,548456,249520,"E92000001","E19000001","E18000006","E10000003","E07000012","E05014170"
"CB22 3DA",10,548998,250266,"E92000001","E19000001","E18000006","E10000003","E07000012","E05014170"
"CB22 3DB",10,548562,249885,"E92000001","E19000001","E18000006","E10000003","E07000012","E05014170"
"CB22 3DD",10,549072,249929,"E92000001","E19000001","E18000006","E10000003","E07000012","E05014170"
"CB22 3DE",10,549196,250013,"E92000001","E19000001","E18000006","E10000003","E07000012","E05014170"
"CB22 3DF",10,549049,250074,"E92000001","E19000001","E18000006","E10000003","E07000012","E05014170"
"CB22 3DG",10,548445,250005,"E92000001","E19000001","E18000006","E10000003","E07000012","E05014170"
"CB22 3DH",10,548636,249730,"E92000001","E19000001","E18000006","E10000003","E07000012","E05014170"
"CB22 3DJ",10,548769,249949,"E92000001","E19000001","E18000006","E10000003","E07000012","E05014170"
"CB22 3DL",10,548667,250094,"E92000001","E19000001","E18000006","E10000003","E07000012","E05014170"
"CB22 3DN",10,548670,249925,"E92000001","E19000001","E18000006","E10000003","E07000012","E05014170"
"CB22 3DP",10,548922,250053,"E92000001","E19000001","E18000006","E10000003","E07000012","E05014170"
"CB22 3DQ",10,548753,249851,"E92000001","E19000001","E18000006","E10000003","E07000012","E05014170"
"CB22 3DR",10,548849,250042,"E92000001","E19000001","E18000006","E10000003","E07000012","E05014170"
"CB22 3DS",10,549057,250134,"E92000001","E19000001","E18000006","E10000003","E07000012","E05014170"
"CB22 3DT",10,548644,250130,"E92000001","E19000001","E18000006","E10000003","E07000012","E05014170"
"CB22 3DU",10,548750,250211,"E92000001","E19000001","E18000006","E10000003","E07000012","E05014170"
"CB22 3DW",10,548827,250091,"E92000001","E19000001","E18000006","E10000003","E07000012","E05014170"
"CB22 3DX",10,548540,250022,"E92000001","E19000001","E18000006","E10000003","E07000012","E05014170"
"CB22 3DY",10,548974,249985,"E92000001","E19000001","E18000006","E10000003","E07000012","E05014170"
"CB22 3DZ",10,549065,250006,"E92000001","E19000001","E18000006","E10000003","E07000012","E05014170"
"CB22 3EA",10,549352,249849,"E92000001","E19000001","E18000006","E10000003","E07000012","E05014170"
"CB22 3EB",10,548928,250256,"E92000001","E19000001","E18000006","E10000003","E07000012","E05014170"
"CB22 3ED",10,548705,248288,"E92000001","E19000001","E18000006","E10000003","E07000012","E05014170"
"CB22 3EE",10,548827,248201,"E92000001","E19000001","E18000006","E10000003","E07000012","E05014169"
"CB22 3EF",10,548851,248230,"E92000001","E19000001","E18000006","E10000003","E07000012","E05014169"
"CB22 3EG",10,548913,247890,"E92000001","E19000001","E18000006","E10000003","E07000012","E05014169"
"CB22 3EH",10,548606,248340,"E92000001","E19000001","E18000006","E10000003","E07000012","E05014170"
"CB22 3EJ",10,548729,248334,"E92000001","E19000001","E18000006","E10000003","E07000012","E05014170"
"CB22 3EL",10,548763,248251,"E92000001","E19000001","E18000006","E10000003","E07000012","E05014170"
"CB22 3EN",10,549604,248168,"E92000001","E19000001","E18000006","E10000003","E07000012","E05014169"
"CB22 3EP",10,549656,248206,"E92000001","E19000001","E18000006","E10000003","E07000012","E05014169"
"CB22 3EQ",10,548836,247798,"E92000001","E19000001","E18000006","E10000003","E07000012","E05014169"
"CB22 3ER",10,549760,248056,"E92000001","E19000001","E18000006","E10000003","E07000012","E05014169"
"CB22 3ES",10,549741,248142,"E92000001","E19000001","E18000006","E10000003","E07000012","E05014169"
"CB22 3ET",10,549767,248373,"E92000001","E19000001","E18000006","E10000003","E07000012","E05014169"
"CB22 3EU",10,549880,248420,"E92000001","E19000001","E18000006","E10000003","E07000012","E05014169"
"CB22 3EW",10,549189,248249,"E92000001","E19000001","E18000006","E10000003","E07000012","E05014169"
"CB22 3EX",10,550076,248224,"E92000001","E19000001","E18000006","E10000003","E07000012","E05014169"
"CB22 3EY",10,550574,248611,"E92000001","E19000001","E18000006","E10000003","E07000012","E05014169"
"CB22 3EZ",10,551363,248804,"E92000001","E19000001","E18000006","E10000003","E07000012","E05014169"
"CB22 3FA",10,548562,249241,"E92000001","E19000001","E18000006","E10000003","E07000012","E05014170"
"CB22 3FB",10,547905,254372,"E92000001","E19000001","E18000006","E10000003","E07000012","E05011304"
"CB22 3FD",10,548607,249534,"E92000001","E19000001","E18000006","E10000003","E07000012","E05014170"
"CB22 3FE",10,549451,249823,"E92000001","E19000001","E18000006","E10000003","E07000012","E05014170"
"CB22 3FF",10,551639,248739,"E92000001","E19000001","E18000006","E10000003","E07000012","E05014169"
"CB22 3FG",10,548988,250437,"E92000001","E19000001","E18000006","E10000003","E07000012","E05014170"
"CB22 3FH",10,550911,251068,"E92000001","E19000001","E18000006","E10000003","E07000012","E05014169"
"CB22 3FJ",10,548735,248098,"E92000001","E19000001","E18000006","E10000003","E07000012","E05014169"
"CB22 3FL",10,548327,250202,"E92000001","E19000001","E18000006","E10000003","E07000012","E05014170"
"CB22 3FN",10,549668,250097,"E92000001","E19000001","E18000006","E10000003","E07000012","E05014170"
"CB22 3FP",10,549490,250010,"E92000001","E19000001","E18000006","E10000003","E07000012","E05014170"
"CB22 3FR",10,549575,250098,"E92000001","E19000001","E18000006","E10000003","E07000012","E05014170"
"CB22 3FT",10,548838,248057,"E92000001","E19000001","E18000006","E10000003","E07000012","E05014169"
"CB22 3FW",10,548816,247954,"E92000001","E19000001","E18000006","E10000003","E07000012","E05014169"
"CB22 3FX",10,548835,248119,"E92000001","E19000001","E18000006","E10000003","E07000012","E05014169"
"CB22 3FY",10,549508,250097,"E92000001","E19000001","E18000006","E10000003","E07000012","E05014170"
"CB22 3FZ",10,549481,250112,"E92000001","E19000001","E18000006","E10000003","E07000012","E05014170"
"CB22 3GA",10,547987,249695,"E92000001","E19000001","E18000006","E10000003","E07000012","E05014170"
"CB22 3GB",10,548745,249446,"E92000001","E19000001","E18000006","E10000003","E07000012","E05014170"
"CB22 3GD",10,549543,249975,"E92000001","E19000001","E18000006","E10000003","E07000012","E05014170"
"CB22 3GF",10,549575,249903,"E92000001","E19000001","E18000006","E10000003","E07000012","E05014170"
"CB22 3GG",10,549551,249927,"E92000001","E19000001","E18000006","E10000003","E07000012","E05014170"
"CB22 3GH",10,549589,249815,"E92000001","E19000001","E18000006","E10000003","E07000012","E05014170"
"CB22 3GL",10,549540,249800,"E92000001","E19000001","E18000006","E10000003","E07000012","E05014170"
"CB22 3GN",10,550224,252295,"E92000001","E19000001","E18000006","E10000003","E07000012","E05014169"
"CB22 3GP",10,549790,252784,"E92000001","E19000001","E18000006","E10000003","E07000012","E05011304"
"CB22 3GT",10,548601,249180,"E92000001","E19000001","E18000006","E10000003","E07000012","E05014170"
"CB22 3GU",10,549565,249724,"E92000001","E19000001","E18000006","E10000003","E07000012","E05014170"
"CB22 3HB",10,551693,248781,"E92000001","E19000001","E18000006","E10000003","E07000012","E05014169"
"CB22 3HD",10,549183,247317,"E92000001","E19000001","E18000006","E10000003","E07000012","E05014169"
"CB22 3HE",10,548612,248746,"E92000001","E19000001","E18000006","E10000003","E07000012","E05014170"
"CB22 3HF",10,549749,247989,"E92000001","E19000001","E18000006","E10000003","E07000012","E05014169"
"CB22 3HG",10,549384,248373,"E92000001","E19000001","E18000006","E10000003","E07000012","E05014169"
"CB22 3HJ",10,548587,249048,"E92000001","E19000001","E18000006","E10000003","E07000012","E05014170"
"CB22 3HL",10,548639,249035,"E92000001","E19000001","E18000006","E10000003","E07000012","E05014170"
"CB22 3HP",10,548674,249117,"E92000001","E19000001","E18000006","E10000003","E07000012","E05014170"
"CB22 3HR",10,548471,248750,"E92000001","E19000001","E18000006","E10000003","E07000012","E05014170"
"CB22 3HS",10,548466,248579,"E92000001","E19000001","E18000006","E10000003","E07000012","E05014170"
"CB22 3HT",10,548485,248479,"E92000001","E19000001","E18000006","E10000003","E07000012","E05014170"
"CB22 3HU",10,548625,248534,"E92000001","E19000001","E18000006","E10000003","E07000012","E05014170"
"CB22 3HW",10,548357,249172,"E92000001","E19000001","E18000006","E10000003","E07000012","E05014170"
"CB22 3HX",10,548551,248409,"E92000001","E19000001","E18000006","E10000003","E07000012","E05014170"
"CB22 3HY",10,548219,249341,"E92000001","E19000001","E18000006","E10000003","E07000012","E05014170"
"CB22 3HZ",10,548158,249410,"E92000001","E19000001","E18000006","E10000003","E07000012","E05014170"
"CB22 3JA",10,548083,249364,"E92000001","E19000001","E18000006","E10000003","E07000012","E05014170"
"CB22 3JB",10,548281,249271,"E92000001","E19000001","E18000006","E10000003","E07000012","E05014170"
"CB22 3JD",10,548430,249410,"E92000001","E19000001","E18000006","E10000003","E07000012","E05014170"
"CB22 3JE",10,548357,249384,"E92000001","E19000001","E18000006","E10000003","E07000012","E05014170"
"CB22 3JF",10,546960,249402,"E92000001","E19000001","E18000006","E10000003","E07000012","E05014170"
"CB22 3JG",10,547096,249753,"E92000001","E19000001","E18000006","E10000003","E07000012","E05014170"
"CB22 3JH",10,549380,250061,"E92000001","E19000001","E18000006","E10000003","E07000012","E05014170"
"CB22 3JJ",10,548100,249470,"E92000001","E19000001","E18000006","E10000003","E07000012","E05014170"
"CB22 3JL",10,549335,249589,"E92000001","E19000001","E18000006","E10000003","E07000012","E05014170"
"CB22 3JN",10,549331,249496,"E92000001","E19000001","E18000006","E10000003","E07000012","E05014170"
"CB22 3JP",10,549160,249679,"E92000001","E19000001","E18000006","E10000003","E07000012","E05014170"
"CB22 3JQ",10,548516,248914,"E92000001","E19000001","E18000006","E10000003","E07000012","E05014170"
"CB22 3JR",10,549003,249362,"E92000001","E19000001","E18000006","E10000003","E07000012","E05014170"
"CB22 3JS",10,548791,249358,"E92000001","E19000001","E18000006","E10000003","E07000012","E05014170"
"CB22 3JT",10,548994,249415,"E92000001","E19000001","E18000006","E10000003","E07000012","E05014170"
"CB22 3JU",10,549024,249689,"E92000001","E19000001","E18000006","E10000003","E07000012","E05014170"
"CB22 3JW",10,549282,249634,"E92000001","E19000001","E18000006","E10000003","E07000012","E05014170"
"CB22 3JX",10,549086,249647,"E92000001","E19000001","E18000006","E10000003","E07000012","E05014170"
"CB22 3JY",10,549130,249589,"E92000001","E19000001","E18000006","E10000003","E07000012","E05014170"
"CB22 3JZ",10,548947,249481,"E92000001","E19000001","E18000006","E10000003","E07000012","E05014170"
"CB22 3LA",10,548812,249617,"E92000001","E19000001","E18000006","E10000003","E07000012","E05014170"
"CB22 3LB",10,548761,249577,"E92000001","E19000001","E18000006","E10000003","E07000012","E05014170"
"CB22 3LD",10,548935,249704,"E92000001","E19000001","E18000006","E10000003","E07000012","E05014170"
"CB22 3LE",10,548920,249711,"E92000001","E19000001","E18000006","E10000003","E07000012","E05014170"
"CB22 3LF",10,549085,249868,"E92000001","E19000001","E18000006","E10000003","E07000012","E05014170"
"CB22 3LG",10,549091,249793,"E92000001","E19000001","E18000006","E10000003","E07000012","E05014170"
"CB22 3LH",10,549166,249917,"E92000001","E19000001","E18000006","E10000003","E07000012","E05014170"
"CB22 3LJ",10,549289,250027,"E92000001","E19000001","E18000006","E10000003","E07000012","E05014170"
"CB22 3LL",10,548331,249218,"E92000001","E19000001","E18000006","E10000003","E07000012","E05014170"
"CB22 3LN",10,549132,249490,"E92000001","E19000001","E18000006","E10000003","E07000012","E05014170"
"CB22 3LP",10,549211,249535,"E92000001","E19000001","E18000006","E10000003","E07000012","E05014170"
"CB22 3LQ",10,549169,249771,"E92000001","E19000001","E18000006","E10000003","E07000012","E05014170"
"CB22 3LR",10,549220,249698,"E92000001","E19000001","E18000006","E10000003","E07000012","E05014170"
"CB22 3LT",10,548140,249281,"E92000001","E19000001","E18000006","E10000003","E07000012","E05014170"
"CB22 3LW",10,549167,249577,"E92000001","E19000001","E18000006","E10000003","E07000012","E05014170"
"CB22 3NP",10,548530,249419,"E92000001","E19000001","E18000006","E10000003","E07000012","E05014170"
"CB22 3SN",10,549177,249712,"E92000001","E19000001","E18000006","E10000003","E07000012","E05014170"
"CB22 3SP",10,549054,249235,"E92000001","E19000001","E18000006","E10000003","E07000012","E05014170"
"CB22 3SR",10,549115,249264,"E92000001","E19000001","E18000006","E10000003","E07000012","E05014170"
"CB22 3SS",10,548634,249099,"E92000001","E19000001","E18000006","E10000003","E07000012","E05014170"
"CB22 3ST",10,548623,249065,"E92000001","E19000001","E18000006","E10000003","E07000012","E05014170"
"CB22 3SW",10,549181,249302,"E92000001","E19000001","E18000006","E10000003","E07000012","E05014170"
"CB22 3SX",10,548620,248670,"E92000001","E19000001","E18000006","E10000003","E07000012","E05014170"
"CB22 3SY",10,548719,249642,"E92000001","E19000001","E18000006","E10000003","E07000012","E05014170"
"CB22 3SZ",10,548661,248977,"E92000001","E19000001","E18000006","E10000003","E07000012","E05014170"
"CB22 3TA",10,548896,248549,"E92000001","E19000001","E18000006","E10000003","E07000012","E05014170"
"CB22 3TB",10,548857,248484,"E92000001","E19000001","E18000006","E10000003","E07000012","E05014170"
"CB22 3TD",10,548862,248601,"E92000001","E19000001","E18000006","E10000003","E07000012","E05014170"
"CB22 3TE",10,548976,248649,"E92000001","E19000001","E18000006","E10000003","E07000012","E05014170"
"CB22 3TF",10,547874,249444,"E92000001","E19000001","E18000006","E10000003","E07000012","E05014170"
"CB22 3TG",10,548663,249360,"E92000001","E19000001","E18000006","E10000003","E07000012","E05014170"
"CB22 3TH",10,548699,249763,"E92000001","E19000001","E18000006","E10000003","E07000012","E05014170"
"CB22 3TJ",10,549306,250200,"E92000001","E19000001","E18000006","E10000003","E07000012","E05014170"
"CB22 3TU",10,547914,249639,"E92000001","E19000001","E18000006","E10000003","E07000012","E05014170"
"CB22 3UN",10,548816,248740,"E92000001","E19000001","E18000006","E10000003","E07000012","E05014170"
"CB22 3UP",10,548829,248843,"E92000001","E19000001","E18000006","E10000003","E07000012","E05014170"
"CB22 3UR",10,548967,248791,"E92000001","E19000001","E18000006","E10000003","E07000012","E05014170"
"CB22 3UT",10,548841,248680,"E92000001","E19000001","E18000006","E10000003","E07000012","E05014170"
"CB22 3UW",10,548901,248745,"E92000001","E19000001","E18000006","E10000003","E07000012","E05014170"
"CB22 3UY",10,551567,250433,"E92000001","E19000001","E18000006","E10000003","E07000012","E05014169"
"CB22 3WE",10,549126,250639,"E92000001","E19000001","E18000006","E10000003","E07000012","E05014170"
"CB22 3WG",10,546182,257043,"E92000001","E19000001","E18000006","E10000003","E07000008","E05013054"
"CB22 3XA",10,548645,248785,"E92000001","E19000001","E18000006","E10000003","E07000012","E05014170"
"CB22 3XE",10,548774,248395,"E92000001","E19000001","E18000006","E10000003","E07000012","E05014170"
"CB22 3XG",10,548133,249215,"E92000001","E19000001","E18000006","E10000003","E07000012","E05014170"
"CB22 3YT",10,546182,257043,"E92000001","E19000001","E18000006","E10000003","E07000008","E05013054"
"CB22 3YY",10,546182,257043,"E92000001","E19000001","E18000006","E10000003","E07000008","E05013054"
"CB22 4AB",10,547538,245810,"E92000001","E19000001","E18000006","E10000003","E07000012","E05014169"
"CB22 4AD",10,545464,246003,"E92000001","E19000001","E18000006","E10000003","E07000012","E05011307"
"CB22 4AE",10,545502,246007,"E92000001","E19000001","E18000006","E10000003","E07000012","E05011307"
"CB22 4AG",10,548176,247149,"E92000001","E19000001","E18000006","E10000003","E07000012","E05011307"
"CB22 4AH",10,548236,247178,"E92000001","E19000001","E18000006","E10000003","E07000012","E05011307"
"CB22 4AJ",10,546899,248028,"E92000001","E19000001","E18000006","E10000003","E07000012","E05011307"
"CB22 4AL",10,545553,245989,"E92000001","E19000001","E18000006","E10000003","E07000012","E05011307"
"CB22 4AN",10,546615,247104,"E92000001","E19000001","E18000006","E10000003","E07000012","E05011307"
"CB22 4AP",10,547775,246446,"E92000001","E19000001","E18000006","E10000003","E07000012","E05014169"
"CB22 4AQ",10,547754,246506,"E92000001","E19000001","E18000006","E10000003","E07000012","E05014169"
"CB22 4AR",10,545602,246026,"E92000001","E19000001","E18000006","E10000003","E07000012","E05011307"
"CB22 4AS",10,547928,247099,"E92000001","E19000001","E18000006","E10000003","E07000012","E05011307"
"CB22 4AT",10,547723,247747,"E92000001","E19000001","E18000006","E10000003","E07000012","E05011307"
"CB22 4FA",10,547943,246244,"E92000001","E19000001","E18000006","E10000003","E07000012","E05014169"
"CB22 4FZ",10,546584,246859,"E92000001","E19000001","E18000006","E10000003","E07000012","E05011307"
"CB22 4GY",10,545454,245948,"E92000001","E19000001","E18000006","E10000003","E07000012","E05011307"
"CB22 4LT",10,547222,248185,"E92000001","E19000001","E18000006","E10000003","E07000012","E05011307"
"CB22 4LU",10,547131,247948,"E92000001","E19000001","E18000006","E10000003","E07000012","E05011307"
"CB22 4LX",10,546863,247936,"E92000001","E19000001","E18000006","E10000003","E07000012","E05011307"
"CB22 4LY",10,546698,247809,"E92000001","E19000001","E18000006","E10000003","E07000012","E05011307"
"CB22 4LZ",10,547055,247966,"E92000001","E19000001","E18000006","E10000003","E07000012","E05011307"
"CB22 4NA",10,546927,248089,"E92000001","E19000001","E18000006","E10000003","E07000012","E05011307"
"CB22 4NB",10,546595,247767,"E92000001","E19000001","E18000006","E10000003","E07000012","E05011307"
"CB22 4ND",10,547452,248189,"E92000001","E19000001","E18000006","E10000003","E07000012","E05011307"
"CB22 4NE",10,547696,248280,"E92000001","E19000001","E18000006","E10000003","E07000012","E05011307"
"CB22 4NG",10,547479,248387,"E92000001","E19000001","E18000006","E10000003","E07000012","E05011307"
"CB22 4NH",10,547801,247713,"E92000001","E19000001","E18000006","E10000003","E07000012","E05011307"
"CB22 4NJ",10,548024,247359,"E92000001","E19000001","E18000006","E10000003","E07000012","E05011307"
"CB22 4NL",10,548286,247291,"E92000001","E19000001","E18000006","E10000003","E07000012","E05011307"
"CB22 4NQ",10,547630,248044,"E92000001","E19000001","E18000006","E10000003","E07000012","E05011307"
"CB22 4NR",10,547115,248180,"E92000001","E19000001","E18000006","E10000003","E07000012","E05011307"
"CB22 4NS",10,547549,248444,"E92000001","E19000001","E18000006","E10000003","E07000012","E05011307"
"CB22 4NT",10,547024,247919,"E92000001","E19000001","E18000006","E10000003","E07000012","E05011307"
"CB22 4NU",10,546982,248120,"E92000001","E19000001","E18000006","E10000003","E07000012","E05011307"
"CB22 4NW",10,547819,247174,"E92000001","E19000001","E18000006","E10000003","E07000012","E05011307"
"CB22 4NX",10,547349,248359,"E92000001","E19000001","E18000006","E10000003","E07000012","E05011307"
"CB22 4NY",10,547276,248467,"E92000001","E19000001","E18000006","E10000003","E07000012","E05011307"
"CB22 4NZ",10,546976,248485,"E92000001","E19000001","E18000006","E10000003","E07000012","E05011307"
"CB22 4PA",10,545383,246022,"E92000001","E19000001","E18000006","E10000003","E07000012","E05011307"
"CB22 4PB",10,546403,248535,"E92000001","E19000001","E18000006","E10000003","E07000012","E05011307"
"CB22 4PD",10,546393,248328,"E92000001","E19000001","E18000006","E10000003","E07000012","E05011307"
"CB22 4PE",10,546381,248534,"E92000001","E19000001","E18000006","E10000003","E07000012","E05011307"
"CB22 4PF",10,546246,248526,"E92000001","E19000001","E18000006","E10000003","E07000012","E05011307"
"CB22 4PG",10,546456,248636,"E92000001","E19000001","E18000006","E10000003","E07000012","E05011307"
"CB22 4PH",10,546967,247888,"E92000001","E19000001","E18000006","E10000003","E07000012","E05011307"
"CB22 4PJ",10,547813,246515,"E92000001","E19000001","E18000006","E10000003","E07000012","E05014169"
"CB22 4PL",10,548330,247181,"E92000001","E19000001","E18000006","E10000003","E07000012","E05011307"
"CB22 4PN",10,547037,248199,"E92000001","E19000001","E18000006","E10000003","E07000012","E05011307"
"CB22 4PP",10,547927,246480,"E92000001","E19000001","E18000006","E10000003","E07000012","E05014169"
"CB22 4PQ",10,547584,248400,"E92000001","E19000001","E18000006","E10000003","E07000012","E05011307"
"CB22 4PS",10,547994,246449,"E92000001","E19000001","E18000006","E10000003","E07000012","E05014169"
"CB22 4PT",10,548087,246214,"E92000001","E19000001","E18000006","E10000003","E07000012","E05014169"
"CB22 4PX",10,548032,246131,"E92000001","E19000001","E18000006","E10000003","E07000012","E05014169"
"CB22 4PY",10,547840,246544,"E92000001","E19000001","E18000006","E10000003","E07000012","E05014169"
"CB22 4QB",10,548439,245621,"E92000001","E19000001","E18000006","E10000003","E07000012","E05014169"
"CB22 4QE",10,547608,245666,"E92000001","E19000001","E18000006","E10000003","E07000012","E05014169"
"CB22 4QF",10,546110,244749,"E92000001","E19000001","E18000006","E10000003","E07000012","E05014169"
"CB22 4QG",10,544769,245030,"E92000001","E19000001","E18000006","E10000003","E07000012","E05014169"
"CB22 4QH",10,545912,246311,"E92000001","E19000001","E18000006","E10000003","E07000012","E05011307"
"CB22 4QJ",10,545669,246090,"E92000001","E19000001","E18000006","E10000003","E07000012","E05011307"
"CB22 4QL",10,545615,246194,"E92000001","E19000001","E18000006","E10000003","E07000012","E05011307"
"CB22 4QN",10,545468,246148,"E92000001","E19000001","E18000006","E10000003","E07000012","E05011307"
"CB22 4QP",10,546075,246434,"E92000001","E19000001","E18000006","E10000003","E07000012","E05011307"
"CB22 4QQ",10,545553,245989,"E92000001","E19000001","E18000006","E10000003","E07000012","E05011307"
"CB22 4QR",10,546215,246323,"E92000001","E19000001","E18000006","E10000003","E07000012","E05014169"
"CB22 4QS",10,546602,247227,"E92000001","E19000001","E18000006","E10000003","E07000012","E05011307"
"CB22 4QT",10,546604,246845,"E92000001","E19000001","E18000006","E10000003","E07000012","E05011307"
"CB22 4QU",10,547555,245784,"E92000001","E19000001","E18000006","E10000003","E07000012","E05014169"
"CB22 4QW",10,545954,246533,"E92000001","E19000001","E18000006","E10000003","E07000012","E05011307"
"CB22 4QX",10,547926,246956,"E92000001","E19000001","E18000006","E10000003","E07000012","E05014169"
"CB22 4RA",10,547754,246208,"E92000001","E19000001","E18000006","E10000003","E07000012","E05014169"
"CB22 4RB",10,547918,246363,"E92000001","E19000001","E18000006","E10000003","E07000012","E05014169"
"CB22 4RD",10,547606,246195,"E92000001","E19000001","E18000006","E10000003","E07000012","E05014169"
"CB22 4RE",10,547623,245813,"E92000001","E19000001","E18000006","E10000003","E07000012","E05014169"
"CB22 4RF",10,547386,246195,"E92000001","E19000001","E18000006","E10000003","E07000012","E05014169"
"CB22 4RG",10,547901,246159,"E92000001","E19000001","E18000006","E10000003","E07000012","E05014169"
"CB22 4RH",10,547855,246151,"E92000001","E19000001","E18000006","E10000003","E07000012","E05014169"
"CB22 4RJ",10,547994,246056,"E92000001","E19000001","E18000006","E10000003","E07000012","E05014169"
"CB22 4RL",10,545557,246091,"E92000001","E19000001","E18000006","E10000003","E07000012","E05011307"
"CB22 4RN",10,547904,246042,"E92000001","E19000001","E18000006","E10000003","E07000012","E05014169"
"CB22 4RP",10,547919,245863,"E92000001","E19000001","E18000006","E10000003","E07000012","E05014169"
"CB22 4RQ",10,545623,246046,"E92000001","E19000001","E18000006","E10000003","E07000012","E05011307"
"CB22 4RR",10,547923,245797,"E92000001","E19000001","E18000006","E10000003","E07000012","E05014169"
"CB22 4RS",10,547831,245706,"E92000001","E19000001","E18000006","E10000003","E07000012","E05014169"
"CB22 4RT",10,547840,245576,"E92000001","E19000001","E18000006","E10000003","E07000012","E05014169"
"CB22 4RW",10,547894,245994,"E92000001","E19000001","E18000006","E10000003","E07000012","E05014169"
"CB22 4RX",10,547779,245500,"E92000001","E19000001","E18000006","E10000003","E07000012","E05014169"
"CB22 4RY",10,548045,245678,"E92000001","E19000001","E18000006","E10000003","E07000012","E05014169"
"CB22 4RZ",10,548070,245653,"E92000001","E19000001","E18000006","E10000003","E07000012","E05014169"
"CB22 4SA",10,547975,245719,"E92000001","E19000001","E18000006","E10000003","E07000012","E05014169"
"CB22 4SB",10,548012,245734,"E92000001","E19000001","E18000006","E10000003","E07000012","E05014169"
"CB22 4SD",10,548205,245818,"E92000001","E19000001","E18000006","E10000003","E07000012","E05014169"
"CB22 4SE",10,547718,246293,"E92000001","E19000001","E18000006","E10000003","E07000012","E05014169"
"CB22 4SF",10,547834,245933,"E92000001","E19000001","E18000006","E10000003","E07000012","E05014169"
"CB22 4SG",10,547661,246283,"E92000001","E19000001","E18000006","E10000003","E07000012","E05014169"
"CB22 4SJ",10,548094,245802,"E92000001","E19000001","E18000006","E10000003","E07000012","E05014169"
"CB22 4SQ",10,548167,245888,"E92000001","E19000001","E18000006","E10000003","E07000012","E05014169"
"CB22 4UD",10,547187,248432,"E92000001","E19000001","E18000006","E10000003","E07000012","E05011307"
"CB22 4UG",10,547214,247993,"E92000001","E19000001","E18000006","E10000003","E07000012","E05011307"
"CB22 4US",10,547764,246415,"E92000001","E19000001","E18000006","E10000003","E07000012","E05014169"
"CB22 4WF",10,545499,244238,"E92000001","E19000001","E18000006","E10000003","E07000012","E05014169"
"CB22 4WL",10,548464,247381,"E92000001","E19000001","E18000006","E10000003","E07000012","E05011307"
"CB22 4XF",10,547282,248310,"E92000001","E19000001","E18000006","E10000003","E07000012","E05011307"
"CB22 4XQ",10,548092,245488,"E92000001","E19000001","E18000006","E10000003","E07000012","E05014169"
"CB22 4XS",10,545284,248927,"E92000001","E19000001","E18000006","E10000003","E07000012","E05011307"
"CB22 4XT",10,545594,246263,"E92000001","E19000001","E18000006","E10000003","E07000012","E05011307"
"CB22 4XU",10,548274,245831,"E92000001","E19000001","E18000006","E10000003","E07000012","E05014169"
"CB22 4XY",10,546278,249179,"E92000001","E19000001","E18000006","E10000003","E07000012","E05011307"
"CB22 4YS",10,547197,248258,"E92000001","E19000001","E18000006","E10000003","E07000012","E05011307"
"CB22 4YT",10,546675,247767,"E92000001","E19000001","E18000006","E10000003","E07000012","E05011307"
"CB22 4ZJ",10,547281,248269,"E92000001","E19000001","E18000006","E10000003","E07000012","E05011307"
"CB22 5AA",10,546563,252661,"E92000001","E19000001","E18000006","E10000003","E07000012","E05011304"
"CB22 5AB",10,546861,252770,"E92000001","E19000001","E18000006","E10000003","E07000012","E05011304"
"CB22 5AD",10,547089,252824,"E92000001","E19000001","E18000006","E10000003","E07000012","E05011304"
"CB22 5AE",10,546594,252833,"E92000001","E19000001","E18000006","E10000003","E07000012","E05011304"
"CB22 5AF",10,546745,252768,"E92000001","E19000001","E18000006","E10000003","E07000012","E05011304"
"CB22 5AG",10,546659,252849,"E92000001","E19000001","E18000006","E10000003","E07000012","E05011304"
"CB22 5AH",10,546899,252726,"E92000001","E19000001","E18000006","E10000003","E07000012","E05011304"
"CB22 5AJ",10,547051,252879,"E92000001","E19000001","E18000006","E10000003","E07000012","E05011304"
"CB22 5AL",10,547052,252800,"E92000001","E19000001","E18000006","E10000003","E07000012","E05011304"
"CB22 5AN",10,547579,253481,"E92000001","E19000001","E18000006","E10000003","E07000012","E05011304"
"CB22 5AP",10,546552,252458,"E92000001","E19000001","E18000006","E10000003","E07000012","E05011304"
"CB22 5AQ",10,546878,252925,"E92000001","E19000001","E18000006","E10000003","E07000012","E05011304"
"CB22 5AR",10,546528,252479,"E92000001","E19000001","E18000006","E10000003","E07000012","E05011304"
"CB22 5AS",10,546448,252592,"E92000001","E19000001","E18000006","E10000003","E07000012","E05011304"
"CB22 5AT",10,546035,251847,"E92000001","E19000001","E18000006","E10000003","E07000012","E05011304"
"CB22 5AU",10,546611,252109,"E92000001","E19000001","E18000006","E10000003","E07000012","E05011304"
"CB22 5AW",10,546519,252624,"E92000001","E19000001","E18000006","E10000003","E07000012","E05011304"
"CB22 5AX",10,546608,252384,"E92000001","E19000001","E18000006","E10000003","E07000012","E05011304"
"CB22 5AY",10,546619,252521,"E92000001","E19000001","E18000006","E10000003","E07000012","E05011304"
"CB22 5AZ",10,546705,252520,"E92000001","E19000001","E18000006","E10000003","E07000012","E05011304"
"CB22 5BA",10,546737,252612,"E92000001","E19000001","E18000006","E10000003","E07000012","E05011304"
"CB22 5BB",10,546770,252514,"E92000001","E19000001","E18000006","E10000003","E07000012","E05011304"
"CB22 5BD",10,546728,252408,"E92000001","E19000001","E18000006","E10000003","E07000012","E05011304"
"CB22 5BE",10,546614,252304,"E92000001","E19000001","E18000006","E10000003","E07000012","E05011304"
"CB22 5BG",10,546704,252233,"E92000001","E19000001","E18000006","E10000003","E07000012","E05011304"
"CB22 5BH",10,547271,252153,"E92000001","E19000001","E18000006","E10000003","E07000012","E05011304"
"CB22 5BJ",10,547369,251798,"E92000001","E19000001","E18000006","E10000003","E07000012","E05011304"
"CB22 5BL",10,547416,252071,"E92000001","E19000001","E18000006","E10000003","E07000012","E05011304"
"CB22 5BN",10,547324,251758,"E92000001","E19000001","E18000006","E10000003","E07000012","E05011304"
"CB22 5BP",10,547337,251592,"E92000001","E19000001","E18000006","E10000003","E07000012","E05011304"
"CB22 5BQ",10,547469,252147,"E92000001","E19000001","E18000006","E10000003","E07000012","E05011304"
"CB22 5BS",10,547279,251541,"E92000001","E19000001","E18000006","E10000003","E07000012","E05011304"
"CB22 5BT",10,547519,251703,"E92000001","E19000001","E18000006","E10000003","E07000012","E05011304"
"CB22 5BW",10,547413,251684,"E92000001","E19000001","E18000006","E10000003","E07000012","E05011304"
"CB22 5BX",10,547769,252025,"E92000001","E19000001","E18000006","E10000003","E07000012","E05011304"
"CB22 5BY",10,547375,252010,"E92000001","E19000001","E18000006","E10000003","E07000012","E05011304"
"CB22 5BZ",10,547207,251745,"E92000001","E19000001","E18000006","E10000003","E07000012","E05011304"
"CB22 5DA",10,547265,251712,"E92000001","E19000001","E18000006","E10000003","E07000012","E05011304"
"CB22 5DB",10,546582,251968,"E92000001","E19000001","E18000006","E10000003","E07000012","E05011304"
"CB22 5DD",10,546614,251875,"E92000001","E19000001","E18000006","E10000003","E07000012","E05011304"
"CB22 5DE",10,546730,251848,"E92000001","E19000001","E18000006","E10000003","E07000012","E05011304"
"CB22 5DF",10,547402,251918,"E92000001","E19000001","E18000006","E10000003","E07000012","E05011304"
"CB22 5DG",10,546949,251750,"E92000001","E19000001","E18000006","E10000003","E07000012","E05011304"
"CB22 5DH",10,546766,251780,"E92000001","E19000001","E18000006","E10000003","E07000012","E05011304"
"CB22 5DJ",10,546638,251793,"E92000001","E19000001","E18000006","E10000003","E07000012","E05011304"
"CB22 5DN",10,547170,251944,"E92000001","E19000001","E18000006","E10000003","E07000012","E05011304"
"CB22 5DP",10,546849,251640,"E92000001","E19000001","E18000006","E10000003","E07000012","E05011304"
"CB22 5DQ",10,547660,252223,"E92000001","E19000001","E18000006","E10000003","E07000012","E05011304"
"CB22 5DR",10,546970,251672,"E92000001","E19000001","E18000006","E10000003","E07000012","E05011304"
"CB22 5DS",10,547030,251884,"E92000001","E19000001","E18000006","E10000003","E07000012","E05011304"
"CB22 5DT",10,546858,251932,"E92000001","E19000001","E18000006","E10000003","E07000012","E05011304"
"CB22 5DU",10,546860,252031,"E92000001","E19000001","E18000006","E10000003","E07000012","E05011304"
"CB22 5DW",10,546822,251837,"E92000001","E19000001","E18000006","E10000003","E07000012","E05011304"
"CB22 5DX",10,547017,251988,"E92000001","E19000001","E18000006","E10000003","E07000012","E05011304"
"CB22 5DY",10,546969,250764,"E92000001","E19000001","E18000006","E10000003","E07000012","E05014170"
"CB22 5DZ",10,547119,251749,"E92000001","E19000001","E18000006","E10000003","E07000012","E05011304"
"CB22 5EA",10,547492,251559,"E92000001","E19000001","E18000006","E10000003","E07000012","E05011304"
"CB22 5EB",10,547084,251700,"E92000001","E19000001","E18000006","E10000003","E07000012","E05011304"
"CB22 5ED",10,547377,251073,"E92000001","E19000001","E18000006","E10000003","E07000012","E05014170"
"CB22 5EE",10,546348,252539,"E92000001","E19000001","E18000006","E10000003","E07000012","E05011304"
"CB22 5EF",10,546188,252813,"E92000001","E19000001","E18000006","E10000003","E07000012","E05011304"
"CB22 5EG",10,546248,252480,"E92000001","E19000001","E18000006","E10000003","E07000012","E05011304"
"CB22 5EH",10,546076,252165,"E92000001","E19000001","E18000006","E10000003","E07000012","E05011304"
"CB22 5EJ",10,546003,252179,"E92000001","E19000001","E18000006","E10000003","E07000012","E05011304"
"CB22 5EL",10,545915,251873,"E92000001","E19000001","E18000006","E10000003","E07000012","E05011304"
"CB22 5EN",10,545791,251683,"E92000001","E19000001","E18000006","E10000003","E07000012","E05011304"
"CB22 5EP",10,545428,251326,"E92000001","E19000001","E18000006","E10000003","E07000012","E05011304"
"CB22 5EQ",10,546207,252399,"E92000001","E19000001","E18000006","E10000003","E07000012","E05011304"
"CB22 5ER",10,545679,251286,"E92000001","E19000001","E18000006","E10000003","E07000012","E05011304"
"CB22 5ES",10,545338,251281,"E92000001","E19000001","E18000006","E10000003","E07000012","E05011304"
"CB22 5ET",10,545489,251227,"E92000001","E19000001","E18000006","E10000003","E07000012","E05011304"
"CB22 5EU",10,545801,250703,"E92000001","E19000001","E18000006","E10000003","E07000012","E05011304"
"CB22 5EW",10,545463,251393,"E92000001","E19000001","E18000006","E10000003","E07000012","E05011304"
"CB22 5EX",10,546286,249835,"E92000001","E19000001","E18000006","E10000003","E07000012","E05011304"
"CB22 5EY",10,546228,252063,"E92000001","E19000001","E18000006","E10000003","E07000012","E05011304"
"CB22 5EZ",10,546222,252809,"E92000001","E19000001","E18000006","E10000003","E07000012","E05011304"
"CB22 5FA",10,545756,253148,"E92000001","E19000001","E18000006","E10000003","E07000012","E05011304"
"CB22 5FB",10,544251,252078,"E92000001","E19000001","E18000006","E10000003","E07000012","E05011296"
"CB22 5FD",10,546901,251695,"E92000001","E19000001","E18000006","E10000003","E07000012","E05011304"
"CB22 5FE",10,545910,252703,"E92000001","E19000001","E18000006","E10000003","E07000012","E05011304"
"CB22 5FF",10,546058,251929,"E92000001","E19000001","E18000006","E10000003","E07000012","E05011304"
"CB22 5FG",10,546657,252339,"E92000001","E19000001","E18000006","E10000003","E07000012","E05011304"
"CB22 5FH",10,546655,251823,"E92000001","E19000001","E18000006","E10000003","E07000012","E05011304"
"CB22 5FJ",10,546620,251712,"E92000001","E19000001","E18000006","E10000003","E07000012","E05011304"
"CB22 5FL",10,546711,251898,"E92000001","E19000001","E18000006","E10000003","E07000012","E05011304"
"CB22 5FN",10,543436,252295,"E92000001","E19000001","E18000006","E10000003","E07000012","E05011296"
"CB22 5FP",10,543351,252311,"E92000001","E19000001","E18000006","E10000003","E07000012","E05011296"
"CB22 5FQ",10,543273,252301,"E92000001","E19000001","E18000006","E10000003","E07000012","E05011296"
"CB22 5FR",10,543300,252232,"E92000001","E19000001","E18000006","E10000003","E07000012","E05011296"
"CB22 5FS",10,543350,252452,"E92000001","E19000001","E18000006","E10000003","E07000012","E05011296"
"CB22 5FT",10,543335,252421,"E92000001","E19000001","E18000006","E10000003","E07000012","E05011296"
"CB22 5FU",10,546189,252587,"E92000001","E19000001","E18000006","E10000003","E07000012","E05011304"
"CB22 5FW",10,546727,251711,"E92000001","E19000001","E18000006","E10000003","E07000012","E05011304"
"CB22 5FX",10,548588,252993,"E92000001","E19000001","E18000006","E10000003","E07000012","E05011304"
"CB22 5FY",10,546126,252024,"E92000001","E19000001","E18000006","E10000003","E07000012","E05011304"
"CB22 5FZ",10,546707,251663,"E92000001","E19000001","E18000006","E10000003","E07000012","E05011304"
"CB22 5GA",10,543229,252467,"E92000001","E19000001","E18000006","E10000003","E07000012","E05011296"
"CB22 5GB",10,544217,252149,"E92000001","E19000001","E18000006","E10000003","E07000012","E05011296"
"CB22 5GD",10,543245,252555,"E92000001","E19000001","E18000006","E10000003","E07000012","E05011296"
"CB22 5GE",10,543265,252560,"E92000001","E19000001","E18000006","E10000003","E07000012","E05011296"
"CB22 5GF",10,546476,252785,"E92000001","E19000001","E18000006","E10000003","E07000012","E05011304"
"CB22 5GG",10,545451,253423,"E92000001","E19000001","E18000006","E10000003","E07000012","E05011304"
"CB22 5GH",10,546051,252987,"E92000001","E19000001","E18000006","E10000003","E07000012","E05011304"
"CB22 5GJ",10,546093,252978,"E92000001","E19000001","E18000006","E10000003","E07000012","E05011304"
"CB22 5GL",10,546064,252946,"E92000001","E19000001","E18000006","E10000003","E07000012","E05011304"
"CB22 5GN",10,547799,252297,"E92000001","E19000001","E18000006","E10000003","E07000012","E05011304"
"CB22 5GP",10,547831,252226,"E92000001","E19000001","E18000006","E10000003","E07000012","E05011304"
"CB22 5GR",10,547761,252225,"E92000001","E19000001","E18000006","E10000003","E07000012","E05011304"
"CB22 5GS",10,547732,252245,"E92000001","E19000001","E18000006","E10000003","E07000012","E05011304"
"CB22 5HA",10,545997,252032,"E92000001","E19000001","E18000006","E10000003","E07000012","E05011304"
"CB22 5HE",10,545520,251629,"E92000001","E19000001","E18000006","E10000003","E07000012","E05011304"
"CB22 5HF",10,545443,251851,"E92000001","E19000001","E18000006","E10000003","E07000012","E05011304"
"CB22 5HG",10,545245,251586,"E92000001","E19000001","E18000006","E10000003","E07000012","E05011304"
"CB22 5HH",10,545075,251429,"E92000001","E19000001","E18000006","E10000003","E07000012","E05011304"
"CB22 5HJ",10,544879,251634,"E92000001","E19000001","E18000006","E10000003","E07000012","E05011304"
"CB22 5HL",10,544863,251506,"E92000001","E19000001","E18000006","E10000003","E07000012","E05011304"
"CB22 5HN",10,543995,250995,"E92000001","E19000001","E18000006","E10000003","E07000012","E05011296"
"CB22 5HP",10,543970,251953,"E92000001","E19000001","E18000006","E10000003","E07000012","E05011296"
"CB22 5HR",10,544058,251984,"E92000001","E19000001","E18000006","E10000003","E07000012","E05011296"
"CB22 5HS",10,543802,252150,"E92000001","E19000001","E18000006","E10000003","E07000012","E05011296"
"CB22 5HT",10,543144,252362,"E92000001","E19000001","E18000006","E10000003","E07000012","E05011296"
"CB22 5HW",10,544291,252012,"E92000001","E19000001","E18000006","E10000003","E07000012","E05011296"
"CB22 5HX",10,543200,252654,"E92000001","E19000001","E18000006","E10000003","E07000012","E05011296"
"CB22 5HY",10,544080,251872,"E92000001","E19000001","E18000006","E10000003","E07000012","E05011296"
"CB22 5HZ",10,544049,251811,"E92000001","E19000001","E18000006","E10000003","E07000012","E05011296"
"CB22 5JA",10,543948,251731,"E92000001","E19000001","E18000006","E10000003","E07000012","E05011296"
"CB22 5JB",10,544045,251719,"E92000001","E19000001","E18000006","E10000003","E07000012","E05011296"
"CB22 5JD",10,544158,252030,"E92000001","E19000001","E18000006","E10000003","E07000012","E05011296"
"CB22 5JE",10,545937,252662,"E92000001","E19000001","E18000006","E10000003","E07000012","E05011304"
"CB22 5JF",10,546050,252806,"E92000001","E19000001","E18000006","E10000003","E07000012","E05011304"
"CB22 5JG",10,546004,252875,"E92000001","E19000001","E18000006","E10000003","E07000012","E05011304"
"CB22 5JH",10,545871,253010,"E92000001","E19000001","E18000006","E10000003","E07000012","E05011304"
"CB22 5JJ",10,545558,253303,"E92000001","E19000001","E18000006","E10000003","E07000012","E05011304"
"CB22 5JL",10,545489,253156,"E92000001","E19000001","E18000006","E10000003","E07000012","E05011304"
"CB22 5JN",10,545269,253708,"E92000001","E19000001","E18000006","E10000003","E07000012","E05011304"
"CB22 5JP",10,545168,253831,"E92000001","E19000001","E18000006","E10000003","E07000012","E05011304"
"CB22 5JQ",10,545852,252895,"E92000001","E19000001","E18000006","E10000003","E07000012","E05011304"
"CB22 5JR",10,545118,253899,"E92000001","E19000001","E18000006","E10000003","E07000012","E05011304"
"CB22 5JS",10,545713,253146,"E92000001","E19000001","E18000006","E10000003","E07000012","E05011304"
"CB22 5JT",10,545654,253539,"E92000001","E19000001","E18000006","E10000003","E07000012","E05011304"
"CB22 5JU",10,545299,253748,"E92000001","E19000001","E18000006","E10000003","E07000012","E05011304"
"CB22 5JW",10,545291,253465,"E92000001","E19000001","E18000006","E10000003","E07000012","E05011304"
"CB22 5JX",10,546341,253007,"E92000001","E19000001","E18000006","E10000003","E07000012","E05011304"
"CB22 5JY",10,546600,253809,"E92000001","E19000001","E18000006","E10000003","E07000012","E05011304"
"CB22 5JZ",10,546693,252067,"E92000001","E19000001","E18000006","E10000003","E07000012","E05011304"
"CB22 5LA",10,545701,253217,"E92000001","E19000001","E18000006","E10000003","E07000012","E05011304"
"CB22 5LB",10,545211,253924,"E92000001","E19000001","E18000006","E10000003","E07000012","E05011304"
"CB22 5LD",10,546510,252367,"E92000001","E19000001","E18000006","E10000003","E07000012","E05011304"
"CB22 5LE",10,546203,252255,"E92000001","E19000001","E18000006","E10000003","E07000012","E05011304"
"CB22 5LF",10,546145,251926,"E92000001","E19000001","E18000006","E10000003","E07000012","E05011304"
"CB22 5LG",10,546163,252701,"E92000001","E19000001","E18000006","E10000003","E07000012","E05011304"
"CB22 5LH",10,546267,252596,"E92000001","E19000001","E18000006","E10000003","E07000012","E05011304"
"CB22 5LJ",10,546331,252182,"E92000001","E19000001","E18000006","E10000003","E07000012","E05011304"
"CB22 5LN",10,546215,252162,"E92000001","E19000001","E18000006","E10000003","E07000012","E05011304"
"CB22 5LP",10,546488,251714,"E92000001","E19000001","E18000006","E10000003","E07000012","E05011304"
"CB22 5LQ",10,546240,252682,"E92000001","E19000001","E18000006","E10000003","E07000012","E05011304"
"CB22 5LR",10,546475,252133,"E92000001","E19000001","E18000006","E10000003","E07000012","E05011304"
"CB22 5LS",10,545930,252918,"E92000001","E19000001","E18000006","E10000003","E07000012","E05011304"
"CB22 5LU",10,546422,252255,"E92000001","E19000001","E18000006","E10000003","E07000012","E05011304"
"CB22 5LW",10,546377,251726,"E92000001","E19000001","E18000006","E10000003","E07000012","E05011304"
"CB22 5LX",10,546422,252353,"E92000001","E19000001","E18000006","E10000003","E07000012","E05011304"
"CB22 5LY",10,546378,251894,"E92000001","E19000001","E18000006","E10000003","E07000012","E05011304"
"CB22 5LZ",10,546181,251961,"E92000001","E19000001","E18000006","E10000003","E07000012","E05011304"
"CB22 5NA",10,546483,252113,"E92000001","E19000001","E18000006","E10000003","E07000012","E05011304"
"CB22 5NB",10,545295,253967,"E92000001","E19000001","E18000006","E10000003","E07000012","E05011304"
"CB22 5NE",10,546493,252272,"E92000001","E19000001","E18000006","E10000003","E07000012","E05011304"
"CB22 5SL",10,545387,253460,"E92000001","E19000001","E18000006","E10000003","E07000012","E05011304"
"CB22 5SP",10,547118,251834,"E92000001","E19000001","E18000006","E10000003","E07000012","E05011304"
"CB22 5SS",10,547454,251756,"E92000001","E19000001","E18000006","E10000003","E07000012","E05011304"
"CB22 5SY",10,546973,252162,"E92000001","E19000001","E18000006","E10000003","E07000012","E05011304"
"CB22 5TD",10,543880,252231,"E92000001","E19000001","E18000006","E10000003","E07000012","E05011296"
"CB22 5TE",10,543923,252210,"E92000001","E19000001","E18000006","E10000003","E07000012","E05011296"
"CB22 5UD",10,546492,252676,"E92000001","E19000001","E18000006","E10000003","E07000012","E05011304"
"CB22 5UT",10,545819,253083,"E92000001","E19000001","E18000006","E10000003","E07000012","E05011304"
"CB22 5UX",10,544842,251571,"E92000001","E19000001","E18000006","E10000003","E07000012","E05011304"
"CB22 5XA",10,545451,253345,"E92000001","E19000001","E18000006","E10000003","E07000012","E05011304"
"CB22 5XB",10,545928,252963,"E92000001","E19000001","E18000006","E10000003","E07000012","E05011304"
"CB22 6AA",10,541163,248426,"E92000001","E19000001","E18000006","E10000003","E07000012","E05011292"
"CB22 6AB",10,541646,247944,"E92000001","E19000001","E18000006","E10000003","E07000012","E05011292"
"CB22 6AD",10,541623,248241,"E92000001","E19000001","E18000006","E10000003","E07000012","E05011292"
"CB22 6AE",10,540884,248411,"E92000001","E19000001","E18000006","E10000003","E07000012","E05011292"
"CB22 6RN",10,541122,248273,"E92000001","E19000001","E18000006","E10000003","E07000012","E05011292"
"CB22 6RP",10,541204,248406,"E92000001","E19000001","E18000006","E10000003","E07000012","E05011292"
"CB22 6RQ",10,541085,248298,"E92000001","E19000001","E18000006","E10000003","E07000012","E05011292"
"CB22 6RR",10,541431,248477,"E92000001","E19000001","E18000006","E10000003","E07000012","E05011292"
"CB22 6RS",10,541399,248384,"E92000001","E19000001","E18000006","E10000003","E07000012","E05011292"
"CB22 6RT",10,541604,248158,"E92000001","E19000001","E18000006","E10000003","E07000012","E05011292"
"CB22 6RU",10,541411,248353,"E92000001","E19000001","E18000006","E10000003","E07000012","E05011292"
"CB22 6RW",10,541113,248215,"E92000001","E19000001","E18000006","E10000003","E07000012","E05011292"
"CB22 6RX",10,541609,248045,"E92000001","E19000001","E18000006","E10000003","E07000012","E05011292"
"CB22 6RY",10,541422,248184,"E92000001","E19000001","E18000006","E10000003","E07000012","E05011292"
"CB22 6RZ",10,541484,248077,"E92000001","E19000001","E18000006","E10000003","E07000012","E05011292"
"CB22 6SA",10,540923,248482,"E92000001","E19000001","E18000006","E10000003","E07000012","E05011292"
"CB22 6SB",10,540817,248567,"E92000001","E19000001","E18000006","E10000003","E07000012","E05011292"
"CB22 6SD",10,540851,248633,"E92000001","E19000001","E18000006","E10000003","E07000012","E05011292"
"CB22 6SE",10,540819,248481,"E92000001","E19000001","E18000006","E10000003","E07000012","E05011292"
"CB22 6SF",10,541399,248303,"E92000001","E19000001","E18000006","E10000003","E07000012","E05011292"
"CB22 6SH",10,540961,248910,"E92000001","E19000001","E18000006","E10000003","E07000012","E05011292"
"CB22 6SJ",10,540760,248963,"E92000001","E19000001","E18000006","E10000003","E07000012","E05011292"
"CB22 6SL",10,540680,249224,"E92000001","E19000001","E18000006","E10000003","E07000012","E05011292"
"CB22 6SP",10,540866,248144,"E92000001","E19000001","E18000006","E10000003","E07000012","E05011292"
"CB22 6SQ",10,541362,248079,"E92000001","E19000001","E18000006","E10000003","E07000012","E05011292"
"CB22 6SR",10,540919,248017,"E92000001","E19000001","E18000006","E10000003","E07000012","E05011292"
"CB22 6SS",10,540921,248083,"E92000001","E19000001","E18000006","E10000003","E07000012","E05011292"
"CB22 6ST",10,540822,248016,"E92000001","E19000001","E18000006","E10000003","E07000012","E05011292"
"CB22 6SU",10,540666,248003,"E92000001","E19000001","E18000006","E10000003","E07000012","E05011292"
"CB22 6SX",10,540393,247818,"E92000001","E19000001","E18000006","E10000003","E07000012","E05011292"
"CB22 6SZ",10,540713,247938,"E92000001","E19000001","E18000006","E10000003","E07000012","E05011292"
"CB22 7AA",10,539920,250038,"E92000001","E19000001","E18000006","E10000003","E07000012","E05011284"
"CB22 7AB",10,543016,251431,"E92000001","E19000001","E18000006","E10000003","E07000012","E05011296"
"CB22 7AD",10,543115,251613,"E92000001","E19000001","E18000006","E10000003","E07000012","E05011296"
"CB22 7AE",10,539683,250500,"E92000001","E19000001","E18000006","E10000003","E07000012","E05011284"
"CB22 7AF",10,539634,250424,"E92000001","E19000001","E18000006","E10000003","E07000012","E05011284"
"CB22 7AG",10,539565,250540,"E92000001","E19000001","E18000006","E10000003","E07000012","E05011284"
"CB22 7AH",10,539728,250634,"E92000001","E19000001","E18000006","E10000003","E07000012","E05011284"
"CB22 7AN",10,543102,251705,"E92000001","E19000001","E18000006","E10000003","E07000012","E05011296"
"CB22 7GA",10,539027,249386,"E92000001","E19000001","E18000006","E10000003","E07000012","E05011284"
"CB22 7GG",10,541849,250759,"E92000001","E19000001","E18000006","E10000003","E07000012","E05011296"
"CB22 7GX",10,541954,251377,"E92000001","E19000001","E18000006","E10000003","E07000012","E05011296"
"CB22 7GY",10,542050,251240,"E92000001","E19000001","E18000006","E10000003","E07000012","E05011296"
"CB22 7NF",10,542037,250774,"E92000001","E19000001","E18000006","E10000003","E07000012","E05011296"
"CB22 7NG",10,542625,251329,"E92000001","E19000001","E18000006","E10000003","E07000012","E05011296"
"CB22 7NH",10,542210,250734,"E92000001","E19000001","E18000006","E10000003","E07000012","E05011296"
"CB22 7NJ",10,541462,249795,"E92000001","E19000001","E18000006","E10000003","E07000012","E05011292"
"CB22 7NN",10,542061,250821,"E92000001","E19000001","E18000006","E10000003","E07000012","E05011296"
"CB22 7NP",10,542022,250924,"E92000001","E19000001","E18000006","E10000003","E07000012","E05011296"
"CB22 7NQ",10,543215,251330,"E92000001","E19000001","E18000006","E10000003","E07000012","E05011296"
"CB22 7NR",10,542052,250959,"E92000001","E19000001","E18000006","E10000003","E07000012","E05011296"
"CB22 7NS",10,542124,250981,"E92000001","E19000001","E18000006","E10000003","E07000012","E05011296"
"CB22 7NT",10,541860,251101,"E92000001","E19000001","E18000006","E10000003","E07000012","E05011296"
"CB22 7NU",10,541440,251086,"E92000001","E19000001","E18000006","E10000003","E07000012","E05011296"
"CB22 7NW",10,542176,250821,"E92000001","E19000001","E18000006","E10000003","E07000012","E05011296"
"CB22 7NX",10,541962,251487,"E92000001","E19000001","E18000006","E10000003","E07000012","E05011296"
"CB22 7NY",10,542545,250619,"E92000001","E19000001","E18000006","E10000003","E07000012","E05011296"
"CB22 7NZ",10,543191,250125,"E92000001","E19000001","E18000006","E10000003","E07000012","E05011296"
"CB22 7PA",10,543688,249598,"E92000001","E19000001","E18000006","E10000003","E07000012","E05011307"
"CB22 7PB",10,543870,249514,"E92000001","E19000001","E18000006","E10000003","E07000012","E05011307"
"CB22 7PE",10,543528,249244,"E92000001","E19000001","E18000006","E10000003","E07000012","E05011307"
"CB22 7PF",10,543625,249365,"E92000001","E19000001","E18000006","E10000003","E07000012","E05011307"
"CB22 7PG",10,543846,249411,"E92000001","E19000001","E18000006","E10000003","E07000012","E05011307"
"CB22 7PH",10,544080,249414,"E92000001","E19000001","E18000006","E10000003","E07000012","E05011307"
"CB22 7PJ",10,543937,249535,"E92000001","E19000001","E18000006","E10000003","E07000012","E05011307"
"CB22 7PL",10,543793,249657,"E92000001","E19000001","E18000006","E10000003","E07000012","E05011307"
"CB22 7PN",10,543862,249587,"E92000001","E19000001","E18000006","E10000003","E07000012","E05011307"
"CB22 7PP",10,542616,250650,"E92000001","E19000001","E18000006","E10000003","E07000012","E05011296"
"CB22 7PQ",10,543572,248319,"E92000001","E19000001","E18000006","E10000003","E07000012","E05011307"
"CB22 7PR",10,542663,250719,"E92000001","E19000001","E18000006","E10000003","E07000012","E05011296"
"CB22 7PT",10,542670,250845,"E92000001","E19000001","E18000006","E10000003","E07000012","E05011296"
"CB22 7PU",10,542425,250719,"E92000001","E19000001","E18000006","E10000003","E07000012","E05011296"
"CB22 7PW",10,543918,249341,"E92000001","E19000001","E18000006","E10000003","E07000012","E05011307"
"CB22 7PX",10,542512,250935,"E92000001","E19000001","E18000006","E10000003","E07000012","E05011296"
"CB22 7PY",10,542508,251033,"E92000001","E19000001","E18000006","E10000003","E07000012","E05011296"
"CB22 7PZ",10,542556,251122,"E92000001","E19000001","E18000006","E10000003","E07000012","E05011296"
"CB22 7QA",10,542711,251460,"E92000001","E19000001","E18000006","E10000003","E07000012","E05011296"
"CB22 7QB",10,542731,251395,"E92000001","E19000001","E18000006","E10000003","E07000012","E05011296"
"CB22 7QD",10,542921,251632,"E92000001","E19000001","E18000006","E10000003","E07000012","E05011296"
"CB22 7QE",10,542928,251478,"E92000001","E19000001","E18000006","E10000003","E07000012","E05011296"
"CB22 7QF",10,542924,251372,"E92000001","E19000001","E18000006","E10000003","E07000012","E05011296"
"CB22 7QG",10,543049,251443,"E92000001","E19000001","E18000006","E10000003","E07000012","E05011296"
"CB22 7QH",10,543229,251599,"E92000001","E19000001","E18000006","E10000003","E07000012","E05011296"
"CB22 7QJ",10,543454,251430,"E92000001","E19000001","E18000006","E10000003","E07000012","E05011296"
"CB22 7QL",10,543212,251476,"E92000001","E19000001","E18000006","E10000003","E07000012","E05011296"
"CB22 7QN",10,543117,251443,"E92000001","E19000001","E18000006","E10000003","E07000012","E05011296"
"CB22 7QP",10,542788,250406,"E92000001","E19000001","E18000006","E10000003","E07000012","E05011296"
"CB22 7QQ",10,543288,251631,"E92000001","E19000001","E18000006","E10000003","E07000012","E05011296"
"CB22 7QR",10,542755,250657,"E92000001","E19000001","E18000006","E10000003","E07000012","E05011296"
"CB22 7QS",10,543260,251520,"E92000001","E19000001","E18000006","E10000003","E07000012","E05011296"
"CB22 7QT",10,542676,250999,"E92000001","E19000001","E18000006","E10000003","E07000012","E05011296"
"CB22 7QU",10,543160,251785,"E92000001","E19000001","E18000006","E10000003","E07000012","E05011296"
"CB22 7QW",10,543157,251345,"E92000001","E19000001","E18000006","E10000003","E07000012","E05011296"
"CB22 7QX",10,539429,249701,"E92000001","E19000001","E18000006","E10000003","E07000012","E05011284"
"CB22 7QY",10,539438,249522,"E92000001","E19000001","E18000006","E10000003","E07000012","E05011284"
"CB22 7RA",10,539541,249617,"E92000001","E19000001","E18000006","E10000003","E07000012","E05011284"
"CB22 7RB",10,539500,249564,"E92000001","E19000001","E18000006","E10000003","E07000012","E05011284"
"CB22 7RD",10,539616,249612,"E92000001","E19000001","E18000006","E10000003","E07000012","E05011284"
"CB22 7RE",10,539761,249952,"E92000001","E19000001","E18000006","E10000003","E07000012","E05011284"
"CB22 7RF",10,539422,249844,"E92000001","E19000001","E18000006","E10000003","E07000012","E05011284"
"CB22 7RG",10,539680,250028,"E92000001","E19000001","E18000006","E10000003","E07000012","E05011284"
"CB22 7RJ",10,539758,249801,"E92000001","E19000001","E18000006","E10000003","E07000012","E05011284"
"CB22 7RL",10,539902,249901,"E92000001","E19000001","E18000006","E10000003","E07000012","E05011284"
"CB22 7RN",10,539924,249709,"E92000001","E19000001","E18000006","E10000003","E07000012","E05011284"
"CB22 7RP",10,540161,249929,"E92000001","E19000001","E18000006","E10000003","E07000012","E05011284"
"CB22 7RR",10,540057,249705,"E92000001","E19000001","E18000006","E10000003","E07000012","E05011284"
"CB22 7RS",10,540035,249990,"E92000001","E19000001","E18000006","E10000003","E07000012","E05011284"
"CB22 7RZ",10,539039,249481,"E92000001","E19000001","E18000006","E10000003","E07000012","E05011284"
"CB22 7SA",10,539020,249619,"E92000001","E19000001","E18000006","E10000003","E07000012","E05011284"
"CB22 7SB",10,538568,249325,"E92000001","E19000001","E18000006","E10000003","E07000012","E05011284"
"CB22 7SD",10,538693,249413,"E92000001","E19000001","E18000006","E10000003","E07000012","E05011284"
"CB22 7SE",10,538672,249553,"E92000001","E19000001","E18000006","E10000003","E07000012","E05011284"
"CB22 7SF",10,538355,250079,"E92000001","E19000001","E18000006","E10000003","E07000012","E05011284"
"CB22 7SG",10,538615,249599,"E92000001","E19000001","E18000006","E10000003","E07000012","E05011284"
"CB22 7SH",10,538630,249249,"E92000001","E19000001","E18000006","E10000003","E07000012","E05011284"
"CB22 7SQ",10,538862,250757,"E92000001","E19000001","E18000006","E10000003","E07000012","E05011284"
"CB22 7TB",10,538813,249427,"E92000001","E19000001","E18000006","E10000003","E07000012","E05011284"
"CB22 7TN",10,542928,251478,"E92000001","E19000001","E18000006","E10000003","E07000012","E05011296"
"CB22 7TP",10,543031,251525,"E92000001","E19000001","E18000006","E10000003","E07000012","E05011296"
"CB22 7TR",10,542890,251342,"E92000001","E19000001","E18000006","E10000003","E07000012","E05011296"
"CB22 7TW",10,543991,249508,"E92000001","E19000001","E18000006","E10000003","E07000012","E05011307"
"CB22 7ZE",10,543341,249031,"E92000001","E19000001","E18000006","E10000003","E07000012","E05011307"
"CB23 1AA",10,537287,252844,"E92000001","E19000001","E18000006","E10000003","E07000012","E05011284"
"CB23 1AB",10,540836,252478,"E92000001","E19000001","E18000006","E10000003","E07000012","E05011296"
"CB23 1AD",10,540144,252434,"E92000001","E19000001","E18000006","E10000003","E07000012","E05011296"
"CB23 1AE",10,541720,253389,"E92000001","E19000001","E18000006","E10000003","E07000012","E05011296"
"CB23 1AF",10,538610,252433,"E92000001","E19000001","E18000006","E10000003","E07000012","E05011296"
"CB23 1AG",10,540378,252600,"E92000001","E19000001","E18000006","E10000003","E07000012","E05011296"
"CB23 1EN",10,538650,252478,"E92000001","E19000001","E18000006","E10000003","E07000012","E05011296"
"CB23 1ER",10,539165,252476,"E92000001","E19000001","E18000006","E10000003","E07000012","E05011296"
"CB23 1ES",10,538910,252363,"E92000001","E19000001","E18000006","E10000003","E07000012","E05011296"
"CB23 1ET",10,538341,252359,"E92000001","E19000001","E18000006","E10000003","E07000012","E05011296"
"CB23 1EU",10,538219,253637,"E92000001","E19000001","E18000006","E10000003","E07000012","E05011284"
"CB23 1EW",10,538288,253868,"E92000001","E19000001","E18000006","E10000003","E07000012","E05011284"
"CB23 1EX",10,539103,254063,"E92000001","E19000001","E18000006","E10000003","E07000012","E05011296"
"CB23 1EY",10,538620,252787,"E92000001","E19000001","E18000006","E10000003","E07000012","E05011296"
"CB23 1EZ",10,538473,252434,"E92000001","E19000001","E18000006","E10000003","E07000012","E05011296"
"CB23 1GL",10,540313,252591,"E92000001","E19000001","E18000006","E10000003","E07000012","E05011296"
"CB23 1HA",10,537773,252555,"E92000001","E19000001","E18000006","E10000003","E07000012","E05011296"
"CB23 1HB",10,537499,252719,"E92000001","E19000001","E18000006","E10000003","E07000012","E05011284"
"CB23 1HD",10,537039,253023,"E92000001","E19000001","E18000006","E10000003","E07000012","E05011284"
"CB23 1HE",10,537265,253180,"E92000001","E19000001","E18000006","E10000003","E07000012","E05011284"
"CB23 1HF",10,537074,253117,"E92000001","E19000001","E18000006","E10000003","E07000012","E05011284"
"CB23 1HG",10,537173,253252,"E92000001","E19000001","E18000006","E10000003","E07000012","E05011284"
"CB23 1HH",10,537544,253480,"E92000001","E19000001","E18000006","E10000003","E07000012","E05011284"
"CB23 1HJ",10,537589,253635,"E92000001","E19000001","E18000006","E10000003","E07000012","E05011284"
"CB23 1HL",10,537011,253447,"E92000001","E19000001","E18000006","E10000003","E07000012","E05011284"
"CB23 1HN",10,536289,253552,"E92000001","E19000001","E18000006","E10000003","E07000012","E05011284"
"CB23 1HP",10,536601,253653,"E92000001","E19000001","E18000006","E10000003","E07000012","E05011284"
"CB23 1HQ",10,537419,253320,"E92000001","E19000001","E18000006","E10000003","E07000012","E05011284"
"CB23 1HR",10,536261,253318,"E92000001","E19000001","E18000006","E10000003","E07000012","E05011284"
"CB23 1HT",10,535604,254459,"E92000001","E19000001","E18000006","E10000003","E07000012","E05011284"
"CB23 1HU",10,536648,253371,"E92000001","E19000001","E18000006","E10000003","E07000012","E05011284"
"CB23 1HW",10,536103,253796,"E92000001","E19000001","E18000006","E10000003","E07000012","E05011284"
"CB23 1JA",10,540564,252120,"E92000001","E19000001","E18000006","E10000003","E07000012","E05011296"
"CB23 1JB",10,541021,252492,"E92000001","E19000001","E18000006","E10000003","E07000012","E05011296"
"CB23 1JD",10,540613,252367,"E92000001","E19000001","E18000006","E10000003","E07000012","E05011296"
"CB23 1JE",10,540256,252257,"E92000001","E19000001","E18000006","E10000003","E07000012","E05011296"
"CB23 1JF",10,540318,252339,"E92000001","E19000001","E18000006","E10000003","E07000012","E05011296"
"CB23 1JG",10,540327,252271,"E92000001","E19000001","E18000006","E10000003","E07000012","E05011296"
"CB23 1JH",10,540218,252156,"E92000001","E19000001","E18000006","E10000003","E07000012","E05011296"
"CB23 1JJ",10,540378,251997,"E92000001","E19000001","E18000006","E10000003","E07000012","E05011296"
"CB23 1JL",10,540593,252027,"E92000001","E19000001","E18000006","E10000003","E07000012","E05011296"
"CB23 1JN",10,540956,251946,"E92000001","E19000001","E18000006","E10000003","E07000012","E05011296"
"CB23 1JP",10,540874,252170,"E92000001","E19000001","E18000006","E10000003","E07000012","E05011296"
"CB23 1JQ",10,540194,252210,"E92000001","E19000001","E18000006","E10000003","E07000012","E05011296"
"CB23 1JR",10,540451,252172,"E92000001","E19000001","E18000006","E10000003","E07000012","E05011296"
"CB23 1JS",10,540690,252114,"E92000001","E19000001","E18000006","E10000003","E07000012","E05011296"
"CB23 1JT",10,540794,252096,"E92000001","E19000001","E18000006","E10000003","E07000012","E05011296"
"CB23 1JU",10,540899,252029,"E92000001","E19000001","E18000006","E10000003","E07000012","E05011296"
"CB23 1JW",10,540598,252168,"E92000001","E19000001","E18000006","E10000003","E07000012","E05011296"
"CB23 1JX",10,541157,251992,"E92000001","E19000001","E18000006","E10000003","E07000012","E05011296"
"CB23 1JZ",10,541210,251522,"E92000001","E19000001","E18000006","E10000003","E07000012","E05011296"
"CB23 1LB",10,540917,251932,"E92000001","E19000001","E18000006","E10000003","E07000012","E05011296"
"CB23 1LD",10,540383,252385,"E92000001","E19000001","E18000006","E10000003","E07000012","E05011296"
"CB23 1LE",10,540627,252101,"E92000001","E19000001","E18000006","E10000003","E07000012","E05011296"
"CB23 1LF",10,540775,252015,"E92000001","E19000001","E18000006","E10000003","E07000012","E05011296"
"CB23 1LG",10,540697,252036,"E92000001","E19000001","E18000006","E10000003","E07000012","E05011296"
"CB23 1LH",10,540295,252671,"E92000001","E19000001","E18000006","E10000003","E07000012","E05011296"
"CB23 1LL",10,540328,252769,"E92000001","E19000001","E18000006","E10000003","E07000012","E05011296"
"CB23 1LN",10,540009,253368,"E92000001","E19000001","E18000006","E10000003","E07000012","E05011296"
"CB23 1LP",10,540506,252471,"E92000001","E19000001","E18000006","E10000003","E07000012","E05011296"
"CB23 1LQ",10,540247,252089,"E92000001","E19000001","E18000006","E10000003","E07000012","E05011296"
"CB23 1LR",10,540854,252385,"E92000001","E19000001","E18000006","E10000003","E07000012","E05011296"
"CB23 1LS",10,540775,252373,"E92000001","E19000001","E18000006","E10000003","E07000012","E05011296"
"CB23 1LT",10,540813,252236,"E92000001","E19000001","E18000006","E10000003","E07000012","E05011296"
"CB23 1LU",10,541037,252413,"E92000001","E19000001","E18000006","E10000003","E07000012","E05011296"
"CB23 1LW",10,540449,254197,"E92000001","E19000001","E18000006","E10000003","E07000012","E05011296"
"CB23 1LX",10,541043,252329,"E92000001","E19000001","E18000006","E10000003","E07000012","E05011296"
"CB23 1LY",10,542059,254076,"E92000001","E19000001","E18000006","E10000003","E07000012","E05011296"
"CB23 1LZ",10,540874,252337,"E92000001","E19000001","E18000006","E10000003","E07000012","E05011296"
"CB23 1NA",10,540737,252495,"E92000001","E19000001","E18000006","E10000003","E07000012","E05011296"
"CB23 1NB",10,540786,252287,"E92000001","E19000001","E18000006","E10000003","E07000012","E05011296"
"CB23 1ND",10,541050,252040,"E92000001","E19000001","E18000006","E10000003","E07000012","E05011296"
"CB23 1NF",10,540718,252267,"E92000001","E19000001","E18000006","E10000003","E07000012","E05011296"
"CB23 1WX",10,540313,252591,"E92000001","E19000001","E18000006","E10000003","E07000012","E05011296"
"CB23 1YL",10,536218,253194,"E92000001","E19000001","E18000006","E10000003","E07000012","E05011284"
"CB23 1YU",10,537095,253052,"E92000001","E19000001","E18000006","E10000003","E07000012","E05011284"
"CB23 2AA",10,532704,256181,"E92000001","E19000001","E18000006","E10000003","E07000012","E05011286"
"CB23 2FS",10,532419,256470,"E92000001","E19000001","E18000006","E10000003","E07000012","E05011286"
"CB23 2NG",10,534578,255410,"E92000001","E19000001","E18000006","E10000003","E07000012","E05011286"
"CB23 2NH",10,534669,255138,"E92000001","E19000001","E18000006","E10000003","E07000012","E05011286"
"CB23 2NJ",10,534516,254964,"E92000001","E19000001","E18000006","E10000003","E07000012","E05011286"
"CB23 2NL",10,534637,255327,"E92000001","E19000001","E18000006","E10000003","E07000012","E05011286"
"CB23 2NN",10,534588,255069,"E92000001","E19000001","E18000006","E10000003","E07000012","E05011286"
"CB23 2NP",10,534363,255298,"E92000001","E19000001","E18000006","E10000003","E07000012","E05011286"
"CB23 2NQ",10,534680,255218,"E92000001","E19000001","E18000006","E10000003","E07000012","E05011286"
"CB23 2NS",10,535516,255650,"E92000001","E19000001","E18000006","E10000003","E07000012","E05011286"
"CB23 2NW",10,534705,255021,"E92000001","E19000001","E18000006","E10000003","E07000012","E05011286"
"CB23 2RE",10,535951,255904,"E92000001","E19000001","E18000006","E10000003","E07000012","E05011295"
"CB23 2RF",10,536221,256091,"E92000001","E19000001","E18000006","E10000003","E07000012","E05011295"
"CB23 2RH",10,536248,255808,"E92000001","E19000001","E18000006","E10000003","E07000012","E05011295"
"CB23 2RJ",10,535849,255702,"E92000001","E19000001","E18000006","E10000003","E07000012","E05011295"
"CB23 2RL",10,535910,256046,"E92000001","E19000001","E18000006","E10000003","E07000012","E05011295"
"CB23 2RN",10,535892,255904,"E92000001","E19000001","E18000006","E10000003","E07000012","E05011295"
"CB23 2RP",10,535932,256328,"E92000001","E19000001","E18000006","E10000003","E07000012","E05011295"
"CB23 2RQ",10,536275,256206,"E92000001","E19000001","E18000006","E10000003","E07000012","E05011295"
"CB23 2RR",10,536094,256237,"E92000001","E19000001","E18000006","E10000003","E07000012","E05011295"
"CB23 2RS",10,535916,256258,"E92000001","E19000001","E18000006","E10000003","E07000012","E05011295"
"CB23 2RT",10,535797,256285,"E92000001","E19000001","E18000006","E10000003","E07000012","E05011295"
"CB23 2RU",10,535831,256353,"E92000001","E19000001","E18000006","E10000003","E07000012","E05011295"
"CB23 2RW",10,535995,256323,"E92000001","E19000001","E18000006","E10000003","E07000012","E05011295"
"CB23 2RX",10,535860,256333,"E92000001","E19000001","E18000006","E10000003","E07000012","E05011295"
"CB23 2RY",10,536195,256152,"E92000001","E19000001","E18000006","E10000003","E07000012","E05011295"
"CB23 2RZ",10,536087,256171,"E92000001","E19000001","E18000006","E10000003","E07000012","E05011295"
"CB23 2SA",10,536018,256139,"E92000001","E19000001","E18000006","E10000003","E07000012","E05011295"
"CB23 2SB",10,536220,256165,"E92000001","E19000001","E18000006","E10000003","E07000012","E05011295"
"CB23 2SG",10,532428,256476,"E92000001","E19000001","E18000006","E10000003","E07000012","E05011286"
"CB23 2SH",10,532470,256758,"E92000001","E19000001","E18000006","E10000003","E07000012","E05011286"
"CB23 2SJ",10,532377,256469,"E92000001","E19000001","E18000006","E10000003","E07000012","E05011286"
"CB23 2SN",10,532202,256314,"E92000001","E19000001","E18000006","E10000003","E07000012","E05011286"
"CB23 2SP",10,532267,256483,"E92000001","E19000001","E18000006","E10000003","E07000012","E05011286"
"CB23 2SQ",10,532505,256511,"E92000001","E19000001","E18000006","E10000003","E07000012","E05011286"
"CB23 2SS",10,532295,256804,"E92000001","E19000001","E18000006","E10000003","E07000012","E05011286"
"CB23 2ST",10,531746,257189,"E92000001","E19000001","E18000006","E10000003","E07000012","E05011286"
"CB23 2SU",10,531602,257632,"E92000001","E19000001","E18000006","E10000003","E07000012","E05011286"
"CB23 2SW",10,532204,256376,"E92000001","E19000001","E18000006","E10000003","E07000012","E05011286"
"CB23 2SX",10,532270,257245,"E92000001","E19000001","E18000006","E10000003","E07000012","E05011286"
"CB23 2SY",10,532825,256966,"E92000001","E19000001","E18000006","E10000003","E07000012","E05011286"
"CB23 2SZ",10,532784,257381,"E92000001","E19000001","E18000006","E10000003","E07000012","E05011286"
"CB23 2TA",10,533070,257859,"E92000001","E19000001","E18000006","E10000003","E07000012","E05011286"
"CB23 2TB",10,533174,257633,"E92000001","E19000001","E18000006","E10000003","E07000012","E05011286"
"CB23 2TD",10,532479,258867,"E92000001","E19000001","E18000006","E10000003","E07000012","E05014031"
"CB23 2TE",10,533411,259370,"E92000001","E19000001","E18000006","E10000003","E07000012","E05014031"
"CB23 2TG",10,532277,256762,"E92000001","E19000001","E18000006","E10000003","E07000012","E05011286"
"CB23 2TH",10,532395,256562,"E92000001","E19000001","E18000006","E10000003","E07000012","E05011286"
"CB23 2TJ",10,532408,256761,"E92000001","E19000001","E18000006","E10000003","E07000012","E05011286"
"CB23 2TN",10,532231,256190,"E92000001","E19000001","E18000006","E10000003","E07000012","E05011286"
"CB23 2TQ",10,533675,258748,"E92000001","E19000001","E18000006","E10000003","E07000012","E05011286"
"CB23 2TR",10,532569,256400,"E92000001","E19000001","E18000006","E10000003","E07000012","E05011286"
"CB23 2TS",10,532617,256168,"E92000001","E19000001","E18000006","E10000003","E07000012","E05011286"
"CB23 2TT",10,533036,255811,"E92000001","E19000001","E18000006","E10000003","E07000012","E05011286"
"CB23 2TU",10,532641,256111,"E92000001","E19000001","E18000006","E10000003","E07000012","E05011286"
"CB23 2TX",10,532400,255731,"E92000001","E19000001","E18000006","E10000003","E07000012","E05011286"
"CB23 2TY",10,531616,255136,"E92000001","E19000001","E18000006","E10000003","E07000012","E05011286"
"CB23 2TZ",10,531484,254808,"E92000001","E19000001","E18000006","E10000003","E07000012","E05011286"
"CB23 2UA",10,532186,254162,"E92000001","E19000001","E18000006","E10000003","E07000012","E05011286"
"CB23 2UB",10,531414,254876,"E92000001","E19000001","E18000006","E10000003","E07000012","E05011286"
"CB23 2UF",10,531226,255596,"E92000001","E19000001","E18000006","E10000003","E07000012","E05011286"
"CB23 2UG",10,530811,255684,"E92000001","E19000001","E18000006","E10000003","E07000012","E05011286"
"CB23 2UH",10,530766,255647,"E92000001","E19000001","E18000006","E10000003","E07000012","E05011286"
"CB23 2UJ",10,530797,255323,"E92000001","E19000001","E18000006","E10000003","E07000012","E05011286"
"CB23 2UL",10,530925,255051,"E92000001","E19000001","E18000006","E10000003","E07000012","E05011286"
"CB23 2UN",10,530829,254873,"E92000001","E19000001","E18000006","E10000003","E07000012","E05011286"
"CB23 2UP",10,530487,253777,"E92000001","E19000001","E18000006","E10000003","E07000012","E05011286"
"CB23 2UR",10,529423,253444,"E92000001","E19000001","E18000006","E10000003","E07000012","E05011286"
"CB23 2UT",10,531679,254074,"E92000001","E19000001","E18000006","E10000003","E07000012","E05011286"
"CB23 2UU",10,531003,255279,"E92000001","E19000001","E18000006","E10000003","E07000012","E05011286"
"CB23 2WB",10,532419,256470,"E92000001","E19000001","E18000006","E10000003","E07000012","E05011286"
"CB23 2WH",10,536173,256081,"E92000001","E19000001","E18000006","E10000003","E07000012","E05011295"
"CB23 2YX",10,532419,256470,"E92000001","E19000001","E18000006","E10000003","E07000012","E05011286"
"CB23 3AA",10,528694,262356,"E92000001","E19000001","E18000006","E10000003","E07000012","E05014032"
"CB23 3AB",10,528644,262364,"E92000001","E19000001","E18000006","E10000003","E07000012","E05014032"
"CB23 3AD",10,528889,262184,"E92000001","E19000001","E18000006","E10000003","E07000012","E05014032"
"CB23 3AE",10,528776,262274,"E92000001","E19000001","E18000006","E10000003","E07000012","E05014032"
"CB23 3AF",10,528780,262137,"E92000001","E19000001","E18000006","E10000003","E07000012","E05014032"
"CB23 3AG",10,528692,262215,"E92000001","E19000001","E18000006","E10000003","E07000012","E05014032"
"CB23 3AH",10,528742,262364,"E92000001","E19000001","E18000006","E10000003","E07000012","E05014032"
"CB23 3AJ",10,528678,262422,"E92000001","E19000001","E18000006","E10000003","E07000012","E05014032"
"CB23 3AL",10,528692,262475,"E92000001","E19000001","E18000006","E10000003","E07000012","E05014032"
"CB23 3AN",10,528581,262447,"E92000001","E19000001","E18000006","E10000003","E07000012","E05014032"
"CB23 3AP",10,528553,262520,"E92000001","E19000001","E18000006","E10000003","E07000012","E05014032"
"CB23 3AQ",10,528562,262388,"E92000001","E19000001","E18000006","E10000003","E07000012","E05014032"
"CB23 3AR",10,528544,262459,"E92000001","E19000001","E18000006","E10000003","E07000012","E05014032"
"CB23 3AS",10,529763,260609,"E92000001","E19000001","E18000006","E10000003","E07000012","E05014031"
"CB23 3AT",10,528557,262617,"E92000001","E19000001","E18000006","E10000003","E07000012","E05014032"
"CB23 3AU",10,528573,262566,"E92000001","E19000001","E18000006","E10000003","E07000012","E05014032"
"CB23 3AW",10,528673,262572,"E92000001","E19000001","E18000006","E10000003","E07000012","E05014032"
"CB23 3AX",10,528448,262743,"E92000001","E19000001","E18000006","E10000003","E07000012","E05014032"
"CB23 3AY",10,528567,262786,"E92000001","E19000001","E18000006","E10000003","E07000012","E05014032"
"CB23 3AZ",10,528997,262086,"E92000001","E19000001","E18000006","E10000003","E07000012","E05014032"
"CB23 3BA",10,529968,258075,"E92000001","E19000001","E18000006","E10000003","E07000012","E05014032"
"CB23 3DJ",10,528382,263241,"E92000001","E19000001","E18000006","E10000003","E07000012","E05014032"
"CB23 3DL",10,528339,263341,"E92000001","E19000001","E18000006","E10000003","E07000012","E05014032"
"CB23 3FA",10,528360,262854,"E92000001","E19000001","E18000006","E10000003","E07000012","E05014032"
"CB23 3GJ",10,528200,263213,"E92000001","E19000001","E18000006","E10000003","E07000012","E05014032"
"CB23 3GL",10,528245,263161,"E92000001","E19000001","E18000006","E10000003","E07000012","E05014032"
"CB23 3GN",10,528126,263234,"E92000001","E19000001","E18000006","E10000003","E07000012","E05014032"
"CB23 3GP",10,528116,263108,"E92000001","E19000001","E18000006","E10000003","E07000012","E05014032"
"CB23 3GR",10,528095,263137,"E92000001","E19000001","E18000006","E10000003","E07000012","E05014032"
"CB23 3GS",10,528058,263223,"E92000001","E19000001","E18000006","E10000003","E07000012","E05014032"
"CB23 3GT",10,528709,263426,"E92000001","E19000001","E18000006","E10000003","E07000012","E05014032"
"CB23 3GU",10,528746,263457,"E92000001","E19000001","E18000006","E10000003","E07000012","E05014032"
"CB23 3GW",10,528162,263135,"E92000001","E19000001","E18000006","E10000003","E07000012","E05014032"
"CB23 3GX",10,529075,262200,"E92000001","E19000001","E18000006","E10000003","E07000012","E05014032"
"CB23 3GY",10,529145,262253,"E92000001","E19000001","E18000006","E10000003","E07000012","E05014032"
"CB23 3HJ",10,528361,262889,"E92000001","E19000001","E18000006","E10000003","E07000012","E05014032"
"CB23 3HR",10,528434,262889,"E92000001","E19000001","E18000006","E10000003","E07000012","E05014032"
"CB23 3HW",10,528402,262846,"E92000001","E19000001","E18000006","E10000003","E07000012","E05014032"
"CB23 3LE",10,528931,262392,"E92000001","E19000001","E18000006","E10000003","E07000012","E05014032"
"CB23 3LF",10,529033,262506,"E92000001","E19000001","E18000006","E10000003","E07000012","E05014032"
"CB23 3LG",10,528907,262438,"E92000001","E19000001","E18000006","E10000003","E07000012","E05014032"
"CB23 3LH",10,528835,262453,"E92000001","E19000001","E18000006","E10000003","E07000012","E05014032"
"CB23 3LQ",10,529017,262530,"E92000001","E19000001","E18000006","E10000003","E07000012","E05014032"
"CB23 3NX",10,528631,262994,"E92000001","E19000001","E18000006","E10000003","E07000012","E05014032"
"CB23 3NY",10,528696,262912,"E92000001","E19000001","E18000006","E10000003","E07000012","E05014032"
"CB23 3NZ",10,528679,262997,"E92000001","E19000001","E18000006","E10000003","E07000012","E05014032"
"CB23 3PA",10,530310,258708,"E92000001","E19000001","E18000006","E10000003","E07000012","E05014032"
"CB23 3PB",10,529082,261743,"E92000001","E19000001","E18000006","E10000003","E07000012","E05014032"
"CB23 3PD",10,528860,260844,"E92000001","E19000001","E18000006","E10000003","E07000012","E05014032"
"CB23 3PF",10,529175,260002,"E92000001","E19000001","E18000006","E10000003","E07000012","E05014032"
"CB23 3PG",10,530223,258918,"E92000001","E19000001","E18000006","E10000003","E07000012","E05014032"
"CB23 3PH",10,530345,260629,"E92000001","E19000001","E18000006","E10000003","E07000012","E05014031"
"CB23 3PJ",10,530111,258283,"E92000001","E19000001","E18000006","E10000003","E07000012","E05014032"
"CB23 3PL",10,530172,257903,"E92000001","E19000001","E18000006","E10000003","E07000012","E05014032"
"CB23 3PN",10,530577,257432,"E92000001","E19000001","E18000006","E10000003","E07000012","E05014032"
"CB23 3PP",10,530659,258033,"E92000001","E19000001","E18000006","E10000003","E07000012","E05014032"
"CB23 3PQ",10,530364,258372,"E92000001","E19000001","E18000006","E10000003","E07000012","E05014032"
"CB23 3PR",10,530323,258842,"E92000001","E19000001","E18000006","E10000003","E07000012","E05014032"
"CB23 3PS",10,530185,258504,"E92000001","E19000001","E18000006","E10000003","E07000012","E05014032"
"CB23 3PT",10,530250,258531,"E92000001","E19000001","E18000006","E10000003","E07000012","E05014032"
"CB23 3PW",10,530510,257948,"E92000001","E19000001","E18000006","E10000003","E07000012","E05014032"
"CB23 3PX",10,530218,257987,"E92000001","E19000001","E18000006","E10000003","E07000012","E05014032"
"CB23 3QA",10,528817,262435,"E92000001","E19000001","E18000006","E10000003","E07000012","E05014032"
"CB23 3QH",10,528621,263152,"E92000001","E19000001","E18000006","E10000003","E07000012","E05014032"
"CB23 3QJ",10,528614,263398,"E92000001","E19000001","E18000006","E10000003","E07000012","E05014032"
"CB23 3QL",10,529174,262751,"E92000001","E19000001","E18000006","E10000003","E07000012","E05014032"
"CB23 3QN",10,528395,262789,"E92000001","E19000001","E18000006","E10000003","E07000012","E05014032"
"CB23 3QQ",10,528603,263213,"E92000001","E19000001","E18000006","E10000003","E07000012","E05014032"
"CB23 3QU",10,526842,264454,"E92000001","E19000001","E18000006","E10000003","E07000012","E05014032"
"CB23 3QW",10,528441,262829,"E92000001","E19000001","E18000006","E10000003","E07000012","E05014032"
"CB23 3QX",10,527441,263458,"E92000001","E19000001","E18000006","E10000003","E07000012","E05014032"
"CB23 3QZ",10,526897,264506,"E92000001","E19000001","E18000006","E10000003","E07000012","E05014032"
"CB23 3RA",10,528364,262796,"E92000001","E19000001","E18000006","E10000003","E07000012","E05014032"
"CB23 3RB",10,528477,262920,"E92000001","E19000001","E18000006","E10000003","E07000012","E05014032"
"CB23 3RD",10,528636,262834,"E92000001","E19000001","E18000006","E10000003","E07000012","E05014032"
"CB23 3RF",10,528582,262923,"E92000001","E19000001","E18000006","E10000003","E07000012","E05014032"
"CB23 3RH",10,528477,263038,"E92000001","E19000001","E18000006","E10000003","E07000012","E05014032"
"CB23 3RJ",10,528320,263521,"E92000001","E19000001","E18000006","E10000003","E07000012","E05014032"
"CB23 3RL",10,528445,263548,"E92000001","E19000001","E18000006","E10000003","E07000012","E05014032"
"CB23 3RN",10,528392,263606,"E92000001","E19000001","E18000006","E10000003","E07000012","E05014032"
"CB23 3RP",10,528508,263616,"E92000001","E19000001","E18000006","E10000003","E07000012","E05014032"
"CB23 3RR",10,528406,263173,"E92000001","E19000001","E18000006","E10000003","E07000012","E05014032"
"CB23 3RS",10,528400,262916,"E92000001","E19000001","E18000006","E10000003","E07000012","E05014032"
"CB23 3RT",10,528301,263184,"E92000001","E19000001","E18000006","E10000003","E07000012","E05014032"
"CB23 3RU",10,528376,263062,"E92000001","E19000001","E18000006","E10000003","E07000012","E05014032"
"CB23 3RW",10,528452,263684,"E92000001","E19000001","E18000006","E10000003","E07000012","E05014032"
"CB23 3RX",10,528342,262985,"E92000001","E19000001","E18000006","E10000003","E07000012","E05014032"
"CB23 3RY",10,528417,263023,"E92000001","E19000001","E18000006","E10000003","E07000012","E05014032"
"CB23 3RZ",10,528595,263000,"E92000001","E19000001","E18000006","E10000003","E07000012","E05014032"
"CB23 3TH",10,528255,263536,"E92000001","E19000001","E18000006","E10000003","E07000012","E05014032"
"CB23 3UG",10,528796,263027,"E92000001","E19000001","E18000006","E10000003","E07000012","E05014032"
"CB23 3UH",10,528872,263023,"E92000001","E19000001","E18000006","E10000003","E07000012","E05014032"
"CB23 3UJ",10,528776,262968,"E92000001","E19000001","E18000006","E10000003","E07000012","E05014032"
"CB23 3UL",10,528740,263023,"E92000001","E19000001","E18000006","E10000003","E07000012","E05014032"
"CB23 3UN",10,528694,263120,"E92000001","E19000001","E18000006","E10000003","E07000012","E05014032"
"CB23 3UP",10,528806,263210,"E92000001","E19000001","E18000006","E10000003","E07000012","E05014032"
"CB23 3UQ",10,528837,263129,"E92000001","E19000001","E18000006","E10000003","E07000012","E05014032"
"CB23 3UT",10,528875,263213,"E92000001","E19000001","E18000006","E10000003","E07000012","E05014032"
"CB23 3UU",10,528892,263126,"E92000001","E19000001","E18000006","E10000003","E07000012","E05014032"
"CB23 3UW",10,528494,262661,"E92000001","E19000001","E18000006","E10000003","E07000012","E05014032"
"CB23 3UY",10,528527,263102,"E92000001","E19000001","E18000006","E10000003","E07000012","E05014032"
"CB23 3XH",10,528286,262886,"E92000001","E19000001","E18000006","E10000003","E07000012","E05014032"
"CB23 3XJ",10,528289,263039,"E92000001","E19000001","E18000006","E10000003","E07000012","E05014032"
"CB23 3XL",10,528228,262905,"E92000001","E19000001","E18000006","E10000003","E07000012","E05014032"
"CB23 3XN",10,528219,262953,"E92000001","E19000001","E18000006","E10000003","E07000012","E05014032"
"CB23 3XP",10,528149,263324,"E92000001","E19000001","E18000006","E10000003","E07000012","E05014032"
"CB23 3XQ",10,528259,263306,"E92000001","E19000001","E18000006","E10000003","E07000012","E05014032"
"CB23 3XT",10,528214,262805,"E92000001","E19000001","E18000006","E10000003","E07000012","E05014032"
"CB23 3XU",10,528175,262947,"E92000001","E19000001","E18000006","E10000003","E07000012","E05014032"
"CB23 3XW",10,528252,262881,"E92000001","E19000001","E18000006","E10000003","E07000012","E05014032"
"CB23 3XY",10,528204,263028,"E92000001","E19000001","E18000006","E10000003","E07000012","E05014032"
"CB23 3YZ",10,528529,263077,"E92000001","E19000001","E18000006","E10000003","E07000012","E05014032"
"CB23 4AB",50,535969,265286,"E92000001","E19000001","E18000006","E10000003","E07000012","E05014032"
"CB23 4EY",10,531406,263392,"E92000001","E19000001","E18000006","E10000003","E07000012","E05014032"
"CB23 4GB",10,532009,263666,"E92000001","E19000001","E18000006","E10000003","E07000012","E05014032"
"CB23 4GG",10,533101,261876,"E92000001","E19000001","E18000006","E10000003","E07000012","E05014032"
"CB23 4HS",10,531390,263982,"E92000001","E19000001","E18000006","E10000003","E07000012","E05014032"
"CB23 4HT",10,531778,263588,"E92000001","E19000001","E18000006","E10000003","E07000012","E05014032"
"CB23 4HU",10,531853,263439,"E92000001","E19000001","E18000006","E10000003","E07000012","E05014032"
"CB23 4HX",10,531785,263495,"E92000001","E19000001","E18000006","E10000003","E07000012","E05014032"
"CB23 4HY",10,531573,263671,"E92000001","E19000001","E18000006","E10000003","E07000012","E05014032"
"CB23 4HZ",10,530207,263937,"E92000001","E19000001","E18000006","E10000003","E07000012","E05014032"
"CB23 4JA",10,530147,264682,"E92000001","E19000001","E18000006","E10000003","E07000012","E05014032"
"CB23 4JB",10,529247,264182,"E92000001","E19000001","E18000006","E10000003","E07000012","E05014032"
"CB23 4JD",10,531343,263720,"E92000001","E19000001","E18000006","E10000003","E07000012","E05014032"
"CB23 4JE",10,531562,263811,"E92000001","E19000001","E18000006","E10000003","E07000012","E05014032"
"CB23 4JF",10,531648,263738,"E92000001","E19000001","E18000006","E10000003","E07000012","E05014032"
"CB23 4JG",10,531723,263780,"E92000001","E19000001","E18000006","E10000003","E07000012","E05014032"
"CB23 4JH",10,531748,263651,"E92000001","E19000001","E18000006","E10000003","E07000012","E05014032"
"CB23 4JJ",10,531834,263813,"E92000001","E19000001","E18000006","E10000003","E07000012","E05014032"
"CB23 4JL",10,531842,263884,"E92000001","E19000001","E18000006","E10000003","E07000012","E05014032"
"CB23 4JN",10,531945,263659,"E92000001","E19000001","E18000006","E10000003","E07000012","E05014032"
"CB23 4JP",10,532071,263631,"E92000001","E19000001","E18000006","E10000003","E07000012","E05014032"
"CB23 4JQ",10,531935,263761,"E92000001","E19000001","E18000006","E10000003","E07000012","E05014032"
"CB23 4JR",10,531620,263623,"E92000001","E19000001","E18000006","E10000003","E07000012","E05014032"
"CB23 4JS",10,531629,263416,"E92000001","E19000001","E18000006","E10000003","E07000012","E05014032"
"CB23 4JT",10,531625,263514,"E92000001","E19000001","E18000006","E10000003","E07000012","E05014032"
"CB23 4JU",10,530540,261192,"E92000001","E19000001","E18000006","E10000003","E07000012","E05014032"
"CB23 4JX",10,531453,260816,"E92000001","E19000001","E18000006","E10000003","E07000012","E05014032"
"CB23 4JY",10,531625,260412,"E92000001","E19000001","E18000006","E10000003","E07000012","E05014032"
"CB23 4JZ",10,532084,260942,"E92000001","E19000001","E18000006","E10000003","E07000012","E05014032"
"CB23 4LA",10,531938,260145,"E92000001","E19000001","E18000006","E10000003","E07000012","E05014031"
"CB23 4LB",10,532646,260188,"E92000001","E19000001","E18000006","E10000003","E07000012","E05014032"
"CB23 4LJ",10,532263,263883,"E92000001","E19000001","E18000006","E10000003","E07000012","E05014032"
"CB23 4LL",10,532671,264132,"E92000001","E19000001","E18000006","E10000003","E07000012","E05014032"
"CB23 4LN",10,532449,266285,"E92000001","E19000001","E18000006","E10000003","E07000012","E05014032"
"CB23 4LP",10,532216,266209,"E92000001","E19000001","E18000006","E10000003","E07000012","E05014032"
"CB23 4LR",10,531896,266001,"E92000001","E19000001","E18000006","E10000003","E07000012","E05014032"
"CB23 4LS",10,534718,264117,"E92000001","E19000001","E18000006","E10000003","E07000012","E05014032"
"CB23 4LT",10,532104,266411,"E92000001","E19000001","E18000006","E10000003","E07000012","E05014032"
"CB23 4LU",10,532980,266764,"E92000001","E19000001","E18000006","E10000003","E07000012","E05014032"
"CB23 4LW",10,532344,266461,"E92000001","E19000001","E18000006","E10000003","E07000012","E05014032"
"CB23 4LX",10,534325,264052,"E92000001","E19000001","E18000006","E10000003","E07000012","E05014032"
"CB23 4LY",10,534707,264186,"E92000001","E19000001","E18000006","E10000003","E07000012","E05014032"
"CB23 4LZ",10,534858,264457,"E92000001","E19000001","E18000006","E10000003","E07000012","E05014032"
"CB23 4NA",10,534556,264069,"E92000001","E19000001","E18000006","E10000003","E07000012","E05014032"
"CB23 4NB",10,534816,264194,"E92000001","E19000001","E18000006","E10000003","E07000012","E05014032"
"CB23 4ND",10,534816,264318,"E92000001","E19000001","E18000006","E10000003","E07000012","E05014032"
"CB23 4NE",10,534760,264247,"E92000001","E19000001","E18000006","E10000003","E07000012","E05014032"
"CB23 4NF",10,535079,264549,"E92000001","E19000001","E18000006","E10000003","E07000012","E05014032"
"CB23 4NG",10,535000,264881,"E92000001","E19000001","E18000006","E10000003","E07000012","E05014032"
"CB23 4NH",10,534441,263474,"E92000001","E19000001","E18000006","E10000003","E07000012","E05014032"
"CB23 4NJ",10,534518,262578,"E92000001","E19000001","E18000006","E10000003","E07000012","E05014032"
"CB23 4NL",10,534397,261782,"E92000001","E19000001","E18000006","E10000003","E07000012","E05014032"
"CB23 4NN",10,534460,263431,"E92000001","E19000001","E18000006","E10000003","E07000012","E05014032"
"CB23 4NP",10,533364,263068,"E92000001","E19000001","E18000006","E10000003","E07000012","E05014032"
"CB23 4NQ",10,534439,263961,"E92000001","E19000001","E18000006","E10000003","E07000012","E05014032"
"CB23 4NR",10,533395,262680,"E92000001","E19000001","E18000006","E10000003","E07000012","E05014032"
"CB23 4NS",10,533280,260832,"E92000001","E19000001","E18000006","E10000003","E07000012","E05014032"
"CB23 4NT",10,533437,259994,"E92000001","E19000001","E18000006","E10000003","E07000012","E05014032"
"CB23 4NU",10,534513,266277,"E92000001","E19000001","E18000006","E10000003","E07000012","E05014032"
"CB23 4NW",10,533637,263099,"E92000001","E19000001","E18000006","E10000003","E07000012","E05014032"
"CB23 4WB",10,531778,263552,"E92000001","E19000001","E18000006","E10000003","E07000012","E05014032"
"CB23 4WU",10,535969,265286,"E92000001","E19000001","E18000006","E10000003","E07000012","E05014032"
"CB23 5AB",10,531685,259448,"E92000001","E19000001","E18000006","E10000003","E07000012","E05014031"
"CB23 5AD",10,531618,259403,"E92000001","E19000001","E18000006","E10000003","E07000012","E05014031"
"CB23 5AE",10,531740,259380,"E92000001","E19000001","E18000006","E10000003","E07000012","E05014031"
"CB23 5AF",10,532206,258848,"E92000001","E19000001","E18000006","E10000003","E07000012","E05014031"
"CB23 5AP",10,531853,259214,"E92000001","E19000001","E18000006","E10000003","E07000012","E05014031"
"CB23 5AR",10,531968,259397,"E92000001","E19000001","E18000006","E10000003","E07000012","E05014031"
"CB23 5AS",10,531914,259380,"E92000001","E19000001","E18000006","E10000003","E07000012","E05014031"
"CB23 5AT",10,531907,259318,"E92000001","E19000001","E18000006","E10000003","E07000012","E05014031"
"CB23 5AU",10,531945,259314,"E92000001","E19000001","E18000006","E10000003","E07000012","E05014031"
"CB23 5AW",10,531827,259232,"E92000001","E19000001","E18000006","E10000003","E07000012","E05014031"
"CB23 5AX",10,531881,259456,"E92000001","E19000001","E18000006","E10000003","E07000012","E05014031"
"CB23 5BH",10,531662,259042,"E92000001","E19000001","E18000006","E10000003","E07000012","E05014031"
"CB23 5BL",10,532027,259440,"E92000001","E19000001","E18000006","E10000003","E07000012","E05014031"
"CB23 5BN",10,531314,259367,"E92000001","E19000001","E18000006","E10000003","E07000012","E05014031"
"CB23 5BP",10,531814,259071,"E92000001","E19000001","E18000006","E10000003","E07000012","E05014031"
"CB23 5BQ",10,531760,259243,"E92000001","E19000001","E18000006","E10000003","E07000012","E05014031"
"CB23 5DG",10,531314,259521,"E92000001","E19000001","E18000006","E10000003","E07000012","E05014031"
"CB23 5DJ",10,530958,259290,"E92000001","E19000001","E18000006","E10000003","E07000012","E05014031"
"CB23 5DQ",10,531455,259528,"E92000001","E19000001","E18000006","E10000003","E07000012","E05014031"
"CB23 5DR",10,531040,259297,"E92000001","E19000001","E18000006","E10000003","E07000012","E05014031"
"CB23 5DT",10,532039,258791,"E92000001","E19000001","E18000006","E10000003","E07000012","E05014031"
"CB23 5DU",10,532065,258912,"E92000001","E19000001","E18000006","E10000003","E07000012","E05014031"
"CB23 5DX",10,531282,259450,"E92000001","E19000001","E18000006","E10000003","E07000012","E05014031"
"CB23 5DY",10,532027,258855,"E92000001","E19000001","E18000006","E10000003","E07000012","E05014031"
"CB23 5DZ",10,531415,259481,"E92000001","E19000001","E18000006","E10000003","E07000012","E05014031"
"CB23 5EB",10,531128,259179,"E92000001","E19000001","E18000006","E10000003","E07000012","E05014031"
"CB23 5ED",10,531081,259203,"E92000001","E19000001","E18000006","E10000003","E07000012","E05014031"
"CB23 5EE",10,531045,259247,"E92000001","E19000001","E18000006","E10000003","E07000012","E05014031"
"CB23 5EF",10,531713,258993,"E92000001","E19000001","E18000006","E10000003","E07000012","E05014031"
"CB23 5EG",10,531924,259076,"E92000001","E19000001","E18000006","E10000003","E07000012","E05014031"
"CB23 5EH",10,531933,259127,"E92000001","E19000001","E18000006","E10000003","E07000012","E05014031"
"CB23 5EJ",10,531412,259443,"E92000001","E19000001","E18000006","E10000003","E07000012","E05014031"
"CB23 5EN",10,531234,259249,"E92000001","E19000001","E18000006","E10000003","E07000012","E05014031"
"CB23 5EP",10,531184,259187,"E92000001","E19000001","E18000006","E10000003","E07000012","E05014031"
"CB23 5EQ",10,531162,259246,"E92000001","E19000001","E18000006","E10000003","E07000012","E05014031"
"CB23 5FA",10,531951,258827,"E92000001","E19000001","E18000006","E10000003","E07000012","E05014031"
"CB23 5FJ",10,531926,258999,"E92000001","E19000001","E18000006","E10000003","E07000012","E05014031"
"CB23 5FL",10,531956,259048,"E92000001","E19000001","E18000006","E10000003","E07000012","E05014031"
"CB23 5FN",10,531923,258880,"E92000001","E19000001","E18000006","E10000003","E07000012","E05014031"
"CB23 5FP",10,532008,259032,"E92000001","E19000001","E18000006","E10000003","E07000012","E05014031"
"CB23 5FR",10,531926,258957,"E92000001","E19000001","E18000006","E10000003","E07000012","E05014031"
"CB23 5FS",10,531848,258944,"E92000001","E19000001","E18000006","E10000003","E07000012","E05014031"
"CB23 5FW",10,530984,259423,"E92000001","E19000001","E18000006","E10000003","E07000012","E05014031"
"CB23 5FX",10,531029,259354,"E92000001","E19000001","E18000006","E10000003","E07000012","E05014031"
"CB23 5HS",10,532068,260022,"E92000001","E19000001","E18000006","E10000003","E07000012","E05014031"
"CB23 5HT",10,531805,258881,"E92000001","E19000001","E18000006","E10000003","E07000012","E05014031"
"CB23 5HU",10,531710,258885,"E92000001","E19000001","E18000006","E10000003","E07000012","E05014031"
"CB23 5HW",10,531773,258885,"E92000001","E19000001","E18000006","E10000003","E07000012","E05014031"
"CB23 5HX",10,532054,260034,"E92000001","E19000001","E18000006","E10000003","E07000012","E05014031"
"CB23 5HY",10,532017,260039,"E92000001","E19000001","E18000006","E10000003","E07000012","E05014031"
"CB23 5HZ",10,531999,260060,"E92000001","E19000001","E18000006","E10000003","E07000012","E05014031"
"CB23 5JA",10,532138,258982,"E92000001","E19000001","E18000006","E10000003","E07000012","E05014031"
"CB23 5JB",10,531927,258786,"E92000001","E19000001","E18000006","E10000003","E07000012","E05014031"
"CB23 5JD",10,531827,258820,"E92000001","E19000001","E18000006","E10000003","E07000012","E05014031"
"CB23 5JE",10,531825,258763,"E92000001","E19000001","E18000006","E10000003","E07000012","E05014031"
"CB23 5JF",10,532175,259028,"E92000001","E19000001","E18000006","E10000003","E07000012","E05014031"
"CB23 5JG",10,532232,258947,"E92000001","E19000001","E18000006","E10000003","E07000012","E05014031"
"CB23 5JH",10,532382,259564,"E92000001","E19000001","E18000006","E10000003","E07000012","E05014031"
"CB23 5JJ",10,532128,258918,"E92000001","E19000001","E18000006","E10000003","E07000012","E05014031"
"CB23 5JL",10,532140,258827,"E92000001","E19000001","E18000006","E10000003","E07000012","E05014031"
"CB23 5JQ",10,531707,259179,"E92000001","E19000001","E18000006","E10000003","E07000012","E05014031"
"CB23 5JR",10,531761,259112,"E92000001","E19000001","E18000006","E10000003","E07000012","E05014031"
"CB23 5JS",10,531583,258836,"E92000001","E19000001","E18000006","E10000003","E07000012","E05014031"
"CB23 5JT",10,531758,258928,"E92000001","E19000001","E18000006","E10000003","E07000012","E05014031"
"CB23 5JU",10,531882,258880,"E92000001","E19000001","E18000006","E10000003","E07000012","E05014031"
"CB23 6AA",10,532217,259119,"E92000001","E19000001","E18000006","E10000003","E07000012","E05014031"
"CB23 6AB",10,532219,259167,"E92000001","E19000001","E18000006","E10000003","E07000012","E05014031"
"CB23 6AD",10,532215,259232,"E92000001","E19000001","E18000006","E10000003","E07000012","E05014031"
"CB23 6AE",10,532298,259231,"E92000001","E19000001","E18000006","E10000003","E07000012","E05014031"
"CB23 6AF",10,532270,259283,"E92000001","E19000001","E18000006","E10000003","E07000012","E05014031"
"CB23 6AG",10,532150,259288,"E92000001","E19000001","E18000006","E10000003","E07000012","E05014031"
"CB23 6AH",10,532064,259320,"E92000001","E19000001","E18000006","E10000003","E07000012","E05014031"
"CB23 6AJ",10,532001,259306,"E92000001","E19000001","E18000006","E10000003","E07000012","E05014031"
"CB23 6AL",10,532100,259385,"E92000001","E19000001","E18000006","E10000003","E07000012","E05014031"
"CB23 6AN",10,532136,259331,"E92000001","E19000001","E18000006","E10000003","E07000012","E05014031"
"CB23 6AP",10,532976,259543,"E92000001","E19000001","E18000006","E10000003","E07000012","E05014031"
"CB23 6AQ",10,532092,259263,"E92000001","E19000001","E18000006","E10000003","E07000012","E05014031"
"CB23 6AR",10,532926,259700,"E92000001","E19000001","E18000006","E10000003","E07000012","E05014031"
"CB23 6AS",10,532841,259425,"E92000001","E19000001","E18000006","E10000003","E07000012","E05014031"
"CB23 6AT",10,532876,259480,"E92000001","E19000001","E18000006","E10000003","E07000012","E05014031"
"CB23 6AU",10,532904,259535,"E92000001","E19000001","E18000006","E10000003","E07000012","E05014031"
"CB23 6AW",10,532848,259623,"E92000001","E19000001","E18000006","E10000003","E07000012","E05014031"
"CB23 6AX",10,532988,259648,"E92000001","E19000001","E18000006","E10000003","E07000012","E05014031"
"CB23 6AZ",10,532358,259422,"E92000001","E19000001","E18000006","E10000003","E07000012","E05014031"
"CB23 6BA",10,532332,259463,"E92000001","E19000001","E18000006","E10000003","E07000012","E05014031"
"CB23 6BB",10,532281,259355,"E92000001","E19000001","E18000006","E10000003","E07000012","E05014031"
"CB23 6BD",10,532269,259500,"E92000001","E19000001","E18000006","E10000003","E07000012","E05014031"
"CB23 6BE",10,532271,259412,"E92000001","E19000001","E18000006","E10000003","E07000012","E05014031"
"CB23 6BF",10,532461,259422,"E92000001","E19000001","E18000006","E10000003","E07000012","E05014031"
"CB23 6BG",10,532439,259282,"E92000001","E19000001","E18000006","E10000003","E07000012","E05014031"
"CB23 6BH",10,533062,259674,"E92000001","E19000001","E18000006","E10000003","E07000012","E05014031"
"CB23 6BJ",10,532018,259511,"E92000001","E19000001","E18000006","E10000003","E07000012","E05014031"
"CB23 6BL",10,533006,259780,"E92000001","E19000001","E18000006","E10000003","E07000012","E05014031"
"CB23 6BN",10,532843,259770,"E92000001","E19000001","E18000006","E10000003","E07000012","E05014031"
"CB23 6BP",10,532815,259737,"E92000001","E19000001","E18000006","E10000003","E07000012","E05014031"
"CB23 6BQ",10,533025,259714,"E92000001","E19000001","E18000006","E10000003","E07000012","E05014031"
"CB23 6BS",10,531253,259494,"E92000001","E19000001","E18000006","E10000003","E07000012","E05014031"
"CB23 6BT",10,531186,259591,"E92000001","E19000001","E18000006","E10000003","E07000012","E05014031"
"CB23 6BU",10,531444,259592,"E92000001","E19000001","E18000006","E10000003","E07000012","E05014031"
"CB23 6BW",10,532032,259922,"E92000001","E19000001","E18000006","E10000003","E07000012","E05014031"
"CB23 6BX",10,531407,259633,"E92000001","E19000001","E18000006","E10000003","E07000012","E05014031"
"CB23 6BY",10,531315,259697,"E92000001","E19000001","E18000006","E10000003","E07000012","E05014031"
"CB23 6BZ",10,531320,259621,"E92000001","E19000001","E18000006","E10000003","E07000012","E05014031"
"CB23 6DB",10,531484,259625,"E92000001","E19000001","E18000006","E10000003","E07000012","E05014031"
"CB23 6DD",10,531528,259587,"E92000001","E19000001","E18000006","E10000003","E07000012","E05014031"
"CB23 6DE",10,531236,259570,"E92000001","E19000001","E18000006","E10000003","E07000012","E05014031"
"CB23 6DF",10,531362,259560,"E92000001","E19000001","E18000006","E10000003","E07000012","E05014031"
"CB23 6DG",10,533064,259724,"E92000001","E19000001","E18000006","E10000003","E07000012","E05014031"
"CB23 6DH",10,531870,259647,"E92000001","E19000001","E18000006","E10000003","E07000012","E05014031"
"CB23 6DJ",10,532902,259789,"E92000001","E19000001","E18000006","E10000003","E07000012","E05014031"
"CB23 6DL",10,530876,259314,"E92000001","E19000001","E18000006","E10000003","E07000012","E05014031"
"CB23 6DP",10,531775,259839,"E92000001","E19000001","E18000006","E10000003","E07000012","E05014031"
"CB23 6DQ",10,532960,259819,"E92000001","E19000001","E18000006","E10000003","E07000012","E05014031"
"CB23 6DR",10,533048,259575,"E92000001","E19000001","E18000006","E10000003","E07000012","E05014031"
"CB23 6DS",10,530860,259398,"E92000001","E19000001","E18000006","E10000003","E07000012","E05014031"
"CB23 6DT",10,530935,259392,"E92000001","E19000001","E18000006","E10000003","E07000012","E05014031"
"CB23 6DU",10,532909,259310,"E92000001","E19000001","E18000006","E10000003","E07000012","E05014031"
"CB23 6DW",10,531624,260019,"E92000001","E19000001","E18000006","E10000003","E07000012","E05014031"
"CB23 6DX",10,531955,259689,"E92000001","E19000001","E18000006","E10000003","E07000012","E05014031"
"CB23 6DY",10,533111,259242,"E92000001","E19000001","E18000006","E10000003","E07000012","E05014031"
"CB23 6DZ",10,532508,259634,"E92000001","E19000001","E18000006","E10000003","E07000012","E05014031"
"CB23 6EA",10,531405,260070,"E92000001","E19000001","E18000006","E10000003","E07000012","E05014031"
"CB23 6ED",10,533290,259755,"E92000001","E19000001","E18000006","E10000003","E07000012","E05014031"
"CB23 6EE",10,533016,259823,"E92000001","E19000001","E18000006","E10000003","E07000012","E05014031"
"CB23 6EF",10,531286,260243,"E92000001","E19000001","E18000006","E10000003","E07000012","E05014031"
"CB23 6EH",10,532504,259341,"E92000001","E19000001","E18000006","E10000003","E07000012","E05014031"
"CB23 6EJ",10,533125,259553,"E92000001","E19000001","E18000006","E10000003","E07000012","E05014031"
"CB23 6EL",10,531886,259584,"E92000001","E19000001","E18000006","E10000003","E07000012","E05014031"
"CB23 6EN",10,533187,259549,"E92000001","E19000001","E18000006","E10000003","E07000012","E05014031"
"CB23 6EP",10,533266,259659,"E92000001","E19000001","E18000006","E10000003","E07000012","E05014031"
"CB23 6EQ",10,532740,259714,"E92000001","E19000001","E18000006","E10000003","E07000012","E05014031"
"CB23 6ER",10,531117,259735,"E92000001","E19000001","E18000006","E10000003","E07000012","E05014031"
"CB23 6ES",10,531160,259769,"E92000001","E19000001","E18000006","E10000003","E07000012","E05014031"
"CB23 6ET",10,531085,259710,"E92000001","E19000001","E18000006","E10000003","E07000012","E05014031"
"CB23 6EU",10,531176,259753,"E92000001","E19000001","E18000006","E10000003","E07000012","E05014031"
"CB23 6EW",10,531254,259749,"E92000001","E19000001","E18000006","E10000003","E07000012","E05014031"
"CB23 6EX",10,531198,259701,"E92000001","E19000001","E18000006","E10000003","E07000012","E05014031"
"CB23 6EY",10,531966,259636,"E92000001","E19000001","E18000006","E10000003","E07000012","E05014031"
"CB23 6FA",10,533018,259214,"E92000001","E19000001","E18000006","E10000003","E07000012","E05014031"
"CB23 6FB",10,531021,259479,"E92000001","E19000001","E18000006","E10000003","E07000012","E05014031"
"CB23 6FD",10,530968,259455,"E92000001","E19000001","E18000006","E10000003","E07000012","E05014031"
"CB23 6FE",10,531035,259563,"E92000001","E19000001","E18000006","E10000003","E07000012","E05014031"
"CB23 6FF",10,530947,259532,"E92000001","E19000001","E18000006","E10000003","E07000012","E05014031"
"CB23 6FG",10,531103,259585,"E92000001","E19000001","E18000006","E10000003","E07000012","E05014031"
"CB23 6FH",10,531118,259510,"E92000001","E19000001","E18000006","E10000003","E07000012","E05014031"
"CB23 6FJ",10,533144,259402,"E92000001","E19000001","E18000006","E10000003","E07000012","E05014031"
"CB23 6FL",10,533269,259497,"E92000001","E19000001","E18000006","E10000003","E07000012","E05014031"
"CB23 6FN",10,533230,259422,"E92000001","E19000001","E18000006","E10000003","E07000012","E05014031"
"CB23 6FP",10,532902,258985,"E92000001","E19000001","E18000006","E10000003","E07000012","E05014031"
"CB23 6FQ",10,531020,259640,"E92000001","E19000001","E18000006","E10000003","E07000012","E05014031"
"CB23 6FR",10,531051,259895,"E92000001","E19000001","E18000006","E10000003","E07000012","E05014031"
"CB23 6FS",10,533040,259179,"E92000001","E19000001","E18000006","E10000003","E07000012","E05014031"
"CB23 6FT",10,531078,259515,"E92000001","E19000001","E18000006","E10000003","E07000012","E05014031"
"CB23 6FU",10,532916,259182,"E92000001","E19000001","E18000006","E10000003","E07000012","E05014031"
"CB23 6FW",10,533009,259119,"E92000001","E19000001","E18000006","E10000003","E07000012","E05014031"
"CB23 6FX",10,532255,259833,"E92000001","E19000001","E18000006","E10000003","E07000012","E05014031"
"CB23 6FY",10,532275,259772,"E92000001","E19000001","E18000006","E10000003","E07000012","E05014031"
"CB23 6FZ",10,532453,259726,"E92000001","E19000001","E18000006","E10000003","E07000012","E05014031"
"CB23 6GA",10,532393,259751,"E92000001","E19000001","E18000006","E10000003","E07000012","E05014031"
"CB23 6GB",10,532258,259965,"E92000001","E19000001","E18000006","E10000003","E07000012","E05014031"
"CB23 6GD",10,532173,260021,"E92000001","E19000001","E18000006","E10000003","E07000012","E05014031"
"CB23 6GE",10,532161,259896,"E92000001","E19000001","E18000006","E10000003","E07000012","E05014031"
"CB23 6GF",10,532127,259962,"E92000001","E19000001","E18000006","E10000003","E07000012","E05014031"
"CB23 6GG",10,532358,259709,"E92000001","E19000001","E18000006","E10000003","E07000012","E05014031"
"CB23 6GH",10,532133,260006,"E92000001","E19000001","E18000006","E10000003","E07000012","E05014031"
"CB23 6GJ",10,532206,259983,"E92000001","E19000001","E18000006","E10000003","E07000012","E05014031"
"CB23 6GL",10,532194,260097,"E92000001","E19000001","E18000006","E10000003","E07000012","E05014031"
"CB23 6GN",10,532352,259994,"E92000001","E19000001","E18000006","E10000003","E07000012","E05014031"
"CB23 6GP",10,532282,260068,"E92000001","E19000001","E18000006","E10000003","E07000012","E05014031"
"CB23 6GQ",10,532389,259693,"E92000001","E19000001","E18000006","E10000003","E07000012","E05014031"
"CB23 6GR",10,532235,259923,"E92000001","E19000001","E18000006","E10000003","E07000012","E05014031"
"CB23 6GS",10,532325,259977,"E92000001","E19000001","E18000006","E10000003","E07000012","E05014031"
"CB23 6GT",10,532328,260085,"E92000001","E19000001","E18000006","E10000003","E07000012","E05014031"
"CB23 6GU",10,532257,260095,"E92000001","E19000001","E18000006","E10000003","E07000012","E05014031"
"CB23 6GW",10,532359,259630,"E92000001","E19000001","E18000006","E10000003","E07000012","E05014031"
"CB23 6GX",10,532060,259557,"E92000001","E19000001","E18000006","E10000003","E07000012","E05014031"
"CB23 6GY",10,531225,259636,"E92000001","E19000001","E18000006","E10000003","E07000012","E05014031"
"CB23 6GZ",10,532295,259105,"E92000001","E19000001","E18000006","E10000003","E07000012","E05014031"
"CB23 6HA",10,532407,259054,"E92000001","E19000001","E18000006","E10000003","E07000012","E05014031"
"CB23 6HB",10,532257,259607,"E92000001","E19000001","E18000006","E10000003","E07000012","E05014031"
"CB23 6HE",10,531865,259763,"E92000001","E19000001","E18000006","E10000003","E07000012","E05014031"
"CB23 6HF",10,531887,259756,"E92000001","E19000001","E18000006","E10000003","E07000012","E05014031"
"CB23 6HG",10,531903,259729,"E92000001","E19000001","E18000006","E10000003","E07000012","E05014031"
"CB23 6HH",10,531938,259668,"E92000001","E19000001","E18000006","E10000003","E07000012","E05014031"
"CB23 6HJ",10,531914,259708,"E92000001","E19000001","E18000006","E10000003","E07000012","E05014031"
"CB23 6HL",10,532218,259603,"E92000001","E19000001","E18000006","E10000003","E07000012","E05014031"
"CB23 6HN",10,532333,259096,"E92000001","E19000001","E18000006","E10000003","E07000012","E05014031"
"CB23 6HP",10,532198,259887,"E92000001","E19000001","E18000006","E10000003","E07000012","E05014031"
"CB23 6HQ",10,532180,259821,"E92000001","E19000001","E18000006","E10000003","E07000012","E05014031"
"CB23 6HR",10,532236,259792,"E92000001","E19000001","E18000006","E10000003","E07000012","E05014031"
"CB23 6HS",10,532832,259314,"E92000001","E19000001","E18000006","E10000003","E07000012","E05014031"
"CB23 6HT",10,532841,259258,"E92000001","E19000001","E18000006","E10000003","E07000012","E05014031"
"CB23 6HU",10,532875,259331,"E92000001","E19000001","E18000006","E10000003","E07000012","E05014031"
"CB23 6HW",10,532976,259083,"E92000001","E19000001","E18000006","E10000003","E07000012","E05014031"
"CB23 6HX",10,532797,258995,"E92000001","E19000001","E18000006","E10000003","E07000012","E05014031"
"CB23 6HY",10,532829,258937,"E92000001","E19000001","E18000006","E10000003","E07000012","E05014031"
"CB23 6HZ",10,532781,258865,"E92000001","E19000001","E18000006","E10000003","E07000012","E05014031"
"CB23 6JA",10,532763,258963,"E92000001","E19000001","E18000006","E10000003","E07000012","E05014031"
"CB23 6JB",10,533405,259683,"E92000001","E19000001","E18000006","E10000003","E07000012","E05014031"
"CB23 6JD",10,533313,259723,"E92000001","E19000001","E18000006","E10000003","E07000012","E05014031"
"CB23 6JE",10,533303,259624,"E92000001","E19000001","E18000006","E10000003","E07000012","E05014031"
"CB23 6JF",10,533375,259714,"E92000001","E19000001","E18000006","E10000003","E07000012","E05014031"
"CB23 6JG",10,532696,259026,"E92000001","E19000001","E18000006","E10000003","E07000012","E05014031"
"CB23 6JH",10,532721,258828,"E92000001","E19000001","E18000006","E10000003","E07000012","E05014031"
"CB23 6JJ",10,532698,258973,"E92000001","E19000001","E18000006","E10000003","E07000012","E05014031"
"CB23 6JL",10,532189,259699,"E92000001","E19000001","E18000006","E10000003","E07000012","E05014031"
"CB23 6JN",10,531914,259549,"E92000001","E19000001","E18000006","E10000003","E07000012","E05014031"
"CB23 6JP",10,532421,259125,"E92000001","E19000001","E18000006","E10000003","E07000012","E05014031"
"CB23 6JQ",10,533126,258942,"E92000001","E19000001","E18000006","E10000003","E07000012","E05014031"
"CB23 6JR",10,532984,258836,"E92000001","E19000001","E18000006","E10000003","E07000012","E05014031"
"CB23 6JS",10,532934,258803,"E92000001","E19000001","E18000006","E10000003","E07000012","E05014031"
"CB23 6JT",10,532818,259071,"E92000001","E19000001","E18000006","E10000003","E07000012","E05014031"
"CB23 6JU",10,532835,259158,"E92000001","E19000001","E18000006","E10000003","E07000012","E05014031"
"CB23 6JW",10,532748,259103,"E92000001","E19000001","E18000006","E10000003","E07000012","E05014031"
"CB23 6JX",10,532037,259558,"E92000001","E19000001","E18000006","E10000003","E07000012","E05014031"
"CB23 6JY",10,532977,258959,"E92000001","E19000001","E18000006","E10000003","E07000012","E05014031"
"CB23 6JZ",10,533110,258976,"E92000001","E19000001","E18000006","E10000003","E07000012","E05014031"
"CB23 6LA",10,532295,259713,"E92000001","E19000001","E18000006","E10000003","E07000012","E05014031"
"CB23 6LB",10,533122,258853,"E92000001","E19000001","E18000006","E10000003","E07000012","E05014031"
"CB23 6LD",10,533151,258903,"E92000001","E19000001","E18000006","E10000003","E07000012","E05014031"
"CB23 6LE",10,533223,258946,"E92000001","E19000001","E18000006","E10000003","E07000012","E05014031"
"CB23 6LF",10,533230,258993,"E92000001","E19000001","E18000006","E10000003","E07000012","E05014031"
"CB23 6LG",10,533235,259032,"E92000001","E19000001","E18000006","E10000003","E07000012","E05014031"
"CB23 6LH",10,532024,259502,"E92000001","E19000001","E18000006","E10000003","E07000012","E05014031"
"CB23 6LJ",10,532006,259736,"E92000001","E19000001","E18000006","E10000003","E07000012","E05014031"
"CB23 6LL",10,530217,259738,"E92000001","E19000001","E18000006","E10000003","E07000012","E05014031"
"CB23 6LN",10,530389,259641,"E92000001","E19000001","E18000006","E10000003","E07000012","E05014031"
"CB23 6LP",10,530340,259749,"E92000001","E19000001","E18000006","E10000003","E07000012","E05014031"
"CB23 6LQ",10,530249,259780,"E92000001","E19000001","E18000006","E10000003","E07000012","E05014031"
"CB23 6LR",10,530440,259716,"E92000001","E19000001","E18000006","E10000003","E07000012","E05014031"
"CB23 6LS",10,530434,259657,"E92000001","E19000001","E18000006","E10000003","E07000012","E05014031"
"CB23 6LT",10,530216,259691,"E92000001","E19000001","E18000006","E10000003","E07000012","E05014031"
"CB23 6LU",10,530266,259566,"E92000001","E19000001","E18000006","E10000003","E07000012","E05014031"
"CB23 6LW",10,530178,259580,"E92000001","E19000001","E18000006","E10000003","E07000012","E05014031"
"CB23 6LX",10,530291,259512,"E92000001","E19000001","E18000006","E10000003","E07000012","E05014031"
"CB23 6LY",10,530299,259592,"E92000001","E19000001","E18000006","E10000003","E07000012","E05014031"
"CB23 6LZ",10,530405,259504,"E92000001","E19000001","E18000006","E10000003","E07000012","E05014031"
"CB23 6NA",10,530500,259517,"E92000001","E19000001","E18000006","E10000003","E07000012","E05014031"
"CB23 6NB",10,530539,259537,"E92000001","E19000001","E18000006","E10000003","E07000012","E05014031"
"CB23 6ND",10,531023,260378,"E92000001","E19000001","E18000006","E10000003","E07000012","E05014031"
"CB23 6NE",10,531124,260325,"E92000001","E19000001","E18000006","E10000003","E07000012","E05014031"
"CB23 6NF",10,531153,260285,"E92000001","E19000001","E18000006","E10000003","E07000012","E05014031"
"CB23 6NG",10,531033,260249,"E92000001","E19000001","E18000006","E10000003","E07000012","E05014031"
"CB23 6NH",10,531093,260242,"E92000001","E19000001","E18000006","E10000003","E07000012","E05014031"
"CB23 6NJ",10,531210,260232,"E92000001","E19000001","E18000006","E10000003","E07000012","E05014031"
"CB23 6NL",10,531229,260184,"E92000001","E19000001","E18000006","E10000003","E07000012","E05014031"
"CB23 6NR",10,530753,259703,"E92000001","E19000001","E18000006","E10000003","E07000012","E05014031"
"CB23 6NS",10,530704,259719,"E92000001","E19000001","E18000006","E10000003","E07000012","E05014031"
"CB23 6NT",10,530865,259652,"E92000001","E19000001","E18000006","E10000003","E07000012","E05014031"
"CB23 6ZR",10,546182,257043,"E92000001","E19000001","E18000006","E10000003","E07000008","E05013054"
"CB23 7AA",10,535045,258443,"E92000001","E19000001","E18000006","E10000003","E07000012","E05011286"
"CB23 7AB",10,540931,255190,"E92000001","E19000001","E18000006","E10000003","E07000012","E05011296"
"CB23 7AD",10,540698,255144,"E92000001","E19000001","E18000006","E10000003","E07000012","E05011296"
"CB23 7AE",10,539891,254779,"E92000001","E19000001","E18000006","E10000003","E07000012","E05011296"
"CB23 7AG",10,540651,254984,"E92000001","E19000001","E18000006","E10000003","E07000012","E05011296"
"CB23 7AH",10,536997,258206,"E92000001","E19000001","E18000006","E10000003","E07000012","E05011295"
"CB23 7AJ",10,539444,256217,"E92000001","E19000001","E18000006","E10000003","E07000012","E05011296"
"CB23 7AL",10,541079,255484,"E92000001","E19000001","E18000006","E10000003","E07000012","E05011296"
"CB23 7AN",10,536671,259616,"E92000001","E19000001","E18000006","E10000003","E07000012","E05011295"
"CB23 7AP",10,538777,256278,"E92000001","E19000001","E18000006","E10000003","E07000012","E05011296"
"CB23 7AQ",10,541011,255391,"E92000001","E19000001","E18000006","E10000003","E07000012","E05011296"
"CB23 7AR",10,541441,255738,"E92000001","E19000001","E18000006","E10000003","E07000012","E05011296"
"CB23 7AS",10,541651,256288,"E92000001","E19000001","E18000006","E10000003","E07000012","E05011296"
"CB23 7AT",10,541985,256738,"E92000001","E19000001","E18000006","E10000003","E07000012","E05011296"
"CB23 7AU",10,542208,256995,"E92000001","E19000001","E18000006","E10000003","E07000012","E05011296"
"CB23 7AW",10,541110,255277,"E92000001","E19000001","E18000006","E10000003","E07000012","E05011296"
"CB23 7AX",10,541451,255627,"E92000001","E19000001","E18000006","E10000003","E07000012","E05011296"
"CB23 7AY",10,540875,255904,"E92000001","E19000001","E18000006","E10000003","E07000012","E05011296"
"CB23 7AZ",10,540924,255985,"E92000001","E19000001","E18000006","E10000003","E07000012","E05011296"
"CB23 7BA",10,540403,255886,"E92000001","E19000001","E18000006","E10000003","E07000012","E05011296"
"CB23 7BB",10,540480,255950,"E92000001","E19000001","E18000006","E10000003","E07000012","E05011296"
"CB23 7BD",10,540749,255762,"E92000001","E19000001","E18000006","E10000003","E07000012","E05011296"
"CB23 7BE",10,540760,255678,"E92000001","E19000001","E18000006","E10000003","E07000012","E05011296"
"CB23 7BF",10,538543,256814,"E92000001","E19000001","E18000006","E10000003","E07000012","E05011296"
"CB23 7BG",10,540899,255572,"E92000001","E19000001","E18000006","E10000003","E07000012","E05011296"
"CB23 7BH",10,540712,255601,"E92000001","E19000001","E18000006","E10000003","E07000012","E05011296"
"CB23 7BJ",10,540673,255635,"E92000001","E19000001","E18000006","E10000003","E07000012","E05011296"
"CB23 7BL",10,540908,255642,"E92000001","E19000001","E18000006","E10000003","E07000012","E05011296"
"CB23 7BN",10,539536,256192,"E92000001","E19000001","E18000006","E10000003","E07000012","E05011296"
"CB23 7BP",10,538276,256293,"E92000001","E19000001","E18000006","E10000003","E07000012","E05011296"
"CB23 7BQ",10,541016,255597,"E92000001","E19000001","E18000006","E10000003","E07000012","E05011296"
"CB23 7BS",10,538575,256318,"E92000001","E19000001","E18000006","E10000003","E07000012","E05011296"
"CB23 7BT",10,538747,256360,"E92000001","E19000001","E18000006","E10000003","E07000012","E05011296"
"CB23 7BU",10,539353,256312,"E92000001","E19000001","E18000006","E10000003","E07000012","E05011296"
"CB23 7BW",10,535252,258452,"E92000001","E19000001","E18000006","E10000003","E07000012","E05011286"
"CB23 7BX",10,535239,258431,"E92000001","E19000001","E18000006","E10000003","E07000012","E05011286"
"CB23 7BY",10,537476,256115,"E92000001","E19000001","E18000006","E10000003","E07000012","E05011295"
"CB23 7BZ",10,538177,256312,"E92000001","E19000001","E18000006","E10000003","E07000012","E05011296"
"CB23 7DA",10,538539,256243,"E92000001","E19000001","E18000006","E10000003","E07000012","E05011296"
"CB23 7DB",10,538527,256551,"E92000001","E19000001","E18000006","E10000003","E07000012","E05011296"
"CB23 7DD",10,538658,256548,"E92000001","E19000001","E18000006","E10000003","E07000012","E05011296"
"CB23 7DE",10,538720,256542,"E92000001","E19000001","E18000006","E10000003","E07000012","E05011296"
"CB23 7DF",10,538625,256714,"E92000001","E19000001","E18000006","E10000003","E07000012","E05011296"
"CB23 7DG",10,538824,256672,"E92000001","E19000001","E18000006","E10000003","E07000012","E05011296"
"CB23 7DH",10,538363,257212,"E92000001","E19000001","E18000006","E10000003","E07000012","E05011296"
"CB23 7DJ",10,538725,256787,"E92000001","E19000001","E18000006","E10000003","E07000012","E05011296"
"CB23 7DL",10,538704,256907,"E92000001","E19000001","E18000006","E10000003","E07000012","E05011296"
"CB23 7DN",10,538627,256855,"E92000001","E19000001","E18000006","E10000003","E07000012","E05011296"
"CB23 7DQ",10,538743,258554,"E92000001","E19000001","E18000006","E10000003","E07000012","E05011296"
"CB23 7DR",10,538065,255957,"E92000001","E19000001","E18000006","E10000003","E07000012","E05011296"
"CB23 7DS",10,537890,256158,"E92000001","E19000001","E18000006","E10000003","E07000012","E05011296"
"CB23 7DT",10,537762,256007,"E92000001","E19000001","E18000006","E10000003","E07000012","E05011296"
"CB23 7DU",10,537543,255959,"E92000001","E19000001","E18000006","E10000003","E07000012","E05011295"
"CB23 7DW",10,538777,256837,"E92000001","E19000001","E18000006","E10000003","E07000012","E05011296"
"CB23 7DX",10,537661,256039,"E92000001","E19000001","E18000006","E10000003","E07000012","E05011295"
"CB23 7DY",10,538086,256539,"E92000001","E19000001","E18000006","E10000003","E07000012","E05011296"
"CB23 7DZ",10,538196,256013,"E92000001","E19000001","E18000006","E10000003","E07000012","E05011296"
"CB23 7EA",10,538151,256080,"E92000001","E19000001","E18000006","E10000003","E07000012","E05011296"
"CB23 7EB",10,538363,255597,"E92000001","E19000001","E18000006","E10000003","E07000012","E05011296"
"CB23 7ED",10,538410,255470,"E92000001","E19000001","E18000006","E10000003","E07000012","E05011296"
"CB23 7EE",10,538290,255482,"E92000001","E19000001","E18000006","E10000003","E07000012","E05011296"
"CB23 7EF",10,538557,256196,"E92000001","E19000001","E18000006","E10000003","E07000012","E05011296"
"CB23 7EG",10,538642,256049,"E92000001","E19000001","E18000006","E10000003","E07000012","E05011296"
"CB23 7EH",10,537896,256027,"E92000001","E19000001","E18000006","E10000003","E07000012","E05011296"
"CB23 7EJ",10,537883,255918,"E92000001","E19000001","E18000006","E10000003","E07000012","E05011296"
"CB23 7EL",10,538082,256081,"E92000001","E19000001","E18000006","E10000003","E07000012","E05011296"
"CB23 7EN",10,537350,256360,"E92000001","E19000001","E18000006","E10000003","E07000012","E05011295"
"CB23 7EP",10,538671,256501,"E92000001","E19000001","E18000006","E10000003","E07000012","E05011296"
"CB23 7EQ",10,538009,256055,"E92000001","E19000001","E18000006","E10000003","E07000012","E05011296"
"CB23 7ER",10,537037,258309,"E92000001","E19000001","E18000006","E10000003","E07000012","E05011295"
"CB23 7ES",10,538706,256482,"E92000001","E19000001","E18000006","E10000003","E07000012","E05011296"
"CB23 7ET",10,537067,258365,"E92000001","E19000001","E18000006","E10000003","E07000012","E05011295"
"CB23 7EU",10,536977,258274,"E92000001","E19000001","E18000006","E10000003","E07000012","E05011295"
"CB23 7EW",10,536934,258365,"E92000001","E19000001","E18000006","E10000003","E07000012","E05011295"
"CB23 7EX",10,536905,258294,"E92000001","E19000001","E18000006","E10000003","E07000012","E05011295"
"CB23 7EY",10,540885,255719,"E92000001","E19000001","E18000006","E10000003","E07000012","E05011296"
"CB23 7EZ",10,535073,258285,"E92000001","E19000001","E18000006","E10000003","E07000012","E05011286"
"CB23 7FA",10,537463,256213,"E92000001","E19000001","E18000006","E10000003","E07000012","E05011295"
"CB23 7FB",10,537551,256212,"E92000001","E19000001","E18000006","E10000003","E07000012","E05011295"
"CB23 7FD",10,537566,256129,"E92000001","E19000001","E18000006","E10000003","E07000012","E05011295"
"CB23 7FE",10,535619,259151,"E92000001","E19000001","E18000006","E10000003","E07000012","E05011286"
"CB23 7FF",10,535581,259119,"E92000001","E19000001","E18000006","E10000003","E07000012","E05011286"
"CB23 7FG",10,534831,258603,"E92000001","E19000001","E18000006","E10000003","E07000012","E05011286"
"CB23 7FH",10,534777,258678,"E92000001","E19000001","E18000006","E10000003","E07000012","E05011286"
"CB23 7FJ",10,534747,258622,"E92000001","E19000001","E18000006","E10000003","E07000012","E05011286"
"CB23 7FL",10,534776,258719,"E92000001","E19000001","E18000006","E10000003","E07000012","E05011286"
"CB23 7FN",10,534820,258687,"E92000001","E19000001","E18000006","E10000003","E07000012","E05011286"
"CB23 7FP",10,536779,259424,"E92000001","E19000001","E18000006","E10000003","E07000012","E05011295"
"CB23 7FQ",10,536725,259339,"E92000001","E19000001","E18000006","E10000003","E07000012","E05011295"
"CB23 7FR",10,536732,259393,"E92000001","E19000001","E18000006","E10000003","E07000012","E05011295"
"CB23 7FS",10,536742,259446,"E92000001","E19000001","E18000006","E10000003","E07000012","E05011295"
"CB23 7FT",10,536725,259509,"E92000001","E19000001","E18000006","E10000003","E07000012","E05011295"
"CB23 7FU",10,536746,259557,"E92000001","E19000001","E18000006","E10000003","E07000012","E05011295"
"CB23 7FW",10,534892,259401,"E92000001","E19000001","E18000006","E10000003","E07000012","E05011286"
"CB23 7FX",10,534798,256960,"E92000001","E19000001","E18000006","E10000003","E07000012","E05011286"
"CB23 7FZ",50,534798,256960,"E92000001","E19000001","E18000006","E10000003","E07000012","E05011286"
"CB23 7GA",10,535308,258655,"E92000001","E19000001","E18000006","E10000003","E07000012","E05011286"
"CB23 7GB",10,535340,258671,"E92000001","E19000001","E18000006","E10000003","E07000012","E05011286"
"CB23 7GD",10,535366,258750,"E92000001","E19000001","E18000006","E10000003","E07000012","E05011286"
"CB23 7GJ",10,535393,258680,"E92000001","E19000001","E18000006","E10000003","E07000012","E05011286"
"CB23 7GN",10,538763,256585,"E92000001","E19000001","E18000006","E10000003","E07000012","E05011296"
"CB23 7GP",10,535333,258594,"E92000001","E19000001","E18000006","E10000003","E07000012","E05011286"
"CB23 7GT",10,535311,258527,"E92000001","E19000001","E18000006","E10000003","E07000012","E05011286"
"CB23 7GU",10,541097,258855,"E92000001","E19000001","E18000006","E10000003","E07000012","E05011296"
"CB23 7GW",10,535232,258538,"E92000001","E19000001","E18000006","E10000003","E07000012","E05011286"
"CB23 7GX",10,541102,258892,"E92000001","E19000001","E18000006","E10000003","E07000012","E05011296"
"CB23 7GY",10,540489,258590,"E92000001","E19000001","E18000006","E10000003","E07000012","E05011296"
"CB23 7GZ",10,540422,258553,"E92000001","E19000001","E18000006","E10000003","E07000012","E05011296"
"CB23 7NE",10,535130,258293,"E92000001","E19000001","E18000006","E10000003","E07000012","E05011286"
"CB23 7NL",10,535332,258965,"E92000001","E19000001","E18000006","E10000003","E07000012","E05011286"
"CB23 7NR",10,535217,258306,"E92000001","E19000001","E18000006","E10000003","E07000012","E05011286"
"CB23 7NS",10,535768,259332,"E92000001","E19000001","E18000006","E10000003","E07000012","E05011286"
"CB23 7NT",10,535163,258241,"E92000001","E19000001","E18000006","E10000003","E07000012","E05011286"
"CB23 7NU",10,534831,257047,"E92000001","E19000001","E18000006","E10000003","E07000012","E05011286"
"CB23 7NW",10,535634,259547,"E92000001","E19000001","E18000006","E10000003","E07000012","E05011286"
"CB23 7NX",10,535318,258876,"E92000001","E19000001","E18000006","E10000003","E07000012","E05011286"
"CB23 7NY",10,535260,259004,"E92000001","E19000001","E18000006","E10000003","E07000012","E05011286"
"CB23 7NZ",10,535377,258531,"E92000001","E19000001","E18000006","E10000003","E07000012","E05011286"
"CB23 7PA",10,535203,258822,"E92000001","E19000001","E18000006","E10000003","E07000012","E05011286"
"CB23 7PB",10,535368,259316,"E92000001","E19000001","E18000006","E10000003","E07000012","E05011286"
"CB23 7PF",10,540787,258767,"E92000001","E19000001","E18000006","E10000003","E07000012","E05011296"
"CB23 7PG",10,541703,259412,"E92000001","E19000001","E18000006","E10000003","E07000008","E05013058"
"CB23 7PH",10,539992,259311,"E92000001","E19000001","E18000006","E10000003","E07000012","E05011294"
"CB23 7PJ",10,541182,259028,"E92000001","E19000001","E18000006","E10000003","E07000012","E05011296"
"CB23 7PL",10,541059,258909,"E92000001","E19000001","E18000006","E10000003","E07000012","E05011296"
"CB23 7PN",10,540843,258798,"E92000001","E19000001","E18000006","E10000003","E07000012","E05011296"
"CB23 7PP",10,540606,258595,"E92000001","E19000001","E18000006","E10000003","E07000012","E05011296"
"CB23 7PQ",10,540539,259424,"E92000001","E19000001","E18000006","E10000003","E07000012","E05011296"
"CB23 7PR",10,540745,258693,"E92000001","E19000001","E18000006","E10000003","E07000012","E05011296"
"CB23 7PS",10,540679,258713,"E92000001","E19000001","E18000006","E10000003","E07000012","E05011296"
"CB23 7PT",10,540811,258539,"E92000001","E19000001","E18000006","E10000003","E07000012","E05011296"
"CB23 7PU",10,540814,258657,"E92000001","E19000001","E18000006","E10000003","E07000012","E05011296"
"CB23 7PW",10,540520,258702,"E92000001","E19000001","E18000006","E10000003","E07000012","E05011296"
"CB23 7PX",10,541491,258818,"E92000001","E19000001","E18000006","E10000003","E07000012","E05011296"
"CB23 7PY",10,541243,258726,"E92000001","E19000001","E18000006","E10000003","E07000012","E05011296"
"CB23 7PZ",10,541586,257386,"E92000001","E19000001","E18000006","E10000003","E07000012","E05011296"
"CB23 7QA",10,537335,259437,"E92000001","E19000001","E18000006","E10000003","E07000012","E05011295"
"CB23 7QB",10,537444,259396,"E92000001","E19000001","E18000006","E10000003","E07000012","E05011295"
"CB23 7QD",10,537368,259498,"E92000001","E19000001","E18000006","E10000003","E07000012","E05011295"
"CB23 7QE",10,537200,258222,"E92000001","E19000001","E18000006","E10000003","E07000012","E05011295"
"CB23 7QF",10,537169,258158,"E92000001","E19000001","E18000006","E10000003","E07000012","E05011295"
"CB23 7QG",10,537600,259431,"E92000001","E19000001","E18000006","E10000003","E07000012","E05011295"
"CB23 7QH",10,538226,259491,"E92000001","E19000001","E18000006","E10000003","E07000012","E05011295"
"CB23 7QJ",10,537404,259617,"E92000001","E19000001","E18000006","E10000003","E07000012","E05011295"
"CB23 7QL",10,536593,259701,"E92000001","E19000001","E18000006","E10000003","E07000012","E05011295"
"CB23 7QN",10,536967,259392,"E92000001","E19000001","E18000006","E10000003","E07000012","E05011295"
"CB23 7QP",10,537244,259619,"E92000001","E19000001","E18000006","E10000003","E07000012","E05011295"
"CB23 7QQ",10,537532,259059,"E92000001","E19000001","E18000006","E10000003","E07000012","E05011295"
"CB23 7QR",10,537471,259304,"E92000001","E19000001","E18000006","E10000003","E07000012","E05011295"
"CB23 7QS",10,537392,258708,"E92000001","E19000001","E18000006","E10000003","E07000012","E05011295"
"CB23 7QT",10,537450,258614,"E92000001","E19000001","E18000006","E10000003","E07000012","E05011295"
"CB23 7QU",10,537166,258387,"E92000001","E19000001","E18000006","E10000003","E07000012","E05011295"
"CB23 7QW",10,537236,259435,"E92000001","E19000001","E18000006","E10000003","E07000012","E05011295"
"CB23 7QX",10,536975,257119,"E92000001","E19000001","E18000006","E10000003","E07000012","E05011295"
"CB23 7QY",10,537612,258892,"E92000001","E19000001","E18000006","E10000003","E07000012","E05011295"
"CB23 7RE",10,537515,259233,"E92000001","E19000001","E18000006","E10000003","E07000012","E05011295"
"CB23 7RY",10,535081,258715,"E92000001","E19000001","E18000006","E10000003","E07000012","E05011286"
"CB23 7UE",10,534914,258607,"E92000001","E19000001","E18000006","E10000003","E07000012","E05011286"
"CB23 7UY",10,535474,258844,"E92000001","E19000001","E18000006","E10000003","E07000012","E05011286"
"CB23 7UZ",10,535435,258800,"E92000001","E19000001","E18000006","E10000003","E07000012","E05011286"
"CB23 7WG",10,536940,259249,"E92000001","E19000001","E18000006","E10000003","E07000012","E05011295"
"CB23 7WJ",10,541105,255263,"E92000001","E19000001","E18000006","E10000003","E07000012","E05011296"
"CB23 7XA",10,537126,258303,"E92000001","E19000001","E18000006","E10000003","E07000012","E05011295"
"CB23 7XB",10,537239,259388,"E92000001","E19000001","E18000006","E10000003","E07000012","E05011295"
"CB23 7XD",10,537471,259520,"E92000001","E19000001","E18000006","E10000003","E07000012","E05011295"
"CB23 7XE",10,537524,259504,"E92000001","E19000001","E18000006","E10000003","E07000012","E05011295"
"CB23 7XF",10,537152,259554,"E92000001","E19000001","E18000006","E10000003","E07000012","E05011295"
"CB23 7XG",10,537282,259565,"E92000001","E19000001","E18000006","E10000003","E07000012","E05011295"
"CB23 7XH",10,537152,259431,"E92000001","E19000001","E18000006","E10000003","E07000012","E05011295"
"CB23 7XJ",10,537060,259389,"E92000001","E19000001","E18000006","E10000003","E07000012","E05011295"
"CB23 7XL",10,537038,259294,"E92000001","E19000001","E18000006","E10000003","E07000012","E05011295"
"CB23 7XN",10,537207,259269,"E92000001","E19000001","E18000006","E10000003","E07000012","E05011295"
"CB23 7XP",10,537230,259332,"E92000001","E19000001","E18000006","E10000003","E07000012","E05011295"
"CB23 7XQ",10,537094,259496,"E92000001","E19000001","E18000006","E10000003","E07000012","E05011295"
"CB23 7XR",10,537301,259080,"E92000001","E19000001","E18000006","E10000003","E07000012","E05011295"
"CB23 7XS",10,537460,258973,"E92000001","E19000001","E18000006","E10000003","E07000012","E05011295"
"CB23 7XT",10,537370,258964,"E92000001","E19000001","E18000006","E10000003","E07000012","E05011295"
"CB23 7XU",10,537097,259177,"E92000001","E19000001","E18000006","E10000003","E07000012","E05011295"
"CB23 7XW",10,537565,259408,"E92000001","E19000001","E18000006","E10000003","E07000012","E05011295"
"CB23 7XX",10,536960,259178,"E92000001","E19000001","E18000006","E10000003","E07000012","E05011295"
"CB23 7XZ",10,536875,259197,"E92000001","E19000001","E18000006","E10000003","E07000012","E05011295"
"CB23 7YE",10,537118,258439,"E92000001","E19000001","E18000006","E10000003","E07000012","E05011295"
"CB23 7ZA",10,535545,258889,"E92000001","E19000001","E18000006","E10000003","E07000012","E05011286"
"CB23 7ZB",10,535464,258864,"E92000001","E19000001","E18000006","E10000003","E07000012","E05011286"
"CB23 7ZD",10,535457,258760,"E92000001","E19000001","E18000006","E10000003","E07000012","E05011286"
"CB23 7ZE",10,534949,258370,"E92000001","E19000001","E18000006","E10000003","E07000012","E05011286"
"CB23 7ZF",10,535012,258245,"E92000001","E19000001","E18000006","E10000003","E07000012","E05011286"
"CB23 7ZG",10,535016,258307,"E92000001","E19000001","E18000006","E10000003","E07000012","E05011286"
"CB23 7ZH",10,534971,258457,"E92000001","E19000001","E18000006","E10000003","E07000012","E05011286"
"CB23 7ZJ",10,534901,258248,"E92000001","E19000001","E18000006","E10000003","E07000012","E05011286"
"CB23 7ZL",10,534990,258182,"E92000001","E19000001","E18000006","E10000003","E07000012","E05011286"
"CB23 7ZN",10,534947,258148,"E92000001","E19000001","E18000006","E10000003","E07000012","E05011286"
"CB23 7ZP",10,534943,258301,"E92000001","E19000001","E18000006","E10000003","E07000012","E05011286"
"CB23 7ZQ",10,534982,258364,"E92000001","E19000001","E18000006","E10000003","E07000012","E05011286"
"CB23 7ZR",10,534808,258212,"E92000001","E19000001","E18000006","E10000003","E07000012","E05011286"
"CB23 7ZS",10,534854,258326,"E92000001","E19000001","E18000006","E10000003","E07000012","E05011286"
"CB23 7ZT",10,534879,258261,"E92000001","E19000001","E18000006","E10000003","E07000012","E05011286"
"CB23 7ZU",10,534938,258262,"E92000001","E19000001","E18000006","E10000003","E07000012","E05011286"
"CB23 7ZW",10,534838,258180,"E92000001","E19000001","E18000006","E10000003","E07000012","E05011286"
"CB23 8AA",10,539723,260543,"E92000001","E19000001","E18000006","E10000003","E07000012","E05011294"
"CB23 8AB",10,539643,260599,"E92000001","E19000001","E18000006","E10000003","E07000012","E05011294"
"CB23 8AD",10,539683,260937,"E92000001","E19000001","E18000006","E10000003","E07000012","E05011294"
"CB23 8AE",10,539459,261017,"E92000001","E19000001","E18000006","E10000003","E07000012","E05011294"
"CB23 8AF",10,539509,260154,"E92000001","E19000001","E18000006","E10000003","E07000012","E05011294"
"CB23 8AG",10,539357,259773,"E92000001","E19000001","E18000006","E10000003","E07000012","E05011294"
"CB23 8AH",10,539793,260237,"E92000001","E19000001","E18000006","E10000003","E07000012","E05011294"
"CB23 8AJ",10,540098,260083,"E92000001","E19000001","E18000006","E10000003","E07000012","E05011294"
"CB23 8AL",10,539554,260628,"E92000001","E19000001","E18000006","E10000003","E07000012","E05011294"
"CB23 8AN",10,539821,260199,"E92000001","E19000001","E18000006","E10000003","E07000012","E05011294"
"CB23 8AP",10,537791,263965,"E92000001","E19000001","E18000006","E10000003","E07000012","E05011283"
"CB23 8AQ",10,539260,260469,"E92000001","E19000001","E18000006","E10000003","E07000012","E05011294"
"CB23 8AR",10,536775,260286,"E92000001","E19000001","E18000006","E10000003","E07000012","E05011294"
"CB23 8AS",10,537140,262092,"E92000001","E19000001","E18000006","E10000003","E07000012","E05011294"
"CB23 8AT",10,537063,260298,"E92000001","E19000001","E18000006","E10000003","E07000012","E05011294"
"CB23 8AU",10,536817,260257,"E92000001","E19000001","E18000006","E10000003","E07000012","E05011294"
"CB23 8AX",10,536817,260257,"E92000001","E19000001","E18000006","E10000003","E07000012","E05011294"
"CB23 8AY",10,535871,259630,"E92000001","E19000001","E18000006","E10000003","E07000012","E05011286"
"CB23 8AZ",10,535458,259766,"E92000001","E19000001","E18000006","E10000003","E07000012","E05011286"
"CB23 8BA",10,535606,261582,"E92000001","E19000001","E18000006","E10000003","E07000012","E05011286"
"CB23 8BD",10,538135,262622,"E92000001","E19000001","E18000006","E10000003","E07000012","E05011294"
"CB23 8BE",10,534586,260968,"E92000001","E19000001","E18000006","E10000003","E07000012","E05014032"
"CB23 8BF",10,535897,259642,"E92000001","E19000001","E18000006","E10000003","E07000012","E05011286"
"CB23 8BH",10,538027,263938,"E92000001","E19000001","E18000006","E10000003","E07000012","E05011283"
"CB23 8BN",10,537059,260362,"E92000001","E19000001","E18000006","E10000003","E07000012","E05011294"
"CB23 8BP",10,538317,262004,"E92000001","E19000001","E18000006","E10000003","E07000012","E05011294"
"CB23 8BS",10,537929,262359,"E92000001","E19000001","E18000006","E10000003","E07000012","E05011294"
"CB23 8BT",10,538117,262416,"E92000001","E19000001","E18000006","E10000003","E07000012","E05011294"
"CB23 8BU",10,537791,262159,"E92000001","E19000001","E18000006","E10000003","E07000012","E05011294"
"CB23 8BW",10,537841,262306,"E92000001","E19000001","E18000006","E10000003","E07000012","E05011294"
"CB23 8BX",10,537729,262028,"E92000001","E19000001","E18000006","E10000003","E07000012","E05011294"
"CB23 8BY",10,537960,262117,"E92000001","E19000001","E18000006","E10000003","E07000012","E05011294"
"CB23 8BZ",10,537941,262038,"E92000001","E19000001","E18000006","E10000003","E07000012","E05011294"
"CB23 8DA",10,538118,262070,"E92000001","E19000001","E18000006","E10000003","E07000012","E05011294"
"CB23 8DB",10,538373,262003,"E92000001","E19000001","E18000006","E10000003","E07000012","E05011294"
"CB23 8DD",10,538548,262276,"E92000001","E19000001","E18000006","E10000003","E07000012","E05011294"
"CB23 8DE",10,538820,262497,"E92000001","E19000001","E18000006","E10000003","E07000012","E05011294"
"CB23 8DF",10,538769,262405,"E92000001","E19000001","E18000006","E10000003","E07000012","E05011294"
"CB23 8DG",10,537972,262226,"E92000001","E19000001","E18000006","E10000003","E07000012","E05011294"
"CB23 8DN",10,536657,264726,"E92000001","E19000001","E18000006","E10000003","E07000012","E05011305"
"CB23 8DP",10,537359,265309,"E92000001","E19000001","E18000006","E10000003","E07000012","E05011305"
"CB23 8DQ",10,538106,262546,"E92000001","E19000001","E18000006","E10000003","E07000012","E05011294"
"CB23 8DS",10,538637,264492,"E92000001","E19000001","E18000006","E10000003","E07000012","E05013880"
"CB23 8DT",10,538189,263623,"E92000001","E19000001","E18000006","E10000003","E07000012","E05011283"
"CB23 8DU",10,538170,263730,"E92000001","E19000001","E18000006","E10000003","E07000012","E05011283"
"CB23 8DW",10,536960,265015,"E92000001","E19000001","E18000006","E10000003","E07000012","E05011305"
"CB23 8DX",10,538070,263763,"E92000001","E19000001","E18000006","E10000003","E07000012","E05011283"
"CB23 8DY",10,538102,263605,"E92000001","E19000001","E18000006","E10000003","E07000012","E05011283"
"CB23 8DZ",10,537873,263623,"E92000001","E19000001","E18000006","E10000003","E07000012","E05011283"
"CB23 8EA",10,537610,263583,"E92000001","E19000001","E18000006","E10000003","E07000012","E05011283"
"CB23 8ED",10,537680,263583,"E92000001","E19000001","E18000006","E10000003","E07000012","E05011283"
"CB23 8EE",10,537697,263672,"E92000001","E19000001","E18000006","E10000003","E07000012","E05011283"
"CB23 8EF",10,538342,263807,"E92000001","E19000001","E18000006","E10000003","E07000012","E05011283"
"CB23 8EG",10,538016,262451,"E92000001","E19000001","E18000006","E10000003","E07000012","E05011294"
"CB23 8EH",10,537873,263559,"E92000001","E19000001","E18000006","E10000003","E07000012","E05011283"
"CB23 8EJ",10,538448,263718,"E92000001","E19000001","E18000006","E10000003","E07000012","E05011283"
"CB23 8EL",10,537702,263734,"E92000001","E19000001","E18000006","E10000003","E07000012","E05011283"
"CB23 8EN",10,537734,263488,"E92000001","E19000001","E18000006","E10000003","E07000012","E05011283"
"CB23 8EP",10,538379,263612,"E92000001","E19000001","E18000006","E10000003","E07000012","E05011283"
"CB23 8EQ",10,537624,263460,"E92000001","E19000001","E18000006","E10000003","E07000012","E05011283"
"CB23 8ER",10,538288,263499,"E92000001","E19000001","E18000006","E10000003","E07000012","E05011283"
"CB23 8ES",10,538298,263601,"E92000001","E19000001","E18000006","E10000003","E07000012","E05011283"
"CB23 8EU",10,538312,263843,"E92000001","E19000001","E18000006","E10000003","E07000012","E05011283"
"CB23 8HB",10,539322,263698,"E92000001","E19000001","E18000006","E10000003","E07000012","E05013880"
"CB23 8HD",10,539842,262813,"E92000001","E19000001","E18000006","E10000003","E07000012","E05011294"
"CB23 8HE",10,536778,264092,"E92000001","E19000001","E18000006","E10000003","E07000012","E05011305"
"CB23 8HF",10,536724,264048,"E92000001","E19000001","E18000006","E10000003","E07000012","E05011305"
"CB23 8HG",10,536572,263968,"E92000001","E19000001","E18000006","E10000003","E07000012","E05011305"
"CB23 8HH",10,536730,264193,"E92000001","E19000001","E18000006","E10000003","E07000012","E05011305"
"CB23 8HL",10,537205,264199,"E92000001","E19000001","E18000006","E10000003","E07000012","E05011305"
"CB23 8HP",10,536578,263809,"E92000001","E19000001","E18000006","E10000003","E07000012","E05011305"
"CB23 8HQ",10,536475,264141,"E92000001","E19000001","E18000006","E10000003","E07000012","E05011305"
"CB23 8SA",10,537569,263365,"E92000001","E19000001","E18000006","E10000003","E07000012","E05011283"
"CB23 8SB",10,537634,263257,"E92000001","E19000001","E18000006","E10000003","E07000012","E05011283"
"CB23 8SD",10,537508,263257,"E92000001","E19000001","E18000006","E10000003","E07000012","E05011283"
"CB23 8SE",10,537806,263515,"E92000001","E19000001","E18000006","E10000003","E07000012","E05011283"
"CB23 8SF",10,538481,263439,"E92000001","E19000001","E18000006","E10000003","E07000012","E05011283"
"CB23 8SG",10,538409,263535,"E92000001","E19000001","E18000006","E10000003","E07000012","E05011283"
"CB23 8SJ",10,538002,263312,"E92000001","E19000001","E18000006","E10000003","E07000012","E05011283"
"CB23 8SL",10,537725,263851,"E92000001","E19000001","E18000006","E10000003","E07000012","E05011283"
"CB23 8SN",10,538034,263242,"E92000001","E19000001","E18000006","E10000003","E07000012","E05011283"
"CB23 8SP",10,538136,263306,"E92000001","E19000001","E18000006","E10000003","E07000012","E05011283"
"CB23 8SQ",10,537885,264024,"E92000001","E19000001","E18000006","E10000003","E07000012","E05011283"
"CB23 8SR",10,538770,263101,"E92000001","E19000001","E18000006","E10000003","E07000012","E05011283"
"CB23 8ST",10,537787,263169,"E92000001","E19000001","E18000006","E10000003","E07000012","E05011283"
"CB23 8SU",10,537739,263130,"E92000001","E19000001","E18000006","E10000003","E07000012","E05011283"
"CB23 8SW",10,538153,263388,"E92000001","E19000001","E18000006","E10000003","E07000012","E05011283"
"CB23 8SX",10,537677,262956,"E92000001","E19000001","E18000006","E10000003","E07000012","E05011283"
"CB23 8SY",10,537679,263026,"E92000001","E19000001","E18000006","E10000003","E07000012","E05011283"
"CB23 8SZ",10,538599,263344,"E92000001","E19000001","E18000006","E10000003","E07000012","E05011283"
"CB23 8TA",10,538554,263394,"E92000001","E19000001","E18000006","E10000003","E07000012","E05011283"
"CB23 8TB",10,537453,263186,"E92000001","E19000001","E18000006","E10000003","E07000012","E05011283"
"CB23 8TD",10,537544,263085,"E92000001","E19000001","E18000006","E10000003","E07000012","E05011283"
"CB23 8TE",10,537413,263096,"E92000001","E19000001","E18000006","E10000003","E07000012","E05011283"
"CB23 8TF",10,538564,263196,"E92000001","E19000001","E18000006","E10000003","E07000012","E05011283"
"CB23 8TG",10,538342,263193,"E92000001","E19000001","E18000006","E10000003","E07000012","E05011283"
"CB23 8TH",10,538442,263189,"E92000001","E19000001","E18000006","E10000003","E07000012","E05011283"
"CB23 8TJ",10,538252,263271,"E92000001","E19000001","E18000006","E10000003","E07000012","E05011283"
"CB23 8TL",10,538361,263290,"E92000001","E19000001","E18000006","E10000003","E07000012","E05011283"
"CB23 8TN",10,538274,263232,"E92000001","E19000001","E18000006","E10000003","E07000012","E05011283"
"CB23 8TP",10,537896,263169,"E92000001","E19000001","E18000006","E10000003","E07000012","E05011283"
"CB23 8TQ",10,538460,263291,"E92000001","E19000001","E18000006","E10000003","E07000012","E05011283"
"CB23 8TR",10,538501,262972,"E92000001","E19000001","E18000006","E10000003","E07000012","E05011283"
"CB23 8TU",10,537846,264139,"E92000001","E19000001","E18000006","E10000003","E07000012","E05011283"
"CB23 8TW",10,537729,263260,"E92000001","E19000001","E18000006","E10000003","E07000012","E05011283"
"CB23 8UA",10,538332,263372,"E92000001","E19000001","E18000006","E10000003","E07000012","E05011283"
"CB23 8UD",10,538045,264039,"E92000001","E19000001","E18000006","E10000003","E07000012","E05011283"
"CB23 8YW",10,538492,260200,"E92000001","E19000001","E18000006","E10000003","E07000012","E05011294"
"CB24 1AA",10,540196,267347,"E92000001","E19000001","E18000006","E10000003","E07000012","E05013880"
"CB24 1AB",10,540802,267455,"E92000001","E19000001","E18000006","E10000003","E07000012","E05013880"
"CB24 1AD",10,539870,267562,"E92000001","E19000001","E18000006","E10000003","E07000012","E05013880"
"CB24 1AE",10,539806,267650,"E92000001","E19000001","E18000006","E10000003","E07000012","E05013880"
"CB24 1AF",10,539746,267607,"E92000001","E19000001","E18000006","E10000003","E07000012","E05013880"
"CB24 1AG",10,539776,267573,"E92000001","E19000001","E18000006","E10000003","E07000012","E05013880"
"CB24 1AH",10,539805,267547,"E92000001","E19000001","E18000006","E10000003","E07000012","E05013880"
"CB24 1AJ",10,540866,267520,"E92000001","E19000001","E18000006","E10000003","E07000012","E05013880"
"CB24 1AL",10,540570,267430,"E92000001","E19000001","E18000006","E10000003","E07000012","E05013880"
"CB24 1AN",10,540734,267489,"E92000001","E19000001","E18000006","E10000003","E07000012","E05013880"
"CB24 1AP",10,540682,267519,"E92000001","E19000001","E18000006","E10000003","E07000012","E05013880"
"CB24 1AQ",10,540590,267483,"E92000001","E19000001","E18000006","E10000003","E07000012","E05013880"
"CB24 1AR",10,540641,267583,"E92000001","E19000001","E18000006","E10000003","E07000012","E05013880"
"CB24 1AS",10,540612,267596,"E92000001","E19000001","E18000006","E10000003","E07000012","E05013880"
"CB24 1AT",10,540712,267540,"E92000001","E19000001","E18000006","E10000003","E07000012","E05013880"
"CB24 1AU",10,540035,267480,"E92000001","E19000001","E18000006","E10000003","E07000012","E05013880"
"CB24 1AW",10,540103,267443,"E92000001","E19000001","E18000006","E10000003","E07000012","E05013880"
"CB24 1AX",10,540095,267214,"E92000001","E19000001","E18000006","E10000003","E07000012","E05013880"
"CB24 1AY",10,540119,267501,"E92000001","E19000001","E18000006","E10000003","E07000012","E05013880"
"CB24 1AZ",10,540168,267548,"E92000001","E19000001","E18000006","E10000003","E07000012","E05013880"
"CB24 1BA",10,540195,267567,"E92000001","E19000001","E18000006","E10000003","E07000012","E05013880"
"CB24 1BB",10,540145,267623,"E92000001","E19000001","E18000006","E10000003","E07000012","E05013880"
"CB24 1BD",10,540084,267594,"E92000001","E19000001","E18000006","E10000003","E07000012","E05013880"
"CB24 1BE",10,540103,267561,"E92000001","E19000001","E18000006","E10000003","E07000012","E05013880"
"CB24 1BF",10,539860,267353,"E92000001","E19000001","E18000006","E10000003","E07000012","E05013880"
"CB24 1BG",10,539865,267382,"E92000001","E19000001","E18000006","E10000003","E07000012","E05013880"
"CB24 1BH",10,539935,267430,"E92000001","E19000001","E18000006","E10000003","E07000012","E05013880"
"CB24 1BJ",10,539900,267432,"E92000001","E19000001","E18000006","E10000003","E07000012","E05013880"
"CB24 1BL",10,540333,267276,"E92000001","E19000001","E18000006","E10000003","E07000012","E05013880"
"CB24 1BN",10,539847,267643,"E92000001","E19000001","E18000006","E10000003","E07000012","E05013880"
"CB24 1BP",10,540398,267380,"E92000001","E19000001","E18000006","E10000003","E07000012","E05013880"
"CB24 1BQ",10,540477,267366,"E92000001","E19000001","E18000006","E10000003","E07000012","E05013880"
"CB24 1BR",10,540419,267344,"E92000001","E19000001","E18000006","E10000003","E07000012","E05013880"
"CB24 1BS",10,540065,267091,"E92000001","E19000001","E18000006","E10000003","E07000012","E05013880"
"CB24 1BT",10,540368,267324,"E92000001","E19000001","E18000006","E10000003","E07000012","E05013880"
"CB24 1BU",10,540359,267460,"E92000001","E19000001","E18000006","E10000003","E07000012","E05013880"
"CB24 1BW",10,540458,267482,"E92000001","E19000001","E18000006","E10000003","E07000012","E05013880"
"CB24 1BX",10,540419,267459,"E92000001","E19000001","E18000006","E10000003","E07000012","E05013880"
"CB24 1BY",10,540364,267270,"E92000001","E19000001","E18000006","E10000003","E07000012","E05013880"
"CB24 1BZ",10,540023,267092,"E92000001","E19000001","E18000006","E10000003","E07000012","E05013880"
"CB24 1DA",10,539981,267278,"E92000001","E19000001","E18000006","E10000003","E07000012","E05013880"
"CB24 1DB",10,540493,267718,"E92000001","E19000001","E18000006","E10000003","E07000012","E05013880"
"CB24 1DD",10,540314,267764,"E92000001","E19000001","E18000006","E10000003","E07000012","E05013880"
"CB24 1DE",10,540368,267719,"E92000001","E19000001","E18000006","E10000003","E07000012","E05013880"
"CB24 1DF",10,540450,267670,"E92000001","E19000001","E18000006","E10000003","E07000012","E05013880"
"CB24 1DG",10,540380,267681,"E92000001","E19000001","E18000006","E10000003","E07000012","E05013880"
"CB24 1DH",10,541036,266850,"E92000001","E19000001","E18000006","E10000003","E07000012","E05013880"
"CB24 1DJ",10,541132,266716,"E92000001","E19000001","E18000006","E10000003","E07000012","E05013880"
"CB24 1DL",10,540528,267317,"E92000001","E19000001","E18000006","E10000003","E07000012","E05013880"
"CB24 1DN",10,540371,267209,"E92000001","E19000001","E18000006","E10000003","E07000012","E05013880"
"CB24 1DP",10,540434,267213,"E92000001","E19000001","E18000006","E10000003","E07000012","E05013880"
"CB24 1DQ",10,540480,267276,"E92000001","E19000001","E18000006","E10000003","E07000012","E05013880"
"CB24 1DR",10,540575,267309,"E92000001","E19000001","E18000006","E10000003","E07000012","E05013880"
"CB24 1DS",10,540655,267365,"E92000001","E19000001","E18000006","E10000003","E07000012","E05013880"
"CB24 1DT",10,540241,267237,"E92000001","E19000001","E18000006","E10000003","E07000012","E05013880"
"CB24 1DU",10,540158,267188,"E92000001","E19000001","E18000006","E10000003","E07000012","E05013880"
"CB24 1DW",10,540986,267102,"E92000001","E19000001","E18000006","E10000003","E07000012","E05013880"
"CB24 1DX",10,541071,267153,"E92000001","E19000001","E18000006","E10000003","E07000012","E05013880"
"CB24 1DY",10,540340,267199,"E92000001","E19000001","E18000006","E10000003","E07000012","E05013880"
"CB24 1DZ",10,540177,267043,"E92000001","E19000001","E18000006","E10000003","E07000012","E05013880"
"CB24 1EA",10,540231,267095,"E92000001","E19000001","E18000006","E10000003","E07000012","E05013880"
"CB24 1EB",10,540299,267067,"E92000001","E19000001","E18000006","E10000003","E07000012","E05013880"
"CB24 1ED",10,540284,267018,"E92000001","E19000001","E18000006","E10000003","E07000012","E05013880"
"CB24 1EE",10,540309,267138,"E92000001","E19000001","E18000006","E10000003","E07000012","E05013880"
"CB24 1EF",10,540905,267328,"E92000001","E19000001","E18000006","E10000003","E07000012","E05013880"
"CB24 1EG",10,540949,267273,"E92000001","E19000001","E18000006","E10000003","E07000012","E05013880"
"CB24 1EH",10,540867,267406,"E92000001","E19000001","E18000006","E10000003","E07000012","E05013880"
"CB24 1EJ",10,540909,267261,"E92000001","E19000001","E18000006","E10000003","E07000012","E05013880"
"CB24 1EL",10,540905,267371,"E92000001","E19000001","E18000006","E10000003","E07000012","E05013880"
"CB24 1EN",50,540822,266961,"E92000001","E19000001","E18000006","E10000003","E07000012","E05013880"
"CB24 1EP",10,540272,267534,"E92000001","E19000001","E18000006","E10000003","E07000012","E05013880"
"CB24 1EQ",10,540338,267586,"E92000001","E19000001","E18000006","E10000003","E07000012","E05013880"
"CB24 1ER",10,540711,266580,"E92000001","E19000001","E18000006","E10000003","E07000012","E05013880"
"CB24 1ES",10,540656,266508,"E92000001","E19000001","E18000006","E10000003","E07000012","E05013880"
"CB24 1ET",10,540834,266524,"E92000001","E19000001","E18000006","E10000003","E07000012","E05013880"
"CB24 1EU",10,540812,266579,"E92000001","E19000001","E18000006","E10000003","E07000012","E05013880"
"CB24 1EW",10,540734,266554,"E92000001","E19000001","E18000006","E10000003","E07000012","E05013880"
"CB24 1EX",10,540842,266600,"E92000001","E19000001","E18000006","E10000003","E07000012","E05013880"
"CB24 1EY",10,540877,266506,"E92000001","E19000001","E18000006","E10000003","E07000012","E05013880"
"CB24 1FB",10,540877,266612,"E92000001","E19000001","E18000006","E10000003","E07000012","E05013880"
"CB24 1FD",10,539980,267543,"E92000001","E19000001","E18000006","E10000003","E07000012","E05013880"
"CB24 1FE",10,541026,266961,"E92000001","E19000001","E18000006","E10000003","E07000012","E05013880"
"CB24 3AA",10,541001,264533,"E92000001","E19000001","E18000006","E10000003","E07000012","E05013880"
"CB24 3AB",10,540915,264532,"E92000001","E19000001","E18000006","E10000003","E07000012","E05013880"
"CB24 3AD",10,540859,264489,"E92000001","E19000001","E18000006","E10000003","E07000012","E05013880"
"CB24 3AE",10,540971,264596,"E92000001","E19000001","E18000006","E10000003","E07000012","E05013880"
"CB24 3AF",10,541125,264570,"E92000001","E19000001","E18000006","E10000003","E07000012","E05013880"
"CB24 3AG",10,541322,264634,"E92000001","E19000001","E18000006","E10000003","E07000012","E05013880"
"CB24 3AH",10,541839,265125,"E92000001","E19000001","E18000006","E10000003","E07000012","E05013880"
"CB24 3AJ",10,541247,264367,"E92000001","E19000001","E18000006","E10000003","E07000012","E05013880"
"CB24 3AL",10,541331,264502,"E92000001","E19000001","E18000006","E10000003","E07000012","E05013880"
"CB24 3AN",10,541584,264818,"E92000001","E19000001","E18000006","E10000003","E07000012","E05013880"
"CB24 3AP",10,541094,264396,"E92000001","E19000001","E18000006","E10000003","E07000012","E05013880"
"CB24 3AQ",10,541586,264869,"E92000001","E19000001","E18000006","E10000003","E07000012","E05013880"
"CB24 3AR",10,542135,265326,"E92000001","E19000001","E18000006","E10000003","E07000012","E05013880"
"CB24 3AS",10,541689,264783,"E92000001","E19000001","E18000006","E10000003","E07000012","E05013880"
"CB24 3AT",10,541326,264812,"E92000001","E19000001","E18000006","E10000003","E07000012","E05013880"
"CB24 3AU",10,541438,264911,"E92000001","E19000001","E18000006","E10000003","E07000012","E05013880"
"CB24 3AW",10,541545,264604,"E92000001","E19000001","E18000006","E10000003","E07000012","E05013880"
"CB24 3AX",10,546182,257043,"E92000001","E19000001","E18000006","E10000003","E07000008","E05013054"
"CB24 3AY",10,541138,264446,"E92000001","E19000001","E18000006","E10000003","E07000012","E05013880"
"CB24 3AZ",10,541623,264696,"E92000001","E19000001","E18000006","E10000003","E07000012","E05013880"
"CB24 3BA",10,541046,264478,"E92000001","E19000001","E18000006","E10000003","E07000012","E05013880"
"CB24 3BB",10,540956,264339,"E92000001","E19000001","E18000006","E10000003","E07000012","E05013880"
"CB24 3BD",10,540952,264080,"E92000001","E19000001","E18000006","E10000003","E07000012","E05013880"
"CB24 3BE",10,541028,264106,"E92000001","E19000001","E18000006","E10000003","E07000012","E05013880"
"CB24 3BF",10,539281,267282,"E92000001","E19000001","E18000006","E10000003","E07000012","E05013880"
"CB24 3BG",10,541322,264030,"E92000001","E19000001","E18000006","E10000003","E07000012","E05013880"
"CB24 3BH",10,540897,264407,"E92000001","E19000001","E18000006","E10000003","E07000012","E05013880"
"CB24 3BJ",10,539834,266353,"E92000001","E19000001","E18000006","E10000003","E07000012","E05013880"
"CB24 3BL",10,539841,266505,"E92000001","E19000001","E18000006","E10000003","E07000012","E05013880"
"CB24 3BN",10,539598,266952,"E92000001","E19000001","E18000006","E10000003","E07000012","E05013880"
"CB24 3BP",10,539746,266534,"E92000001","E19000001","E18000006","E10000003","E07000012","E05013880"
"CB24 3BQ",10,541091,264063,"E92000001","E19000001","E18000006","E10000003","E07000012","E05013880"
"CB24 3BS",10,539601,266817,"E92000001","E19000001","E18000006","E10000003","E07000012","E05013880"
"CB24 3BT",10,539501,267150,"E92000001","E19000001","E18000006","E10000003","E07000012","E05013880"
"CB24 3BU",10,540073,266159,"E92000001","E19000001","E18000006","E10000003","E07000012","E05013880"
"CB24 3BW",10,539510,266674,"E92000001","E19000001","E18000006","E10000003","E07000012","E05013880"
"CB24 3BX",10,540013,266083,"E92000001","E19000001","E18000006","E10000003","E07000012","E05013880"
"CB24 3BY",10,539597,267339,"E92000001","E19000001","E18000006","E10000003","E07000012","E05013880"
"CB24 3BZ",10,540246,265888,"E92000001","E19000001","E18000006","E10000003","E07000012","E05013880"
"CB24 3DA",10,540181,265865,"E92000001","E19000001","E18000006","E10000003","E07000012","E05013880"
"CB24 3DB",10,539959,265686,"E92000001","E19000001","E18000006","E10000003","E07000012","E05013880"
"CB24 3DD",10,540325,265927,"E92000001","E19000001","E18000006","E10000003","E07000012","E05013880"
"CB24 3DE",10,540355,265912,"E92000001","E19000001","E18000006","E10000003","E07000012","E05013880"
"CB24 3DF",10,540408,266243,"E92000001","E19000001","E18000006","E10000003","E07000012","E05013880"
"CB24 3DG",10,540228,266092,"E92000001","E19000001","E18000006","E10000003","E07000012","E05013880"
"CB24 3DH",10,539736,266480,"E92000001","E19000001","E18000006","E10000003","E07000012","E05013880"
"CB24 3DJ",10,539646,266550,"E92000001","E19000001","E18000006","E10000003","E07000012","E05013880"
"CB24 3DL",10,539708,266755,"E92000001","E19000001","E18000006","E10000003","E07000012","E05013880"
"CB24 3DN",10,539599,266649,"E92000001","E19000001","E18000006","E10000003","E07000012","E05013880"
"CB24 3DP",10,539436,267228,"E92000001","E19000001","E18000006","E10000003","E07000012","E05013880"
"CB24 3DQ",10,540372,264107,"E92000001","E19000001","E18000006","E10000003","E07000012","E05013880"
"CB24 3DR",10,539623,267363,"E92000001","E19000001","E18000006","E10000003","E07000012","E05013880"
"CB24 3DS",10,539864,268373,"E92000001","E19000001","E18000006","E10000003","E07000012","E05013881"
"CB24 3DT",10,540238,265965,"E92000001","E19000001","E18000006","E10000003","E07000012","E05013880"
"CB24 3DU",10,541106,264218,"E92000001","E19000001","E18000006","E10000003","E07000012","E05013880"
"CB24 3DW",10,539447,266881,"E92000001","E19000001","E18000006","E10000003","E07000012","E05013880"
"CB24 3DX",10,538910,265515,"E92000001","E19000001","E18000006","E10000003","E07000012","E05013880"
"CB24 3DY",10,539678,266891,"E92000001","E19000001","E18000006","E10000003","E07000012","E05013880"
"CB24 3DZ",10,539550,267067,"E92000001","E19000001","E18000006","E10000003","E07000012","E05013880"
"CB24 3EA",10,539513,266809,"E92000001","E19000001","E18000006","E10000003","E07000012","E05013880"
"CB24 3ED",10,539591,267174,"E92000001","E19000001","E18000006","E10000003","E07000012","E05013880"
"CB24 3EE",10,539799,266682,"E92000001","E19000001","E18000006","E10000003","E07000012","E05013880"
"CB24 3EF",10,539879,266607,"E92000001","E19000001","E18000006","E10000003","E07000012","E05013880"
"CB24 3EG",10,540062,266629,"E92000001","E19000001","E18000006","E10000003","E07000012","E05013880"
"CB24 3EH",10,540637,266811,"E92000001","E19000001","E18000006","E10000003","E07000012","E05013880"
"CB24 3EL",10,539937,266505,"E92000001","E19000001","E18000006","E10000003","E07000012","E05013880"
"CB24 3EN",10,540007,266493,"E92000001","E19000001","E18000006","E10000003","E07000012","E05013880"
"CB24 3EP",10,539586,266774,"E92000001","E19000001","E18000006","E10000003","E07000012","E05013880"
"CB24 3EQ",10,540006,266715,"E92000001","E19000001","E18000006","E10000003","E07000012","E05013880"
"CB24 3ER",10,539287,267323,"E92000001","E19000001","E18000006","E10000003","E07000012","E05013880"
"CB24 3ES",10,539352,267420,"E92000001","E19000001","E18000006","E10000003","E07000012","E05013880"
"CB24 3ET",10,539474,267417,"E92000001","E19000001","E18000006","E10000003","E07000012","E05013880"
"CB24 3EU",10,539232,267282,"E92000001","E19000001","E18000006","E10000003","E07000012","E05013880"
"CB24 3EW",10,540687,266690,"E92000001","E19000001","E18000006","E10000003","E07000012","E05013880"
"CB24 3EX",10,539336,267233,"E92000001","E19000001","E18000006","E10000003","E07000012","E05013880"
"CB24 3EY",10,539092,267262,"E92000001","E19000001","E18000006","E10000003","E07000012","E05013880"
"CB24 3EZ",10,539105,267308,"E92000001","E19000001","E18000006","E10000003","E07000012","E05013880"
"CB24 3FA",10,539143,267350,"E92000001","E19000001","E18000006","E10000003","E07000012","E05013880"
"CB24 3FD",10,539202,267409,"E92000001","E19000001","E18000006","E10000003","E07000012","E05013880"
"CB24 3FE",10,539840,266532,"E92000001","E19000001","E18000006","E10000003","E07000012","E05013880"
"CB24 3FF",10,540067,266191,"E92000001","E19000001","E18000006","E10000003","E07000012","E05013880"
"CB24 3FG",10,539694,266399,"E92000001","E19000001","E18000006","E10000003","E07000012","E05013880"
"CB24 3FH",10,541061,264241,"E92000001","E19000001","E18000006","E10000003","E07000012","E05013880"
"CB24 3FJ",50,539143,267350,"E92000001","E19000001","E18000006","E10000003","E07000012","E05013880"
"CB24 3FW",10,546182,257043,"E92000001","E19000001","E18000006","E10000003","E07000008","E05013054"
"CB24 3GN",10,539441,266995,"E92000001","E19000001","E18000006","E10000003","E07000012","E05013880"
"CB24 3GP",10,539070,267086,"E92000001","E19000001","E18000006","E10000003","E07000012","E05013880"
"CB24 3GS",10,541225,264697,"E92000001","E19000001","E18000006","E10000003","E07000012","E05013880"
"CB24 3GT",10,539339,266939,"E92000001","E19000001","E18000006","E10000003","E07000012","E05013880"
"CB24 3GU",10,539276,266898,"E92000001","E19000001","E18000006","E10000003","E07000012","E05013880"
"CB24 3GW",10,539390,266977,"E92000001","E19000001","E18000006","E10000003","E07000012","E05013880"
"CB24 3GY",10,539294,267063,"E92000001","E19000001","E18000006","E10000003","E07000012","E05013880"
"CB24 3GZ",10,539280,267005,"E92000001","E19000001","E18000006","E10000003","E07000012","E05013880"
"CB24 3UP",10,539180,267118,"E92000001","E19000001","E18000006","E10000003","E07000012","E05013880"
"CB24 3US",10,539141,267078,"E92000001","E19000001","E18000006","E10000003","E07000012","E05013880"
"CB24 3XA",10,541131,264257,"E92000001","E19000001","E18000006","E10000003","E07000012","E05013880"
"CB24 3XL",10,541144,264536,"E92000001","E19000001","E18000006","E10000003","E07000012","E05013880"
"CB24 3YW",10,540651,263878,"E92000001","E19000001","E18000006","E10000003","E07000012","E05013880"
"CB24 3YX",10,540220,263535,"E92000001","E19000001","E18000006","E10000003","E07000012","E05013880"
"CB24 4AA",10,536379,268083,"E92000001","E19000001","E18000006","E10000003","E07000012","E05011305"
"CB24 4AB",10,536251,267964,"E92000001","E19000001","E18000006","E10000003","E07000012","E05011305"
"CB24 4AD",10,537529,266738,"E92000001","E19000001","E18000006","E10000003","E07000012","E05011305"
"CB24 4AE",10,535899,265722,"E92000001","E19000001","E18000006","E10000003","E07000012","E05011305"
"CB24 4AF",10,535836,268417,"E92000001","E19000001","E18000006","E10000003","E07000012","E05011305"
"CB24 4AG",10,536434,268076,"E92000001","E19000001","E18000006","E10000003","E07000012","E05011305"
"CB24 4AH",10,535886,268304,"E92000001","E19000001","E18000006","E10000003","E07000012","E05011305"
"CB24 4AJ",10,535800,268258,"E92000001","E19000001","E18000006","E10000003","E07000012","E05011305"
"CB24 4AL",10,535932,268335,"E92000001","E19000001","E18000006","E10000003","E07000012","E05011305"
"CB24 4AN",10,535851,268244,"E92000001","E19000001","E18000006","E10000003","E07000012","E05011305"
"CB24 4AP",10,536142,267804,"E92000001","E19000001","E18000006","E10000003","E07000012","E05011305"
"CB24 4AQ",10,533462,268563,"E92000001","E19000001","E18000006","E10000003","E07000012","E05011305"
"CB24 4FQ",10,536008,265864,"E92000001","E19000001","E18000006","E10000003","E07000012","E05011305"
"CB24 4GH",10,536178,268711,"E92000001","E19000001","E18000006","E10000003","E07000012","E05011305"
"CB24 4GJ",10,536101,268770,"E92000001","E19000001","E18000006","E10000003","E07000012","E05011305"
"CB24 4GL",10,536283,267731,"E92000001","E19000001","E18000006","E10000003","E07000012","E05011305"
"CB24 4GQ",10,536030,268760,"E92000001","E19000001","E18000006","E10000003","E07000012","E05011305"
"CB24 4QG",10,536250,268928,"E92000001","E19000001","E18000006","E10000003","E07000012","E05011305"
"CB24 4QH",10,536294,268830,"E92000001","E19000001","E18000006","E10000003","E07000012","E05011305"
"CB24 4QJ",10,536166,269082,"E92000001","E19000001","E18000006","E10000003","E07000012","E05011305"
"CB24 4QL",10,536451,269573,"E92000001","E19000001","E18000006","E10000003","E07000012","E05011305"
"CB24 4QN",10,536055,268974,"E92000001","E19000001","E18000006","E10000003","E07000012","E05011305"
"CB24 4QP",10,535632,268961,"E92000001","E19000001","E18000006","E10000003","E07000012","E05011305"
"CB24 4QQ",10,536404,269003,"E92000001","E19000001","E18000006","E10000003","E07000012","E05011305"
"CB24 4QR",10,536051,268896,"E92000001","E19000001","E18000006","E10000003","E07000012","E05011305"
"CB24 4QT",10,536312,267713,"E92000001","E19000001","E18000006","E10000003","E07000012","E05011305"
"CB24 4QU",10,536182,268792,"E92000001","E19000001","E18000006","E10000003","E07000012","E05011305"
"CB24 4QW",10,536236,269040,"E92000001","E19000001","E18000006","E10000003","E07000012","E05011305"
"CB24 4QY",10,536229,268863,"E92000001","E19000001","E18000006","E10000003","E07000012","E05011305"
"CB24 4QZ",10,536530,269450,"E92000001","E19000001","E18000006","E10000003","E07000012","E05011305"
"CB24 4RA",10,536238,267386,"E92000001","E19000001","E18000006","E10000003","E07000012","E05011305"
"CB24 4RB",10,535496,267520,"E92000001","E19000001","E18000006","E10000003","E07000012","E05011305"
"CB24 4RE",10,536130,265490,"E92000001","E19000001","E18000006","E10000003","E07000012","E05011305"
"CB24 4RF",10,536303,268698,"E92000001","E19000001","E18000006","E10000003","E07000012","E05011305"
"CB24 4RG",10,536446,267448,"E92000001","E19000001","E18000006","E10000003","E07000012","E05011305"
"CB24 4RJ",10,536053,268623,"E92000001","E19000001","E18000006","E10000003","E07000012","E05011305"
"CB24 4RL",10,536108,268546,"E92000001","E19000001","E18000006","E10000003","E07000012","E05011305"
"CB24 4RN",10,536266,268407,"E92000001","E19000001","E18000006","E10000003","E07000012","E05011305"
"CB24 4RP",10,536343,267915,"E92000001","E19000001","E18000006","E10000003","E07000012","E05011305"
"CB24 4RQ",10,536257,266532,"E92000001","E19000001","E18000006","E10000003","E07000012","E05011305"
"CB24 4RR",10,536144,268284,"E92000001","E19000001","E18000006","E10000003","E07000012","E05011305"
"CB24 4RS",10,536113,268179,"E92000001","E19000001","E18000006","E10000003","E07000012","E05011305"
"CB24 4RT",10,536232,268062,"E92000001","E19000001","E18000006","E10000003","E07000012","E05011305"
"CB24 4RU",10,536457,267799,"E92000001","E19000001","E18000006","E10000003","E07000012","E05011305"
"CB24 4RW",10,536319,268147,"E92000001","E19000001","E18000006","E10000003","E07000012","E05011305"
"CB24 4RX",10,537783,267338,"E92000001","E19000001","E18000006","E10000003","E07000012","E05011305"
"CB24 4RY",10,536122,268400,"E92000001","E19000001","E18000006","E10000003","E07000012","E05011305"
"CB24 4RZ",10,536180,268424,"E92000001","E19000001","E18000006","E10000003","E07000012","E05011305"
"CB24 4SA",10,536163,268651,"E92000001","E19000001","E18000006","E10000003","E07000012","E05011305"
"CB24 4SB",10,533940,268155,"E92000001","E19000001","E18000006","E10000003","E07000012","E05011305"
"CB24 4SD",10,532734,267839,"E92000001","E19000001","E18000006","E10000003","E07000012","E05011305"
"CB24 4SE",10,534444,267652,"E92000001","E19000001","E18000006","E10000003","E07000012","E05011305"
"CB24 4SF",10,534098,268100,"E92000001","E19000001","E18000006","E10000003","E07000012","E05011305"
"CB24 4SG",10,533986,268143,"E92000001","E19000001","E18000006","E10000003","E07000012","E05011305"
"CB24 4SH",10,533985,268183,"E92000001","E19000001","E18000006","E10000003","E07000012","E05011305"
"CB24 4SJ",10,533897,268338,"E92000001","E19000001","E18000006","E10000003","E07000012","E05011305"
"CB24 4SL",10,533546,268437,"E92000001","E19000001","E18000006","E10000003","E07000012","E05011305"
"CB24 4SN",10,533831,268473,"E92000001","E19000001","E18000006","E10000003","E07000012","E05011305"
"CB24 4SP",10,533702,268436,"E92000001","E19000001","E18000006","E10000003","E07000012","E05011305"
"CB24 4SQ",10,533772,268200,"E92000001","E19000001","E18000006","E10000003","E07000012","E05011305"
"CB24 4SR",10,533360,268909,"E92000001","E19000001","E18000006","E10000003","E07000012","E05011305"
"CB24 4SS",10,533141,268828,"E92000001","E19000001","E18000006","E10000003","E07000012","E05011305"
"CB24 4ST",10,532894,268134,"E92000001","E19000001","E18000006","E10000003","E07000012","E05011305"
"CB24 4SU",10,533120,267977,"E92000001","E19000001","E18000006","E10000003","E07000012","E05011305"
"CB24 4SW",10,533679,268535,"E92000001","E19000001","E18000006","E10000003","E07000012","E05011305"
"CB24 4SY",10,533890,268528,"E92000001","E19000001","E18000006","E10000003","E07000012","E05011305"
"CB24 4SZ",10,533874,268148,"E92000001","E19000001","E18000006","E10000003","E07000012","E05011305"
"CB24 4TA",10,533725,268315,"E92000001","E19000001","E18000006","E10000003","E07000012","E05011305"
"CB24 4TE",10,533751,268610,"E92000001","E19000001","E18000006","E10000003","E07000012","E05011305"
"CB24 4TF",10,533863,268410,"E92000001","E19000001","E18000006","E10000003","E07000012","E05011305"
"CB24 4TG",10,533826,268344,"E92000001","E19000001","E18000006","E10000003","E07000012","E05011305"
"CB24 4TR",10,535941,268629,"E92000001","E19000001","E18000006","E10000003","E07000012","E05011305"
"CB24 4TT",10,535837,268731,"E92000001","E19000001","E18000006","E10000003","E07000012","E05011305"
"CB24 4UG",10,535856,266010,"E92000001","E19000001","E18000006","E10000003","E07000012","E05011305"
"CB24 4UL",10,535920,265924,"E92000001","E19000001","E18000006","E10000003","E07000012","E05011305"
"CB24 4UQ",10,535995,265775,"E92000001","E19000001","E18000006","E10000003","E07000012","E05011305"
"CB24 4WZ",10,536176,268943,"E92000001","E19000001","E18000006","E10000003","E07000012","E05011305"
"CB24 4YP",10,533856,268323,"E92000001","E19000001","E18000006","E10000003","E07000012","E05011305"
"CB24 5AA",10,537601,270539,"E92000001","E19000001","E18000006","E10000003","E07000012","E05013881"
"CB24 5AB",10,541201,269775,"E92000001","E19000001","E18000006","E10000003","E07000012","E05013881"
"CB24 5AD",10,540397,270381,"E92000001","E19000001","E18000006","E10000003","E07000012","E05013881"
"CB24 5AE",10,539844,270257,"E92000001","E19000001","E18000006","E10000003","E07000012","E05013881"
"CB24 5AF",10,540942,270866,"E92000001","E19000001","E18000006","E10000003","E07000012","E05013881"
"CB24 5AG",10,541854,271401,"E92000001","E19000001","E18000006","E10000003","E07000012","E05013881"
"CB24 5AH",10,540248,270215,"E92000001","E19000001","E18000006","E10000003","E07000012","E05013881"
"CB24 5AJ",10,540943,270964,"E92000001","E19000001","E18000006","E10000003","E07000012","E05013881"
"CB24 5AL",10,537895,269318,"E92000001","E19000001","E18000006","E10000003","E07000012","E05013881"
"CB24 5AN",10,540095,269982,"E92000001","E19000001","E18000006","E10000003","E07000012","E05013881"
"CB24 5AP",10,539960,271004,"E92000001","E19000001","E18000006","E10000003","E07000012","E05013881"
"CB24 5AQ",10,540082,269488,"E92000001","E19000001","E18000006","E10000003","E07000012","E05013881"
"CB24 5AR",10,541022,270640,"E92000001","E19000001","E18000006","E10000003","E07000012","E05013881"
"CB24 5AS",10,540995,270736,"E92000001","E19000001","E18000006","E10000003","E07000012","E05013881"
"CB24 5AT",50,540969,270652,"E92000001","E19000001","E18000006","E10000003","E07000012","E05013881"
"CB24 5AU",10,539893,269879,"E92000001","E19000001","E18000006","E10000003","E07000012","E05013881"
"CB24 5AX",10,537980,270701,"E92000001","E19000001","E18000006","E10000003","E07000012","E05013881"
"CB24 5AY",10,537801,269727,"E92000001","E19000001","E18000006","E10000003","E07000012","E05013881"
"CB24 5AZ",10,541010,270858,"E92000001","E19000001","E18000006","E10000003","E07000012","E05013881"
"CB24 5BA",10,537405,270629,"E92000001","E19000001","E18000006","E10000003","E07000012","E05013881"
"CB24 5BE",10,539612,269829,"E92000001","E19000001","E18000006","E10000003","E07000012","E05013881"
"CB24 5ER",10,540382,270569,"E92000001","E19000001","E18000006","E10000003","E07000012","E05013881"
"CB24 5ES",10,540267,270255,"E92000001","E19000001","E18000006","E10000003","E07000012","E05013881"
"CB24 5ET",10,540093,270084,"E92000001","E19000001","E18000006","E10000003","E07000012","E05013881"
"CB24 5EU",10,539894,270157,"E92000001","E19000001","E18000006","E10000003","E07000012","E05013881"
"CB24 5EX",10,539954,270183,"E92000001","E19000001","E18000006","E10000003","E07000012","E05013881"
"CB24 5EY",10,539169,269767,"E92000001","E19000001","E18000006","E10000003","E07000012","E05013881"
"CB24 5EZ",10,540001,270238,"E92000001","E19000001","E18000006","E10000003","E07000012","E05013881"
"CB24 5GD",10,540127,270169,"E92000001","E19000001","E18000006","E10000003","E07000012","E05013881"
"CB24 5GE",10,540192,270229,"E92000001","E19000001","E18000006","E10000003","E07000012","E05013881"
"CB24 5GR",10,537777,269277,"E92000001","E19000001","E18000006","E10000003","E07000012","E05013881"
"CB24 5GX",10,540177,270334,"E92000001","E19000001","E18000006","E10000003","E07000012","E05013881"
"CB24 5HA",10,539833,270489,"E92000001","E19000001","E18000006","E10000003","E07000012","E05013881"
"CB24 5HB",10,539877,270004,"E92000001","E19000001","E18000006","E10000003","E07000012","E05013881"
"CB24 5HD",10,540282,269652,"E92000001","E19000001","E18000006","E10000003","E07000012","E05013881"
"CB24 5HE",10,540457,269599,"E92000001","E19000001","E18000006","E10000003","E07000012","E05013881"
"CB24 5HF",10,540108,269882,"E92000001","E19000001","E18000006","E10000003","E07000012","E05013881"
"CB24 5HG",10,540019,269353,"E92000001","E19000001","E18000006","E10000003","E07000012","E05013881"
"CB24 5HH",10,540156,268974,"E92000001","E19000001","E18000006","E10000003","E07000012","E05013881"
"CB24 5HJ",10,540462,268505,"E92000001","E19000001","E18000006","E10000003","E07000012","E05013881"
"CB24 5HL",10,539897,270232,"E92000001","E19000001","E18000006","E10000003","E07000012","E05013881"
"CB24 5HN",10,540344,270299,"E92000001","E19000001","E18000006","E10000003","E07000012","E05013881"
"CB24 5HP",10,540382,270418,"E92000001","E19000001","E18000006","E10000003","E07000012","E05013881"
"CB24 5HQ",10,540004,268967,"E92000001","E19000001","E18000006","E10000003","E07000012","E05013881"
"CB24 5HS",10,540611,270498,"E92000001","E19000001","E18000006","E10000003","E07000012","E05013881"
"CB24 5HT",10,540538,270481,"E92000001","E19000001","E18000006","E10000003","E07000012","E05013881"
"CB24 5HW",10,540862,270612,"E92000001","E19000001","E18000006","E10000003","E07000012","E05013881"
"CB24 5HX",10,540721,270527,"E92000001","E19000001","E18000006","E10000003","E07000012","E05013881"
"CB24 5HY",10,540887,270622,"E92000001","E19000001","E18000006","E10000003","E07000012","E05013881"
"CB24 5HZ",10,541240,270332,"E92000001","E19000001","E18000006","E10000003","E07000012","E05013881"
"CB24 5JA",10,540777,270334,"E92000001","E19000001","E18000006","E10000003","E07000012","E05013881"
"CB24 5JB",10,540846,270170,"E92000001","E19000001","E18000006","E10000003","E07000012","E05013881"
"CB24 5JD",10,541021,270025,"E92000001","E19000001","E18000006","E10000003","E07000012","E05013881"
"CB24 5JE",10,540672,269969,"E92000001","E19000001","E18000006","E10000003","E07000012","E05013881"
"CB24 5JF",10,540868,269407,"E92000001","E19000001","E18000006","E10000003","E07000012","E05013881"
"CB24 5JG",10,540854,269851,"E92000001","E19000001","E18000006","E10000003","E07000012","E05013881"
"CB24 5JH",10,540766,270627,"E92000001","E19000001","E18000006","E10000003","E07000012","E05013881"
"CB24 5JJ",10,540787,270754,"E92000001","E19000001","E18000006","E10000003","E07000012","E05013881"
"CB24 5JL",10,541319,270785,"E92000001","E19000001","E18000006","E10000003","E07000012","E05013881"
"CB24 5JN",10,542749,272203,"E92000001","E19000001","E18000006","E10000003","E07000012","E05013881"
"CB24 5JP",10,540854,269298,"E92000001","E19000001","E18000006","E10000003","E07000012","E05013881"
"CB24 5JQ",10,540804,269580,"E92000001","E19000001","E18000006","E10000003","E07000012","E05013881"
"CB24 5JS",10,540283,270017,"E92000001","E19000001","E18000006","E10000003","E07000012","E05013881"
"CB24 5JT",10,540340,269797,"E92000001","E19000001","E18000006","E10000003","E07000012","E05013881"
"CB24 5JU",10,540252,269848,"E92000001","E19000001","E18000006","E10000003","E07000012","E05013881"
"CB24 5JW",10,541403,272468,"E92000001","E19000001","E18000006","E10000003","E07000012","E05013881"
"CB24 5JX",10,540391,269962,"E92000001","E19000001","E18000006","E10000003","E07000012","E05013881"
"CB24 5JY",10,540429,269949,"E92000001","E19000001","E18000006","E10000003","E07000012","E05013881"
"CB24 5JZ",10,540859,270264,"E92000001","E19000001","E18000006","E10000003","E07000012","E05013881"
"CB24 5LA",10,540492,269888,"E92000001","E19000001","E18000006","E10000003","E07000012","E05013881"
"CB24 5LB",10,540612,270332,"E92000001","E19000001","E18000006","E10000003","E07000012","E05013881"
"CB24 5LD",10,540586,270081,"E92000001","E19000001","E18000006","E10000003","E07000012","E05013881"
"CB24 5LE",10,540429,270075,"E92000001","E19000001","E18000006","E10000003","E07000012","E05013881"
"CB24 5LF",10,540664,270197,"E92000001","E19000001","E18000006","E10000003","E07000012","E05013881"
"CB24 5LG",10,540699,270329,"E92000001","E19000001","E18000006","E10000003","E07000012","E05013881"
"CB24 5LH",10,540508,270672,"E92000001","E19000001","E18000006","E10000003","E07000012","E05013881"
"CB24 5LJ",10,540353,270520,"E92000001","E19000001","E18000006","E10000003","E07000012","E05013881"
"CB24 5LL",10,540420,270672,"E92000001","E19000001","E18000006","E10000003","E07000012","E05013881"
"CB24 5LN",10,540349,270485,"E92000001","E19000001","E18000006","E10000003","E07000012","E05013881"
"CB24 5LP",10,540065,270945,"E92000001","E19000001","E18000006","E10000003","E07000012","E05013881"
"CB24 5LQ",10,540416,270562,"E92000001","E19000001","E18000006","E10000003","E07000012","E05013881"
"CB24 5LR",10,540377,270747,"E92000001","E19000001","E18000006","E10000003","E07000012","E05013881"
"CB24 5LS",10,540470,270850,"E92000001","E19000001","E18000006","E10000003","E07000012","E05013881"
"CB24 5LT",10,540788,272632,"E92000001","E19000001","E18000006","E10000003","E07000012","E05013881"
"CB24 5LU",10,537397,270087,"E92000001","E19000001","E18000006","E10000003","E07000012","E05013881"
"CB24 5LW",10,540303,270510,"E92000001","E19000001","E18000006","E10000003","E07000012","E05013881"
"CB24 5LX",10,537425,270142,"E92000001","E19000001","E18000006","E10000003","E07000012","E05013881"
"CB24 5LY",10,537456,270118,"E92000001","E19000001","E18000006","E10000003","E07000012","E05013881"
"CB24 5LZ",10,537484,270183,"E92000001","E19000001","E18000006","E10000003","E07000012","E05013881"
"CB24 5NA",10,537510,270227,"E92000001","E19000001","E18000006","E10000003","E07000012","E05013881"
"CB24 5NB",10,537504,270613,"E92000001","E19000001","E18000006","E10000003","E07000012","E05013881"
"CB24 5ND",10,537523,270641,"E92000001","E19000001","E18000006","E10000003","E07000012","E05013881"
"CB24 5NE",10,537902,270753,"E92000001","E19000001","E18000006","E10000003","E07000012","E05013881"
"CB24 5NF",10,537718,270717,"E92000001","E19000001","E18000006","E10000003","E07000012","E05013881"
"CB24 5NG",10,537519,270672,"E92000001","E19000001","E18000006","E10000003","E07000012","E05013881"
"CB24 5NH",10,537252,270776,"E92000001","E19000001","E18000006","E10000003","E07000012","E05013881"
"CB24 5NJ",10,537093,270559,"E92000001","E19000001","E18000006","E10000003","E07000012","E05013881"
"CB24 5NL",10,536885,270060,"E92000001","E19000001","E18000006","E10000003","E07000012","E05013881"
"CB24 5NN",10,537202,270573,"E92000001","E19000001","E18000006","E10000003","E07000012","E05013881"
"CB24 5NP",10,537001,270528,"E92000001","E19000001","E18000006","E10000003","E07000012","E05013881"
"CB24 5NQ",10,537469,270411,"E92000001","E19000001","E18000006","E10000003","E07000012","E05013881"
"CB24 5NR",10,536940,270473,"E92000001","E19000001","E18000006","E10000003","E07000012","E05013881"
"CB24 5NS",10,537396,270902,"E92000001","E19000001","E18000006","E10000003","E07000012","E05013881"
"CB24 5NT",10,536475,271298,"E92000001","E19000001","E18000006","E10000003","E07000012","E05013881"
"CB24 5NU",10,537865,270767,"E92000001","E19000001","E18000006","E10000003","E07000012","E05013881"
"CB24 5NW",10,537200,270437,"E92000001","E19000001","E18000006","E10000003","E07000012","E05013881"
"CB24 5NX",10,537300,270836,"E92000001","E19000001","E18000006","E10000003","E07000012","E05013881"
"CB24 5NY",10,538106,270793,"E92000001","E19000001","E18000006","E10000003","E07000012","E05013881"
"CB24 5NZ",10,537249,270428,"E92000001","E19000001","E18000006","E10000003","E07000012","E05013881"
"CB24 5PA",10,537366,270374,"E92000001","E19000001","E18000006","E10000003","E07000012","E05013881"
"CB24 5PB",10,537573,270367,"E92000001","E19000001","E18000006","E10000003","E07000012","E05013881"
"CB24 5PD",10,537886,270493,"E92000001","E19000001","E18000006","E10000003","E07000012","E05013881"
"CB24 5PE",10,538129,270421,"E92000001","E19000001","E18000006","E10000003","E07000012","E05013881"
"CB24 5PF",10,538873,270237,"E92000001","E19000001","E18000006","E10000003","E07000012","E05013881"
"CB24 5PG",10,537626,270357,"E92000001","E19000001","E18000006","E10000003","E07000012","E05013881"
"CB24 5PH",10,537555,270058,"E92000001","E19000001","E18000006","E10000003","E07000012","E05013881"
"CB24 5PJ",10,537279,270056,"E92000001","E19000001","E18000006","E10000003","E07000012","E05013881"
"CB24 5PL",10,537566,269909,"E92000001","E19000001","E18000006","E10000003","E07000012","E05013881"
"CB24 5PN",10,537606,270028,"E92000001","E19000001","E18000006","E10000003","E07000012","E05013881"
"CB24 5PP",10,537750,269637,"E92000001","E19000001","E18000006","E10000003","E07000012","E05013881"
"CB24 5PQ",10,537520,270103,"E92000001","E19000001","E18000006","E10000003","E07000012","E05013881"
"CB24 5PR",10,538335,269259,"E92000001","E19000001","E18000006","E10000003","E07000012","E05013881"
"CB24 5PS",10,537702,269955,"E92000001","E19000001","E18000006","E10000003","E07000012","E05013881"
"CB24 5PT",10,537764,269900,"E92000001","E19000001","E18000006","E10000003","E07000012","E05013881"
"CB24 5PU",10,537657,270129,"E92000001","E19000001","E18000006","E10000003","E07000012","E05013881"
"CB24 5PW",10,537660,269781,"E92000001","E19000001","E18000006","E10000003","E07000012","E05013881"
"CB24 5PX",10,537754,270167,"E92000001","E19000001","E18000006","E10000003","E07000012","E05013881"
"CB24 5PY",10,537938,270088,"E92000001","E19000001","E18000006","E10000003","E07000012","E05013881"
"CB24 5PZ",10,537803,270261,"E92000001","E19000001","E18000006","E10000003","E07000012","E05013881"
"CB24 5QA",10,537410,270318,"E92000001","E19000001","E18000006","E10000003","E07000012","E05013881"
"CB24 5QB",10,537423,270366,"E92000001","E19000001","E18000006","E10000003","E07000012","E05013881"
"CB24 5QD",10,537427,270263,"E92000001","E19000001","E18000006","E10000003","E07000012","E05013881"
"CB24 5QE",10,537877,269341,"E92000001","E19000001","E18000006","E10000003","E07000012","E05013881"
"CB24 5QF",10,537987,270352,"E92000001","E19000001","E18000006","E10000003","E07000012","E05013881"
"CB24 5QG",10,537356,270162,"E92000001","E19000001","E18000006","E10000003","E07000012","E05013881"
"CB24 5SB",10,537331,270446,"E92000001","E19000001","E18000006","E10000003","E07000012","E05013881"
"CB24 5TX",10,537738,270794,"E92000001","E19000001","E18000006","E10000003","E07000012","E05013881"
"CB24 5TY",10,537917,270252,"E92000001","E19000001","E18000006","E10000003","E07000012","E05013881"
"CB24 5TZ",10,537885,270308,"E92000001","E19000001","E18000006","E10000003","E07000012","E05013881"
"CB24 5UA",10,537880,270343,"E92000001","E19000001","E18000006","E10000003","E07000012","E05013881"
"CB24 5UB",10,537277,270528,"E92000001","E19000001","E18000006","E10000003","E07000012","E05013881"
"CB24 5UH",10,540902,270122,"E92000001","E19000001","E18000006","E10000003","E07000012","E05013881"
"CB24 5UJ",10,540815,270209,"E92000001","E19000001","E18000006","E10000003","E07000012","E05013881"
"CB24 5UN",10,540272,270547,"E92000001","E19000001","E18000006","E10000003","E07000012","E05013881"
"CB24 5UR",10,540445,270322,"E92000001","E19000001","E18000006","E10000003","E07000012","E05013881"
"CB24 5UT",10,540498,270267,"E92000001","E19000001","E18000006","E10000003","E07000012","E05013881"
"CB24 5UU",10,540457,269847,"E92000001","E19000001","E18000006","E10000003","E07000012","E05013881"
"CB24 5UX",10,540754,270066,"E92000001","E19000001","E18000006","E10000003","E07000012","E05013881"
"CB24 5WE",10,537777,269277,"E92000001","E19000001","E18000006","E10000003","E07000012","E05013881"
"CB24 5WH",10,537490,270520,"E92000001","E19000001","E18000006","E10000003","E07000012","E05013881"
"CB24 5YR",10,540426,270519,"E92000001","E19000001","E18000006","E10000003","E07000012","E05013881"
"CB24 5YS",10,540418,270555,"E92000001","E19000001","E18000006","E10000003","E07000012","E05013881"
"CB24 5YX",10,540310,270270,"E92000001","E19000001","E18000006","E10000003","E07000012","E05013881"
"CB24 6AB",10,547953,262853,"E92000001","E19000001","E18000006","E10000003","E07000012","E05011301"
"CB24 6AD",10,548026,262688,"E92000001","E19000001","E18000006","E10000003","E07000012","E05011301"
"CB24 6AE",10,547570,263389,"E92000001","E19000001","E18000006","E10000003","E07000012","E05011301"
"CB24 6AF",10,548586,262089,"E92000001","E19000001","E18000006","E10000003","E07000012","E05011301"
"CB24 6AG",10,548612,262002,"E92000001","E19000001","E18000006","E10000003","E07000012","E05011291"
"CB24 6AH",10,548049,262730,"E92000001","E19000001","E18000006","E10000003","E07000012","E05011301"
"CB24 6AJ",10,547621,262709,"E92000001","E19000001","E18000006","E10000003","E07000012","E05011301"
"CB24 6AL",10,547378,262420,"E92000001","E19000001","E18000006","E10000003","E07000012","E05011301"
"CB24 6AN",10,547523,262401,"E92000001","E19000001","E18000006","E10000003","E07000012","E05011301"
"CB24 6AP",10,547570,262187,"E92000001","E19000001","E18000006","E10000003","E07000012","E05011301"
"CB24 6AQ",10,547885,262731,"E92000001","E19000001","E18000006","E10000003","E07000012","E05011301"
"CB24 6AT",10,547459,262165,"E92000001","E19000001","E18000006","E10000003","E07000012","E05011301"
"CB24 6AU",10,547536,262653,"E92000001","E19000001","E18000006","E10000003","E07000012","E05011301"
"CB24 6AW",10,547510,262445,"E92000001","E19000001","E18000006","E10000003","E07000012","E05011301"
"CB24 6AY",10,547190,262230,"E92000001","E19000001","E18000006","E10000003","E07000012","E05011301"
"CB24 6AZ",10,547457,262078,"E92000001","E19000001","E18000006","E10000003","E07000012","E05011301"
"CB24 6BE",10,547192,262379,"E92000001","E19000001","E18000006","E10000003","E07000012","E05011301"
"CB24 6BG",10,548042,262572,"E92000001","E19000001","E18000006","E10000003","E07000012","E05011301"
"CB24 6BJ",10,547608,262594,"E92000001","E19000001","E18000006","E10000003","E07000012","E05011301"
"CB24 6BL",10,547744,262618,"E92000001","E19000001","E18000006","E10000003","E07000012","E05011301"
"CB24 6BN",10,547762,262799,"E92000001","E19000001","E18000006","E10000003","E07000012","E05011301"
"CB24 6BP",10,547769,262828,"E92000001","E19000001","E18000006","E10000003","E07000012","E05011301"
"CB24 6BQ",10,547574,262234,"E92000001","E19000001","E18000006","E10000003","E07000012","E05011301"
"CB24 6BS",10,547897,262623,"E92000001","E19000001","E18000006","E10000003","E07000012","E05011301"
"CB24 6BT",10,547607,262900,"E92000001","E19000001","E18000006","E10000003","E07000012","E05011301"
"CB24 6BU",10,547805,262597,"E92000001","E19000001","E18000006","E10000003","E07000012","E05011301"
"CB24 6BW",10,547736,262683,"E92000001","E19000001","E18000006","E10000003","E07000012","E05011301"
"CB24 6BX",10,547700,262699,"E92000001","E19000001","E18000006","E10000003","E07000012","E05011301"
"CB24 6BY",10,547734,262959,"E92000001","E19000001","E18000006","E10000003","E07000012","E05011301"
"CB24 6BZ",10,547773,263059,"E92000001","E19000001","E18000006","E10000003","E07000012","E05011301"
"CB24 6DA",10,547815,263195,"E92000001","E19000001","E18000006","E10000003","E07000012","E05011301"
"CB24 6DB",10,547868,263143,"E92000001","E19000001","E18000006","E10000003","E07000012","E05011301"
"CB24 6DD",10,547862,262971,"E92000001","E19000001","E18000006","E10000003","E07000012","E05011301"
"CB24 6DE",10,547899,263042,"E92000001","E19000001","E18000006","E10000003","E07000012","E05011301"
"CB24 6DF",10,547751,262854,"E92000001","E19000001","E18000006","E10000003","E07000012","E05011301"
"CB24 6DG",10,547413,262890,"E92000001","E19000001","E18000006","E10000003","E07000012","E05011301"
"CB24 6DH",10,547427,262956,"E92000001","E19000001","E18000006","E10000003","E07000012","E05011301"
"CB24 6DJ",10,547560,262777,"E92000001","E19000001","E18000006","E10000003","E07000012","E05011301"
"CB24 6DL",10,547644,263116,"E92000001","E19000001","E18000006","E10000003","E07000012","E05011301"
"CB24 6DN",10,547720,263253,"E92000001","E19000001","E18000006","E10000003","E07000012","E05011301"
"CB24 6DP",10,547703,263124,"E92000001","E19000001","E18000006","E10000003","E07000012","E05011301"
"CB24 6DQ",10,546587,263288,"E92000001","E19000001","E18000006","E10000003","E07000012","E05011301"
"CB24 6DR",10,547625,263030,"E92000001","E19000001","E18000006","E10000003","E07000012","E05011301"
"CB24 6DS",10,547579,262944,"E92000001","E19000001","E18000006","E10000003","E07000012","E05011301"
"CB24 6DT",10,547421,263099,"E92000001","E19000001","E18000006","E10000003","E07000012","E05011301"
"CB24 6DU",10,547623,263235,"E92000001","E19000001","E18000006","E10000003","E07000012","E05011301"
"CB24 6DW",10,547527,263129,"E92000001","E19000001","E18000006","E10000003","E07000012","E05011301"
"CB24 6DX",10,547539,263212,"E92000001","E19000001","E18000006","E10000003","E07000012","E05011301"
"CB24 6DY",10,547452,263198,"E92000001","E19000001","E18000006","E10000003","E07000012","E05011301"
"CB24 6DZ",10,547388,263161,"E92000001","E19000001","E18000006","E10000003","E07000012","E05011301"
"CB24 6EA",10,547422,263062,"E92000001","E19000001","E18000006","E10000003","E07000012","E05011301"
"CB24 6EB",10,547334,263121,"E92000001","E19000001","E18000006","E10000003","E07000012","E05011301"
"CB24 6ED",10,547262,263013,"E92000001","E19000001","E18000006","E10000003","E07000012","E05011301"
"CB24 6EE",10,547352,262961,"E92000001","E19000001","E18000006","E10000003","E07000012","E05011301"
"CB24 6EF",10,547195,262827,"E92000001","E19000001","E18000006","E10000003","E07000012","E05011301"
"CB24 6ET",10,547239,262786,"E92000001","E19000001","E18000006","E10000003","E07000012","E05011301"
"CB24 6EU",10,547273,262832,"E92000001","E19000001","E18000006","E10000003","E07000012","E05011301"
"CB24 6PP",10,547660,262147,"E92000001","E19000001","E18000006","E10000003","E07000012","E05011301"
"CB24 6UA",10,548093,263078,"E92000001","E19000001","E18000006","E10000003","E07000012","E05011301"
"CB24 6UB",10,548187,262984,"E92000001","E19000001","E18000006","E10000003","E07000012","E05011301"
"CB24 6UD",10,548203,262938,"E92000001","E19000001","E18000006","E10000003","E07000012","E05011301"
"CB24 6UE",10,548151,262960,"E92000001","E19000001","E18000006","E10000003","E07000012","E05011301"
"CB24 6WR",10,547572,262341,"E92000001","E19000001","E18000006","E10000003","E07000012","E05011301"
"CB24 6WZ",10,548069,262956,"E92000001","E19000001","E18000006","E10000003","E07000012","E05011301"
"CB24 6XJ",10,547083,262511,"E92000001","E19000001","E18000006","E10000003","E07000012","E05011301"
"CB24 6XL",10,547129,262564,"E92000001","E19000001","E18000006","E10000003","E07000012","E05011301"
"CB24 6YR",10,547956,262460,"E92000001","E19000001","E18000006","E10000003","E07000012","E05011301"
"CB24 6YS",10,548048,262479,"E92000001","E19000001","E18000006","E10000003","E07000012","E05011301"
"CB24 6YU",10,547288,262384,"E92000001","E19000001","E18000006","E10000003","E07000012","E05011301"
"CB24 6YX",10,547327,262576,"E92000001","E19000001","E18000006","E10000003","E07000012","E05011301"
"CB24 6YZ",10,547201,262539,"E92000001","E19000001","E18000006","E10000003","E07000012","E05011301"
"CB24 6ZA",10,547272,262684,"E92000001","E19000001","E18000006","E10000003","E07000012","E05011301"
"CB24 6ZB",10,547643,262955,"E92000001","E19000001","E18000006","E10000003","E07000012","E05011301"
"CB24 6ZD",10,547152,262775,"E92000001","E19000001","E18000006","E10000003","E07000012","E05011301"
"CB24 6ZE",10,547128,262883,"E92000001","E19000001","E18000006","E10000003","E07000012","E05011301"
"CB24 6ZF",10,547557,262459,"E92000001","E19000001","E18000006","E10000003","E07000012","E05011301"
"CB24 6ZG",10,547409,262775,"E92000001","E19000001","E18000006","E10000003","E07000012","E05011301"
"CB24 6ZH",10,547063,262700,"E92000001","E19000001","E18000006","E10000003","E07000012","E05011301"
"CB24 6ZL",10,547437,262594,"E92000001","E19000001","E18000006","E10000003","E07000012","E05011301"
"CB24 6ZN",10,547253,262719,"E92000001","E19000001","E18000006","E10000003","E07000012","E05011301"
"CB24 6ZQ",10,547331,262791,"E92000001","E19000001","E18000006","E10000003","E07000012","E05011301"
"CB24 6ZR",10,547462,262696,"E92000001","E19000001","E18000006","E10000003","E07000012","E05011301"
"CB24 6ZS",10,547523,262695,"E92000001","E19000001","E18000006","E10000003","E07000012","E05011301"
"CB24 8AA",10,544346,267209,"E92000001","E19000001","E18000006","E10000003","E07000012","E05011289"
"CB24 8AD",10,544566,267078,"E92000001","E19000001","E18000006","E10000003","E07000012","E05011289"
"CB24 8AE",10,544950,267048,"E92000001","E19000001","E18000006","E10000003","E07000012","E05011289"
"CB24 8AF",10,544936,267093,"E92000001","E19000001","E18000006","E10000003","E07000012","E05011289"
"CB24 8AG",10,544777,267242,"E92000001","E19000001","E18000006","E10000003","E07000012","E05011289"
"CB24 8AH",10,549684,271667,"E92000001","E19000001","E18000006","E10000003","E07000012","E05011289"
"CB24 8AJ",10,545089,268129,"E92000001","E19000001","E18000006","E10000003","E07000012","E05011289"
"CB24 8AL",10,545594,267341,"E92000001","E19000001","E18000006","E10000003","E07000012","E05011289"
"CB24 8AN",10,545043,268016,"E92000001","E19000001","E18000006","E10000003","E07000012","E05011289"
"CB24 8AP",10,545706,267400,"E92000001","E19000001","E18000006","E10000003","E07000012","E05011289"
"CB24 8AQ",10,544233,267004,"E92000001","E19000001","E18000006","E10000003","E07000012","E05011289"
"CB24 8AR",10,544256,267062,"E92000001","E19000001","E18000006","E10000003","E07000012","E05011289"
"CB24 8AS",10,542442,268020,"E92000001","E19000001","E18000006","E10000003","E07000012","E05011289"
"CB24 8AT",10,544108,267009,"E92000001","E19000001","E18000006","E10000003","E07000012","E05011289"
"CB24 8AU",10,544262,267150,"E92000001","E19000001","E18000006","E10000003","E07000012","E05011289"
"CB24 8AW",10,545005,268053,"E92000001","E19000001","E18000006","E10000003","E07000012","E05011289"
"CB24 8AX",10,543964,267502,"E92000001","E19000001","E18000006","E10000003","E07000012","E05011289"
"CB24 8AY",10,545102,267730,"E92000001","E19000001","E18000006","E10000003","E07000012","E05011289"
"CB24 8AZ",10,544009,267510,"E92000001","E19000001","E18000006","E10000003","E07000012","E05011289"
"CB24 8BA",10,543971,267359,"E92000001","E19000001","E18000006","E10000003","E07000012","E05011289"
"CB24 8BB",10,544068,267455,"E92000001","E19000001","E18000006","E10000003","E07000012","E05011289"
"CB24 8BG",10,544157,267263,"E92000001","E19000001","E18000006","E10000003","E07000012","E05011289"
"CB24 8BH",10,544055,267329,"E92000001","E19000001","E18000006","E10000003","E07000012","E05011289"
"CB24 8BJ",10,544047,267744,"E92000001","E19000001","E18000006","E10000003","E07000012","E05011289"
"CB24 8BN",10,545548,267411,"E92000001","E19000001","E18000006","E10000003","E07000012","E05011289"
"CB24 8BP",10,543998,267779,"E92000001","E19000001","E18000006","E10000003","E07000012","E05011289"
"CB24 8BQ",10,544068,267820,"E92000001","E19000001","E18000006","E10000003","E07000012","E05011289"
"CB24 8BW",10,546007,266987,"E92000001","E19000001","E18000006","E10000003","E07000012","E05011289"
"CB24 8DB",10,544933,267001,"E92000001","E19000001","E18000006","E10000003","E07000012","E05011289"
"CB24 8FP",10,545930,267008,"E92000001","E19000001","E18000006","E10000003","E07000012","E05011289"
"CB24 8GG",10,544997,267211,"E92000001","E19000001","E18000006","E10000003","E07000012","E05011289"
"CB24 8PN",10,546104,269337,"E92000001","E19000001","E18000006","E10000003","E07000012","E05011289"
"CB24 8PP",10,547473,270097,"E92000001","E19000001","E18000006","E10000003","E07000012","E05011289"
"CB24 8PQ",10,545878,269508,"E92000001","E19000001","E18000006","E10000003","E07000012","E05011289"
"CB24 8PR",10,542509,267996,"E92000001","E19000001","E18000006","E10000003","E07000012","E05011289"
"CB24 8PS",10,546054,269094,"E92000001","E19000001","E18000006","E10000003","E07000012","E05011289"
"CB24 8PT",10,545918,269444,"E92000001","E19000001","E18000006","E10000003","E07000012","E05011289"
"CB24 8PU",10,545479,269838,"E92000001","E19000001","E18000006","E10000003","E07000012","E05011289"
"CB24 8PX",10,545271,271030,"E92000001","E19000001","E18000006","E10000003","E07000012","E05011289"
"CB24 8PY",10,545935,269570,"E92000001","E19000001","E18000006","E10000003","E07000012","E05011289"
"CB24 8PZ",10,543195,267435,"E92000001","E19000001","E18000006","E10000003","E07000012","E05011289"
"CB24 8QA",10,542814,267974,"E92000001","E19000001","E18000006","E10000003","E07000012","E05011289"
"CB24 8QB",10,542683,267952,"E92000001","E19000001","E18000006","E10000003","E07000012","E05011289"
"CB24 8QD",10,542425,267919,"E92000001","E19000001","E18000006","E10000003","E07000012","E05011289"
"CB24 8QE",10,542444,268097,"E92000001","E19000001","E18000006","E10000003","E07000012","E05011289"
"CB24 8QF",10,541459,268813,"E92000001","E19000001","E18000006","E10000003","E07000012","E05011289"
"CB24 8QG",10,542635,268217,"E92000001","E19000001","E18000006","E10000003","E07000012","E05011289"
"CB24 8QH",10,542048,267589,"E92000001","E19000001","E18000006","E10000003","E07000012","E05011289"
"CB24 8QJ",10,542346,267956,"E92000001","E19000001","E18000006","E10000003","E07000012","E05011289"
"CB24 8QL",10,545037,268354,"E92000001","E19000001","E18000006","E10000003","E07000012","E05011289"
"CB24 8QN",10,545256,268199,"E92000001","E19000001","E18000006","E10000003","E07000012","E05011289"
"CB24 8QP",10,545119,267539,"E92000001","E19000001","E18000006","E10000003","E07000012","E05011289"
"CB24 8QQ",10,542948,268946,"E92000001","E19000001","E18000006","E10000003","E07000012","E05011289"
"CB24 8QR",10,544943,267475,"E92000001","E19000001","E18000006","E10000003","E07000012","E05011289"
"CB24 8QS",10,545199,267416,"E92000001","E19000001","E18000006","E10000003","E07000012","E05011289"
"CB24 8QT",10,545213,267933,"E92000001","E19000001","E18000006","E10000003","E07000012","E05011289"
"CB24 8QU",10,545184,267574,"E92000001","E19000001","E18000006","E10000003","E07000012","E05011289"
"CB24 8QW",10,544938,267576,"E92000001","E19000001","E18000006","E10000003","E07000012","E05011289"
"CB24 8QX",10,545234,267662,"E92000001","E19000001","E18000006","E10000003","E07000012","E05011289"
"CB24 8QY",10,545209,267786,"E92000001","E19000001","E18000006","E10000003","E07000012","E05011289"
"CB24 8QZ",10,545347,267743,"E92000001","E19000001","E18000006","E10000003","E07000012","E05011289"
"CB24 8RA",10,545482,267860,"E92000001","E19000001","E18000006","E10000003","E07000012","E05011289"
"CB24 8RB",10,545322,267739,"E92000001","E19000001","E18000006","E10000003","E07000012","E05011289"
"CB24 8RD",10,544716,267137,"E92000001","E19000001","E18000006","E10000003","E07000012","E05011289"
"CB24 8RE",10,545342,267862,"E92000001","E19000001","E18000006","E10000003","E07000012","E05011289"
"CB24 8RF",10,545483,267659,"E92000001","E19000001","E18000006","E10000003","E07000012","E05011289"
"CB24 8RG",10,545458,267400,"E92000001","E19000001","E18000006","E10000003","E07000012","E05011289"
"CB24 8RH",10,545575,267461,"E92000001","E19000001","E18000006","E10000003","E07000012","E05011289"
"CB24 8RJ",10,545591,267534,"E92000001","E19000001","E18000006","E10000003","E07000012","E05011289"
"CB24 8RL",10,546752,268121,"E92000001","E19000001","E18000006","E10000003","E07000012","E05011289"
"CB24 8RN",10,545091,268060,"E92000001","E19000001","E18000006","E10000003","E07000012","E05011289"
"CB24 8RQ",10,545531,267577,"E92000001","E19000001","E18000006","E10000003","E07000012","E05011289"
"CB24 8RR",10,548588,269833,"E92000001","E19000001","E18000006","E10000003","E07000012","E05011289"
"CB24 8RS",10,545064,267649,"E92000001","E19000001","E18000006","E10000003","E07000012","E05011289"
"CB24 8RU",10,545285,267589,"E92000001","E19000001","E18000006","E10000003","E07000012","E05011289"
"CB24 8RW",10,545694,267002,"E92000001","E19000001","E18000006","E10000003","E07000012","E05011289"
"CB24 8RX",10,545061,267889,"E92000001","E19000001","E18000006","E10000003","E07000012","E05011289"
"CB24 8RZ",10,545047,267552,"E92000001","E19000001","E18000006","E10000003","E07000012","E05011289"
"CB24 8SA",10,545388,268468,"E92000001","E19000001","E18000006","E10000003","E07000012","E05011289"
"CB24 8SB",10,545188,268204,"E92000001","E19000001","E18000006","E10000003","E07000012","E05011289"
"CB24 8SD",10,545243,268155,"E92000001","E19000001","E18000006","E10000003","E07000012","E05011289"
"CB24 8SE",10,545005,267807,"E92000001","E19000001","E18000006","E10000003","E07000012","E05011289"
"CB24 8SF",10,545088,268235,"E92000001","E19000001","E18000006","E10000003","E07000012","E05011289"
"CB24 8SG",10,545029,267943,"E92000001","E19000001","E18000006","E10000003","E07000012","E05011289"
"CB24 8SH",10,544427,267427,"E92000001","E19000001","E18000006","E10000003","E07000012","E05011289"
"CB24 8SJ",10,545268,268406,"E92000001","E19000001","E18000006","E10000003","E07000012","E05011289"
"CB24 8SL",10,545557,268592,"E92000001","E19000001","E18000006","E10000003","E07000012","E05011289"
"CB24 8SN",10,545896,268376,"E92000001","E19000001","E18000006","E10000003","E07000012","E05011289"
"CB24 8SP",10,545774,268996,"E92000001","E19000001","E18000006","E10000003","E07000012","E05011289"
"CB24 8SQ",10,545446,268210,"E92000001","E19000001","E18000006","E10000003","E07000012","E05011289"
"CB24 8SS",10,545037,267166,"E92000001","E19000001","E18000006","E10000003","E07000012","E05011289"
"CB24 8SW",10,544938,268240,"E92000001","E19000001","E18000006","E10000003","E07000012","E05011289"
"CB24 8SX",10,545156,268292,"E92000001","E19000001","E18000006","E10000003","E07000012","E05011289"
"CB24 8SZ",10,545142,268248,"E92000001","E19000001","E18000006","E10000003","E07000012","E05011289"
"CB24 8TA",10,544693,267540,"E92000001","E19000001","E18000006","E10000003","E07000012","E05011289"
"CB24 8TB",10,544745,267533,"E92000001","E19000001","E18000006","E10000003","E07000012","E05011289"
"CB24 8TD",10,544877,267728,"E92000001","E19000001","E18000006","E10000003","E07000012","E05011289"
"CB24 8TE",10,544824,267752,"E92000001","E19000001","E18000006","E10000003","E07000012","E05011289"
"CB24 8TF",10,544693,267759,"E92000001","E19000001","E18000006","E10000003","E07000012","E05011289"
"CB24 8TG",10,544663,267680,"E92000001","E19000001","E18000006","E10000003","E07000012","E05011289"
"CB24 8TH",10,544474,267243,"E92000001","E19000001","E18000006","E10000003","E07000012","E05011289"
"CB24 8TJ",10,544217,267430,"E92000001","E19000001","E18000006","E10000003","E07000012","E05011289"
"CB24 8TL",10,544595,267263,"E92000001","E19000001","E18000006","E10000003","E07000012","E05011289"
"CB24 8TN",10,544427,267161,"E92000001","E19000001","E18000006","E10000003","E07000012","E05011289"
"CB24 8TQ",10,544666,267266,"E92000001","E19000001","E18000006","E10000003","E07000012","E05011289"
"CB24 8TR",10,544839,267425,"E92000001","E19000001","E18000006","E10000003","E07000012","E05011289"
"CB24 8TS",10,544779,267386,"E92000001","E19000001","E18000006","E10000003","E07000012","E05011289"
"CB24 8TT",10,544745,267800,"E92000001","E19000001","E18000006","E10000003","E07000012","E05011289"
"CB24 8TU",10,544793,266945,"E92000001","E19000001","E18000006","E10000003","E07000012","E05011289"
"CB24 8TW",10,544350,267018,"E92000001","E19000001","E18000006","E10000003","E07000012","E05011289"
"CB24 8TX",10,544950,267214,"E92000001","E19000001","E18000006","E10000003","E07000012","E05011289"
"CB24 8TY",10,544753,267338,"E92000001","E19000001","E18000006","E10000003","E07000012","E05011289"
"CB24 8TZ",10,544957,267365,"E92000001","E19000001","E18000006","E10000003","E07000012","E05011289"
"CB24 8UA",10,545040,267054,"E92000001","E19000001","E18000006","E10000003","E07000012","E05011289"
"CB24 8UB",10,544989,267147,"E92000001","E19000001","E18000006","E10000003","E07000012","E05011289"
"CB24 8UD",10,544697,266715,"E92000001","E19000001","E18000006","E10000003","E07000012","E05011289"
"CB24 8UF",10,544771,266742,"E92000001","E19000001","E18000006","E10000003","E07000012","E05011289"
"CB24 8UG",10,544526,266296,"E92000001","E19000001","E18000006","E10000003","E07000012","E05011289"
"CB24 8UH",10,544941,266846,"E92000001","E19000001","E18000006","E10000003","E07000012","E05011289"
"CB24 8UJ",10,544589,266056,"E92000001","E19000001","E18000006","E10000003","E07000012","E05011289"
"CB24 8UL",10,544642,267143,"E92000001","E19000001","E18000006","E10000003","E07000012","E05011289"
"CB24 8UN",10,544638,267038,"E92000001","E19000001","E18000006","E10000003","E07000012","E05011289"
"CB24 8UP",10,545218,270318,"E92000001","E19000001","E18000006","E10000003","E07000012","E05011289"
"CB24 8UQ",10,544590,266333,"E92000001","E19000001","E18000006","E10000003","E07000012","E05011289"
"CB24 8UR",10,544533,267343,"E92000001","E19000001","E18000006","E10000003","E07000012","E05011289"
"CB24 8US",10,544745,266903,"E92000001","E19000001","E18000006","E10000003","E07000012","E05011289"
"CB24 8UT",10,545680,267436,"E92000001","E19000001","E18000006","E10000003","E07000012","E05011289"
"CB24 8UU",10,544941,267675,"E92000001","E19000001","E18000006","E10000003","E07000012","E05011289"
"CB24 8UW",10,544770,267158,"E92000001","E19000001","E18000006","E10000003","E07000012","E05011289"
"CB24 8XA",10,545112,268332,"E92000001","E19000001","E18000006","E10000003","E07000012","E05011289"
"CB24 8XB",10,545176,268296,"E92000001","E19000001","E18000006","E10000003","E07000012","E05011289"
"CB24 8XD",10,544862,267920,"E92000001","E19000001","E18000006","E10000003","E07000012","E05011289"
"CB24 8XF",10,545083,268373,"E92000001","E19000001","E18000006","E10000003","E07000012","E05011289"
"CB24 8XG",10,545079,268329,"E92000001","E19000001","E18000006","E10000003","E07000012","E05011289"
"CB24 8XH",10,545090,268187,"E92000001","E19000001","E18000006","E10000003","E07000012","E05011289"
"CB24 8XJ",10,544340,267094,"E92000001","E19000001","E18000006","E10000003","E07000012","E05011289"
"CB24 8XL",10,544872,267972,"E92000001","E19000001","E18000006","E10000003","E07000012","E05011289"
"CB24 8XN",10,544844,268168,"E92000001","E19000001","E18000006","E10000003","E07000012","E05011289"
"CB24 8XP",10,545325,267400,"E92000001","E19000001","E18000006","E10000003","E07000012","E05011289"
"CB24 8XQ",10,545033,268329,"E92000001","E19000001","E18000006","E10000003","E07000012","E05011289"
"CB24 8XR",10,545141,267293,"E92000001","E19000001","E18000006","E10000003","E07000012","E05011289"
"CB24 8XS",10,545051,267249,"E92000001","E19000001","E18000006","E10000003","E07000012","E05011289"
"CB24 8XT",10,544782,267959,"E92000001","E19000001","E18000006","E10000003","E07000012","E05011289"
"CB24 8XU",10,544986,267974,"E92000001","E19000001","E18000006","E10000003","E07000012","E05011289"
"CB24 8XW",10,545240,267314,"E92000001","E19000001","E18000006","E10000003","E07000012","E05011289"
"CB24 8XX",10,544917,267813,"E92000001","E19000001","E18000006","E10000003","E07000012","E05011289"
"CB24 8XY",10,544809,267848,"E92000001","E19000001","E18000006","E10000003","E07000012","E05011289"
"CB24 8XZ",10,544852,267876,"E92000001","E19000001","E18000006","E10000003","E07000012","E05011289"
"CB24 8YY",10,545057,267509,"E92000001","E19000001","E18000006","E10000003","E07000012","E05011289"
"CB24 9AB",10,545205,263578,"E92000001","E19000001","E18000006","E10000003","E07000012","E05011297"
"CB24 9AD",10,544140,262705,"E92000001","E19000001","E18000006","E10000003","E07000012","E05011297"
"CB24 9AF",10,545130,263482,"E92000001","E19000001","E18000006","E10000003","E07000012","E05011297"
"CB24 9AG",10,543701,264422,"E92000001","E19000001","E18000006","E10000003","E07000012","E05011297"
"CB24 9AH",10,543863,262959,"E92000001","E19000001","E18000006","E10000003","E07000012","E05011297"
"CB24 9AJ",10,543948,262196,"E92000001","E19000001","E18000006","E10000003","E07000012","E05011297"
"CB24 9AL",10,544268,263541,"E92000001","E19000001","E18000006","E10000003","E07000012","E05011297"
"CB24 9AN",10,543861,265457,"E92000001","E19000001","E18000006","E10000003","E07000012","E05011297"
"CB24 9AP",10,543948,262073,"E92000001","E19000001","E18000006","E10000003","E07000012","E05011297"
"CB24 9AQ",10,544163,264320,"E92000001","E19000001","E18000006","E10000003","E07000012","E05011297"
"CB24 9AR",10,544445,263470,"E92000001","E19000001","E18000006","E10000003","E07000012","E05011297"
"CB24 9AS",10,544166,262580,"E92000001","E19000001","E18000006","E10000003","E07000012","E05011297"
"CB24 9BA",10,544506,263953,"E92000001","E19000001","E18000006","E10000003","E07000012","E05011297"
"CB24 9BP",10,543982,263030,"E92000001","E19000001","E18000006","E10000003","E07000012","E05011297"
"CB24 9BZ",10,544038,262740,"E92000001","E19000001","E18000006","E10000003","E07000012","E05011297"
"CB24 9DE",10,543885,263615,"E92000001","E19000001","E18000006","E10000003","E07000012","E05011297"
"CB24 9EH",10,543643,263844,"E92000001","E19000001","E18000006","E10000003","E07000012","E05011297"
"CB24 9EL",10,544384,262835,"E92000001","E19000001","E18000006","E10000003","E07000012","E05011297"
"CB24 9EP",10,543688,263959,"E92000001","E19000001","E18000006","E10000003","E07000012","E05011297"
"CB24 9ER",10,543555,264026,"E92000001","E19000001","E18000006","E10000003","E07000012","E05011297"
"CB24 9ES",10,543665,264244,"E92000001","E19000001","E18000006","E10000003","E07000012","E05011297"
"CB24 9ET",10,544123,264728,"E92000001","E19000001","E18000006","E10000003","E07000012","E05011297"
"CB24 9EU",10,543633,264299,"E92000001","E19000001","E18000006","E10000003","E07000012","E05011297"
"CB24 9EW",10,543796,263994,"E92000001","E19000001","E18000006","E10000003","E07000012","E05011297"
"CB24 9EX",10,543735,264285,"E92000001","E19000001","E18000006","E10000003","E07000012","E05011297"
"CB24 9EY",10,543848,264079,"E92000001","E19000001","E18000006","E10000003","E07000012","E05011297"
"CB24 9EZ",10,543716,264082,"E92000001","E19000001","E18000006","E10000003","E07000012","E05011297"
"CB24 9HA",10,543940,264065,"E92000001","E19000001","E18000006","E10000003","E07000012","E05011297"
"CB24 9HB",10,543845,263990,"E92000001","E19000001","E18000006","E10000003","E07000012","E05011297"
"CB24 9HD",10,543933,263926,"E92000001","E19000001","E18000006","E10000003","E07000012","E05011297"
"CB24 9HE",10,543882,263705,"E92000001","E19000001","E18000006","E10000003","E07000012","E05011297"
"CB24 9HF",10,543999,263861,"E92000001","E19000001","E18000006","E10000003","E07000012","E05011297"
"CB24 9HG",10,543947,264023,"E92000001","E19000001","E18000006","E10000003","E07000012","E05011297"
"CB24 9HH",10,544175,264207,"E92000001","E19000001","E18000006","E10000003","E07000012","E05011297"
"CB24 9HJ",10,544068,263977,"E92000001","E19000001","E18000006","E10000003","E07000012","E05011297"
"CB24 9HL",10,544205,264012,"E92000001","E19000001","E18000006","E10000003","E07000012","E05011297"
"CB24 9HN",10,544242,264046,"E92000001","E19000001","E18000006","E10000003","E07000012","E05011297"
"CB24 9HP",10,544332,264095,"E92000001","E19000001","E18000006","E10000003","E07000012","E05011297"
"CB24 9HQ",10,543869,263914,"E92000001","E19000001","E18000006","E10000003","E07000012","E05011297"
"CB24 9HR",10,544385,264047,"E92000001","E19000001","E18000006","E10000003","E07000012","E05011297"
"CB24 9HS",10,544431,263969,"E92000001","E19000001","E18000006","E10000003","E07000012","E05011297"
"CB24 9HT",10,544207,263916,"E92000001","E19000001","E18000006","E10000003","E07000012","E05011297"
"CB24 9HU",10,543575,264219,"E92000001","E19000001","E18000006","E10000003","E07000012","E05011297"
"CB24 9HW",10,544405,263992,"E92000001","E19000001","E18000006","E10000003","E07000012","E05011297"
"CB24 9HX",10,543920,263784,"E92000001","E19000001","E18000006","E10000003","E07000012","E05011297"
"CB24 9HY",10,543066,263736,"E92000001","E19000001","E18000006","E10000003","E07000012","E05011297"
"CB24 9HZ",10,543082,263793,"E92000001","E19000001","E18000006","E10000003","E07000012","E05011297"
"CB24 9JA",10,543997,263665,"E92000001","E19000001","E18000006","E10000003","E07000012","E05011297"
"CB24 9JB",10,544071,263592,"E92000001","E19000001","E18000006","E10000003","E07000012","E05011297"
"CB24 9JD",10,543841,263654,"E92000001","E19000001","E18000006","E10000003","E07000012","E05011297"
"CB24 9JE",10,543764,263752,"E92000001","E19000001","E18000006","E10000003","E07000012","E05011297"
"CB24 9JF",10,543815,263813,"E92000001","E19000001","E18000006","E10000003","E07000012","E05011297"
"CB24 9JG",10,543751,263898,"E92000001","E19000001","E18000006","E10000003","E07000012","E05011297"
"CB24 9JH",10,543608,263707,"E92000001","E19000001","E18000006","E10000003","E07000012","E05011297"
"CB24 9JJ",10,543299,263769,"E92000001","E19000001","E18000006","E10000003","E07000012","E05011297"
"CB24 9JL",10,543721,263480,"E92000001","E19000001","E18000006","E10000003","E07000012","E05011297"
"CB24 9JN",10,544183,264139,"E92000001","E19000001","E18000006","E10000003","E07000012","E05011297"
"CB24 9JP",10,543617,263618,"E92000001","E19000001","E18000006","E10000003","E07000012","E05011297"
"CB24 9JQ",10,543709,263897,"E92000001","E19000001","E18000006","E10000003","E07000012","E05011297"
"CB24 9JR",10,543526,263523,"E92000001","E19000001","E18000006","E10000003","E07000012","E05011297"
"CB24 9JS",10,543536,263420,"E92000001","E19000001","E18000006","E10000003","E07000012","E05011297"
"CB24 9JT",10,543326,263613,"E92000001","E19000001","E18000006","E10000003","E07000012","E05011297"
"CB24 9JU",10,543470,263597,"E92000001","E19000001","E18000006","E10000003","E07000012","E05011297"
"CB24 9JW",10,543661,263504,"E92000001","E19000001","E18000006","E10000003","E07000012","E05011297"
"CB24 9JX",10,543165,263665,"E92000001","E19000001","E18000006","E10000003","E07000012","E05011297"
"CB24 9JY",10,543247,263645,"E92000001","E19000001","E18000006","E10000003","E07000012","E05011297"
"CB24 9JZ",10,543844,263496,"E92000001","E19000001","E18000006","E10000003","E07000012","E05011297"
"CB24 9LA",10,544127,263356,"E92000001","E19000001","E18000006","E10000003","E07000012","E05011297"
"CB24 9LB",10,544425,263241,"E92000001","E19000001","E18000006","E10000003","E07000012","E05011297"
"CB24 9LD",10,545013,263348,"E92000001","E19000001","E18000006","E10000003","E07000012","E05011297"
"CB24 9LF",10,544119,262861,"E92000001","E19000001","E18000006","E10000003","E07000012","E05011297"
"CB24 9LG",10,543897,263615,"E92000001","E19000001","E18000006","E10000003","E07000012","E05011297"
"CB24 9LH",10,543813,263392,"E92000001","E19000001","E18000006","E10000003","E07000012","E05011297"
"CB24 9LJ",10,543840,263259,"E92000001","E19000001","E18000006","E10000003","E07000012","E05011297"
"CB24 9LL",10,543798,263202,"E92000001","E19000001","E18000006","E10000003","E07000012","E05011297"
"CB24 9LN",10,543929,263054,"E92000001","E19000001","E18000006","E10000003","E07000012","E05011297"
"CB24 9LP",10,544302,263100,"E92000001","E19000001","E18000006","E10000003","E07000012","E05011297"
"CB24 9LQ",10,543945,263393,"E92000001","E19000001","E18000006","E10000003","E07000012","E05011297"
"CB24 9LR",10,544016,263375,"E92000001","E19000001","E18000006","E10000003","E07000012","E05011297"
"CB24 9LS",10,544190,263413,"E92000001","E19000001","E18000006","E10000003","E07000012","E05011297"
"CB24 9LT",10,544192,263500,"E92000001","E19000001","E18000006","E10000003","E07000012","E05011297"
"CB24 9LU",10,544329,262915,"E92000001","E19000001","E18000006","E10000003","E07000012","E05011297"
"CB24 9LW",10,544174,262904,"E92000001","E19000001","E18000006","E10000003","E07000012","E05011297"
"CB24 9LX",10,544621,263169,"E92000001","E19000001","E18000006","E10000003","E07000012","E05011297"
"CB24 9LY",10,544451,262986,"E92000001","E19000001","E18000006","E10000003","E07000012","E05011297"
"CB24 9LZ",10,544260,262972,"E92000001","E19000001","E18000006","E10000003","E07000012","E05011297"
"CB24 9NA",10,544264,262905,"E92000001","E19000001","E18000006","E10000003","E07000012","E05011297"
"CB24 9NB",10,544844,263288,"E92000001","E19000001","E18000006","E10000003","E07000012","E05011297"
"CB24 9ND",10,544940,263244,"E92000001","E19000001","E18000006","E10000003","E07000012","E05011297"
"CB24 9NE",10,544670,263380,"E92000001","E19000001","E18000006","E10000003","E07000012","E05011297"
"CB24 9NF",10,545157,263546,"E92000001","E19000001","E18000006","E10000003","E07000012","E05011297"
"CB24 9NG",10,545798,263637,"E92000001","E19000001","E18000006","E10000003","E07000012","E05011297"
"CB24 9NH",10,544309,263345,"E92000001","E19000001","E18000006","E10000003","E07000012","E05011297"
"CB24 9NJ",10,544430,263357,"E92000001","E19000001","E18000006","E10000003","E07000012","E05011297"
"CB24 9NL",10,543842,262907,"E92000001","E19000001","E18000006","E10000003","E07000012","E05011297"
"CB24 9NN",10,544383,263180,"E92000001","E19000001","E18000006","E10000003","E07000012","E05011297"
"CB24 9NP",10,544151,262891,"E92000001","E19000001","E18000006","E10000003","E07000012","E05011297"
"CB24 9NQ",10,545354,263589,"E92000001","E19000001","E18000006","E10000003","E07000012","E05011297"
"CB24 9NR",10,543739,263049,"E92000001","E19000001","E18000006","E10000003","E07000012","E05011297"
"CB24 9NS",10,544173,263029,"E92000001","E19000001","E18000006","E10000003","E07000012","E05011297"
"CB24 9NT",10,544301,262434,"E92000001","E19000001","E18000006","E10000003","E07000012","E05011297"
"CB24 9NU",10,544159,262195,"E92000001","E19000001","E18000006","E10000003","E07000012","E05011297"
"CB24 9NW",10,544297,262308,"E92000001","E19000001","E18000006","E10000003","E07000012","E05011297"
"CB24 9NX",10,544189,261229,"E92000001","E19000001","E18000006","E10000003","E07000012","E05011297"
"CB24 9NY",10,544096,262309,"E92000001","E19000001","E18000006","E10000003","E07000012","E05011297"
"CB24 9NZ",10,543992,262614,"E92000001","E19000001","E18000006","E10000003","E07000012","E05011297"
"CB24 9PB",10,543910,262537,"E92000001","E19000001","E18000006","E10000003","E07000012","E05011297"
"CB24 9PD",10,543995,262417,"E92000001","E19000001","E18000006","E10000003","E07000012","E05011297"
"CB24 9PE",10,543977,262272,"E92000001","E19000001","E18000006","E10000003","E07000012","E05011297"
"CB24 9PF",10,544070,262105,"E92000001","E19000001","E18000006","E10000003","E07000012","E05011297"
"CB24 9PG",10,544097,261891,"E92000001","E19000001","E18000006","E10000003","E07000012","E05011297"
"CB24 9PH",10,544408,262554,"E92000001","E19000001","E18000006","E10000003","E07000012","E05011297"
"CB24 9PJ",10,545011,262604,"E92000001","E19000001","E18000006","E10000003","E07000012","E05011297"
"CB24 9PL",10,543969,262380,"E92000001","E19000001","E18000006","E10000003","E07000012","E05011297"
"CB24 9PN",10,543886,262356,"E92000001","E19000001","E18000006","E10000003","E07000012","E05011297"
"CB24 9PP",10,544260,262135,"E92000001","E19000001","E18000006","E10000003","E07000012","E05011297"
"CB24 9PQ",10,543882,262772,"E92000001","E19000001","E18000006","E10000003","E07000012","E05011297"
"CB24 9PR",10,544114,262565,"E92000001","E19000001","E18000006","E10000003","E07000012","E05011297"
"CB24 9PS",10,544151,261923,"E92000001","E19000001","E18000006","E10000003","E07000012","E05011297"
"CB24 9PT",10,543854,262872,"E92000001","E19000001","E18000006","E10000003","E07000012","E05011297"
"CB24 9PU",10,543779,261620,"E92000001","E19000001","E18000006","E10000003","E07000012","E05011297"
"CB24 9PW",10,543875,262850,"E92000001","E19000001","E18000006","E10000003","E07000012","E05011297"
"CB24 9PX",10,543820,262792,"E92000001","E19000001","E18000006","E10000003","E07000012","E05011297"
"CB24 9RH",10,543885,263615,"E92000001","E19000001","E18000006","E10000003","E07000012","E05011297"
"CB24 9UF",10,543885,263615,"E92000001","E19000001","E18000006","E10000003","E07000012","E05011297"
"CB24 9UH",10,543885,263615,"E92000001","E19000001","E18000006","E10000003","E07000012","E05011297"
"CB24 9UJ",10,543885,263615,"E92000001","E19000001","E18000006","E10000003","E07000012","E05011297"
"CB24 9US",10,544222,263724,"E92000001","E19000001","E18000006","E10000003","E07000012","E05011297"
"CB24 9UZ",10,544048,262965,"E92000001","E19000001","E18000006","E10000003","E07000012","E05011297"
"CB24 9WZ",10,543885,263615,"E92000001","E19000001","E18000006","E10000003","E07000012","E05011297"
"CB24 9XF",10,543885,263615,"E92000001","E19000001","E18000006","E10000003","E07000012","E05011297"
"CB24 9XL",10,543965,263520,"E92000001","E19000001","E18000006","E10000003","E07000012","E05011297"
"CB24 9XN",10,544258,263796,"E92000001","E19000001","E18000006","E10000003","E07000012","E05011297"
"CB24 9XP",10,544022,264372,"E92000001","E19000001","E18000006","E10000003","E07000012","E05011297"
"CB24 9XR",10,544024,264227,"E92000001","E19000001","E18000006","E10000003","E07000012","E05011297"
"CB24 9XS",10,543925,264334,"E92000001","E19000001","E18000006","E10000003","E07000012","E05011297"
"CB24 9XT",10,543857,264234,"E92000001","E19000001","E18000006","E10000003","E07000012","E05011297"
"CB24 9XU",10,543884,264147,"E92000001","E19000001","E18000006","E10000003","E07000012","E05011297"
"CB24 9XW",10,544053,263418,"E92000001","E19000001","E18000006","E10000003","E07000012","E05011297"
"CB24 9XX",10,544075,264227,"E92000001","E19000001","E18000006","E10000003","E07000012","E05011297"
"CB24 9XY",10,543952,264231,"E92000001","E19000001","E18000006","E10000003","E07000012","E05011297"
"CB24 9XZ",10,543961,264257,"E92000001","E19000001","E18000006","E10000003","E07000012","E05011297"
"CB24 9YA",10,544003,264308,"E92000001","E19000001","E18000006","E10000003","E07000012","E05011297"
"CB24 9YB",10,543911,264182,"E92000001","E19000001","E18000006","E10000003","E07000012","E05011297"
"CB24 9YD",10,543834,264287,"E92000001","E19000001","E18000006","E10000003","E07000012","E05011297"
"CB24 9YE",10,544271,263192,"E92000001","E19000001","E18000006","E10000003","E07000012","E05011297"
"CB24 9YF",10,544279,263260,"E92000001","E19000001","E18000006","E10000003","E07000012","E05011297"
"CB24 9YG",10,544239,263086,"E92000001","E19000001","E18000006","E10000003","E07000012","E05011297"
"CB24 9YH",10,544279,263069,"E92000001","E19000001","E18000006","E10000003","E07000012","E05011297"
"CB24 9YJ",10,544260,263037,"E92000001","E19000001","E18000006","E10000003","E07000012","E05011297"
"CB24 9YL",10,544221,263209,"E92000001","E19000001","E18000006","E10000003","E07000012","E05011297"
"CB24 9YN",10,544196,263163,"E92000001","E19000001","E18000006","E10000003","E07000012","E05011297"
"CB24 9YP",10,544029,264142,"E92000001","E19000001","E18000006","E10000003","E07000012","E05011297"
"CB24 9YQ",10,544329,263003,"E92000001","E19000001","E18000006","E10000003","E07000012","E05011297"
"CB24 9YR",10,543974,262945,"E92000001","E19000001","E18000006","E10000003","E07000012","E05011297"
"CB24 9YS",10,544259,262492,"E92000001","E19000001","E18000006","E10000003","E07000012","E05011297"
"CB24 9YT",10,544002,264079,"E92000001","E19000001","E18000006","E10000003","E07000012","E05011297"
"CB24 9YW",10,544365,263870,"E92000001","E19000001","E18000006","E10000003","E07000012","E05011297"
"CB24 9YX",10,544798,263145,"E92000001","E19000001","E18000006","E10000003","E07000012","E05011297"
"CB24 9YY",10,543904,262991,"E92000001","E19000001","E18000006","E10000003","E07000012","E05011297"
"CB24 9YZ",10,542963,263837,"E92000001","E19000001","E18000006","E10000003","E07000012","E05011297"
"CB24 9ZD",10,543885,263615,"E92000001","E19000001","E18000006","E10000003","E07000012","E05011297"
"CB24 9ZR",10,544027,262849,"E92000001","E19000001","E18000006","E10000003","E07000012","E05011297"
"CB24 9ZT",10,544177,262497,"E92000001","E19000001","E18000006","E10000003","E07000012","E05011297"
"CB24 9ZU",10,544694,263280,"E92000001","E19000001","E18000006","E10000003","E07000012","E05011297"
"CB25 0AA",10,559009,266999,"E92000001","E19000001","E18000006","E10000003","E07000009","E05011561"
"CB25 0AB",10,559218,267091,"E92000001","E19000001","E18000006","E10000003","E07000009","E05011561"
"CB25 0AD",10,559075,267557,"E92000001","E19000001","E18000006","E10000003","E07000009","E05011561"
"CB25 0AE",10,559196,266469,"E92000001","E19000001","E18000006","E10000003","E07000009","E05011561"
"CB25 0AF",10,559297,266080,"E92000001","E19000001","E18000006","E10000003","E07000009","E05011561"
"CB25 0AG",10,558940,265998,"E92000001","E19000001","E18000006","E10000003","E07000009","E05011561"
"CB25 0AH",10,558666,265764,"E92000001","E19000001","E18000006","E10000003","E07000009","E05011561"
"CB25 0AJ",10,558568,267298,"E92000001","E19000001","E18000006","E10000003","E07000009","E05011561"
"CB25 0AL",10,558692,265814,"E92000001","E19000001","E18000006","E10000003","E07000009","E05011561"
"CB25 0AN",10,558670,265535,"E92000001","E19000001","E18000006","E10000003","E07000009","E05011561"
"CB25 0AP",10,559991,264076,"E92000001","E19000001","E18000006","E10000003","E07000009","E05011561"
"CB25 0AQ",10,558962,266012,"E92000001","E19000001","E18000006","E10000003","E07000009","E05011561"
"CB25 0AR",10,558910,265925,"E92000001","E19000001","E18000006","E10000003","E07000009","E05011561"
"CB25 0AS",10,559103,267002,"E92000001","E19000001","E18000006","E10000003","E07000009","E05011561"
"CB25 0AU",10,558999,267606,"E92000001","E19000001","E18000006","E10000003","E07000009","E05011561"
"CB25 0AW",10,558812,264428,"E92000001","E19000001","E18000006","E10000003","E07000009","E05011561"
"CB25 0AX",10,559578,266145,"E92000001","E19000001","E18000006","E10000003","E07000009","E05011561"
"CB25 0AY",10,558558,267409,"E92000001","E19000001","E18000006","E10000003","E07000009","E05011561"
"CB25 0AZ",10,558555,267349,"E92000001","E19000001","E18000006","E10000003","E07000009","E05011561"
"CB25 0BA",10,558689,267469,"E92000001","E19000001","E18000006","E10000003","E07000009","E05011561"
"CB25 0BB",10,558840,268022,"E92000001","E19000001","E18000006","E10000003","E07000009","E05011561"
"CB25 0BD",10,558612,267732,"E92000001","E19000001","E18000006","E10000003","E07000009","E05011561"
"CB25 0BE",10,559019,268065,"E92000001","E19000001","E18000006","E10000003","E07000009","E05011561"
"CB25 0BF",10,558907,267832,"E92000001","E19000001","E18000006","E10000003","E07000009","E05011561"
"CB25 0BG",10,558964,267995,"E92000001","E19000001","E18000006","E10000003","E07000009","E05011561"
"CB25 0BH",10,558554,269833,"E92000001","E19000001","E18000006","E10000003","E07000009","E05011561"
"CB25 0BJ",10,558781,268350,"E92000001","E19000001","E18000006","E10000003","E07000009","E05011561"
"CB25 0BL",10,558786,268088,"E92000001","E19000001","E18000006","E10000003","E07000009","E05011561"
"CB25 0BN",10,557682,268685,"E92000001","E19000001","E18000006","E10000003","E07000009","E05011561"
"CB25 0BP",10,558141,266664,"E92000001","E19000001","E18000006","E10000003","E07000009","E05011561"
"CB25 0BQ",10,559516,268940,"E92000001","E19000001","E18000006","E10000003","E07000009","E05011561"
"CB25 0BS",10,558591,267479,"E92000001","E19000001","E18000006","E10000003","E07000009","E05011561"
"CB25 0BT",10,559029,268639,"E92000001","E19000001","E18000006","E10000003","E07000009","E05011561"
"CB25 0BU",10,558764,265748,"E92000001","E19000001","E18000006","E10000003","E07000009","E05011561"
"CB25 0BW",10,557603,268307,"E92000001","E19000001","E18000006","E10000003","E07000009","E05011561"
"CB25 0BX",10,558940,267944,"E92000001","E19000001","E18000006","E10000003","E07000009","E05011561"
"CB25 0BY",10,558724,267501,"E92000001","E19000001","E18000006","E10000003","E07000009","E05011561"
"CB25 0BZ",10,558804,265729,"E92000001","E19000001","E18000006","E10000003","E07000009","E05011561"
"CB25 0DA",10,559316,267384,"E92000001","E19000001","E18000006","E10000003","E07000009","E05011561"
"CB25 0DB",10,560302,268553,"E92000001","E19000001","E18000006","E10000003","E07000009","E05011561"
"CB25 0DD",10,559024,267200,"E92000001","E19000001","E18000006","E10000003","E07000009","E05011561"
"CB25 0DE",10,559108,267263,"E92000001","E19000001","E18000006","E10000003","E07000009","E05011561"
"CB25 0DF",10,559068,267664,"E92000001","E19000001","E18000006","E10000003","E07000009","E05011561"
"CB25 0DG",10,559318,267642,"E92000001","E19000001","E18000006","E10000003","E07000009","E05011561"
"CB25 0DH",10,559062,267503,"E92000001","E19000001","E18000006","E10000003","E07000009","E05011561"
"CB25 0DJ",10,558919,267562,"E92000001","E19000001","E18000006","E10000003","E07000009","E05011561"
"CB25 0DL",10,558964,267330,"E92000001","E19000001","E18000006","E10000003","E07000009","E05011561"
"CB25 0DN",10,559065,267348,"E92000001","E19000001","E18000006","E10000003","E07000009","E05011561"
"CB25 0DP",10,558820,267015,"E92000001","E19000001","E18000006","E10000003","E07000009","E05011561"
"CB25 0DQ",10,559159,267432,"E92000001","E19000001","E18000006","E10000003","E07000009","E05011561"
"CB25 0DR",10,558689,266820,"E92000001","E19000001","E18000006","E10000003","E07000009","E05011561"
"CB25 0DS",10,558678,266881,"E92000001","E19000001","E18000006","E10000003","E07000009","E05011561"
"CB25 0DT",10,558419,267218,"E92000001","E19000001","E18000006","E10000003","E07000009","E05011561"
"CB25 0DU",10,558800,266957,"E92000001","E19000001","E18000006","E10000003","E07000009","E05011561"
"CB25 0DW",10,558695,265692,"E92000001","E19000001","E18000006","E10000003","E07000009","E05011561"
"CB25 0DX",10,557157,264175,"E92000001","E19000001","E18000006","E10000003","E07000009","E05015488"
"CB25 0DY",10,558945,266688,"E92000001","E19000001","E18000006","E10000003","E07000009","E05011561"
"CB25 0DZ",10,558670,266950,"E92000001","E19000001","E18000006","E10000003","E07000009","E05011561"
"CB25 0EA",10,558664,267100,"E92000001","E19000001","E18000006","E10000003","E07000009","E05011561"
"CB25 0EB",10,558589,267175,"E92000001","E19000001","E18000006","E10000003","E07000009","E05011561"
"CB25 0ED",10,558583,267107,"E92000001","E19000001","E18000006","E10000003","E07000009","E05011561"
"CB25 0EE",10,558588,267154,"E92000001","E19000001","E18000006","E10000003","E07000009","E05011561"
"CB25 0EF",10,558786,267472,"E92000001","E19000001","E18000006","E10000003","E07000009","E05011561"
"CB25 0EG",10,558823,267226,"E92000001","E19000001","E18000006","E10000003","E07000009","E05011561"
"CB25 0EH",10,558515,267224,"E92000001","E19000001","E18000006","E10000003","E07000009","E05011561"
"CB25 0EJ",10,558522,266915,"E92000001","E19000001","E18000006","E10000003","E07000009","E05011561"
"CB25 0EL",10,558608,266737,"E92000001","E19000001","E18000006","E10000003","E07000009","E05011561"
"CB25 0EN",10,558725,266624,"E92000001","E19000001","E18000006","E10000003","E07000009","E05011561"
"CB25 0EP",10,558754,266545,"E92000001","E19000001","E18000006","E10000003","E07000009","E05011561"
"CB25 0EQ",10,558860,267442,"E92000001","E19000001","E18000006","E10000003","E07000009","E05011561"
"CB25 0ER",10,558735,266688,"E92000001","E19000001","E18000006","E10000003","E07000009","E05011561"
"CB25 0ES",10,558642,266548,"E92000001","E19000001","E18000006","E10000003","E07000009","E05011561"
"CB25 0ET",10,558625,266970,"E92000001","E19000001","E18000006","E10000003","E07000009","E05011561"
"CB25 0EU",10,558843,267289,"E92000001","E19000001","E18000006","E10000003","E07000009","E05011561"
"CB25 0EX",10,558626,266869,"E92000001","E19000001","E18000006","E10000003","E07000009","E05011561"
"CB25 0EY",10,558830,266267,"E92000001","E19000001","E18000006","E10000003","E07000009","E05011561"
"CB25 0EZ",10,558447,267339,"E92000001","E19000001","E18000006","E10000003","E07000009","E05011561"
"CB25 0FA",10,557275,264602,"E92000001","E19000001","E18000006","E10000003","E07000009","E05015488"
"CB25 0FB",10,559229,266391,"E92000001","E19000001","E18000006","E10000003","E07000009","E05011561"
"CB25 0FD",10,559155,266452,"E92000001","E19000001","E18000006","E10000003","E07000009","E05011561"
"CB25 0FE",10,559149,265862,"E92000001","E19000001","E18000006","E10000003","E07000009","E05011561"
"CB25 0FF",10,558744,267991,"E92000001","E19000001","E18000006","E10000003","E07000009","E05011561"
"CB25 0FG",10,555646,262464,"E92000001","E19000001","E18000006","E10000003","E07000009","E05015488"
"CB25 0FH",10,557324,264566,"E92000001","E19000001","E18000006","E10000003","E07000009","E05015488"
"CB25 0FJ",10,558583,265676,"E92000001","E19000001","E18000006","E10000003","E07000009","E05011561"
"CB25 0FL",10,558679,265635,"E92000001","E19000001","E18000006","E10000003","E07000009","E05011561"
"CB25 0FN",10,558586,265710,"E92000001","E19000001","E18000006","E10000003","E07000009","E05011561"
"CB25 0FP",10,558976,267761,"E92000001","E19000001","E18000006","E10000003","E07000009","E05011561"
"CB25 0FQ",10,559551,266080,"E92000001","E19000001","E18000006","E10000003","E07000009","E05011561"
"CB25 0FR",10,558674,268103,"E92000001","E19000001","E18000006","E10000003","E07000009","E05011561"
"CB25 0FS",10,558687,268231,"E92000001","E19000001","E18000006","E10000003","E07000009","E05011561"
"CB25 0FT",10,558462,267067,"E92000001","E19000001","E18000006","E10000003","E07000009","E05011561"
"CB25 0FU",10,557885,266609,"E92000001","E19000001","E18000006","E10000003","E07000009","E05011561"
"CB25 0FW",10,557858,266523,"E92000001","E19000001","E18000006","E10000003","E07000009","E05011561"
"CB25 0FX",10,558454,267755,"E92000001","E19000001","E18000006","E10000003","E07000009","E05011561"
"CB25 0GA",10,558667,267118,"E92000001","E19000001","E18000006","E10000003","E07000009","E05011561"
"CB25 0GH",10,558423,265853,"E92000001","E19000001","E18000006","E10000003","E07000009","E05011561"
"CB25 0HA",10,558861,266650,"E92000001","E19000001","E18000006","E10000003","E07000009","E05011561"
"CB25 0HB",10,559035,265982,"E92000001","E19000001","E18000006","E10000003","E07000009","E05011561"
"CB25 0HD",10,558894,266389,"E92000001","E19000001","E18000006","E10000003","E07000009","E05011561"
"CB25 0HE",10,558761,266465,"E92000001","E19000001","E18000006","E10000003","E07000009","E05011561"
"CB25 0HF",10,558716,266264,"E92000001","E19000001","E18000006","E10000003","E07000009","E05011561"
"CB25 0HG",10,558616,266303,"E92000001","E19000001","E18000006","E10000003","E07000009","E05011561"
"CB25 0HH",10,559056,266261,"E92000001","E19000001","E18000006","E10000003","E07000009","E05011561"
"CB25 0HJ",10,558987,266297,"E92000001","E19000001","E18000006","E10000003","E07000009","E05011561"
"CB25 0HL",10,559070,266372,"E92000001","E19000001","E18000006","E10000003","E07000009","E05011561"
"CB25 0HN",10,558582,266410,"E92000001","E19000001","E18000006","E10000003","E07000009","E05011561"
"CB25 0HP",10,555650,262545,"E92000001","E19000001","E18000006","E10000003","E07000009","E05015488"
"CB25 0HQ",10,558749,266304,"E92000001","E19000001","E18000006","E10000003","E07000009","E05011561"
"CB25 0HR",10,558994,266469,"E92000001","E19000001","E18000006","E10000003","E07000009","E05011561"
"CB25 0HS",10,558976,266188,"E92000001","E19000001","E18000006","E10000003","E07000009","E05011561"
"CB25 0HT",10,557096,264440,"E92000001","E19000001","E18000006","E10000003","E07000009","E05015488"
"CB25 0HU",10,557138,264462,"E92000001","E19000001","E18000006","E10000003","E07000009","E05015488"
"CB25 0HW",10,558595,266565,"E92000001","E19000001","E18000006","E10000003","E07000009","E05011561"
"CB25 0HX",10,557330,264672,"E92000001","E19000001","E18000006","E10000003","E07000009","E05015488"
"CB25 0HZ",10,556869,265895,"E92000001","E19000001","E18000006","E10000003","E07000009","E05015488"
"CB25 0JA",10,556832,265837,"E92000001","E19000001","E18000006","E10000003","E07000009","E05015488"
"CB25 0JD",10,556707,266204,"E92000001","E19000001","E18000006","E10000003","E07000009","E05015488"
"CB25 0JE",10,559034,266819,"E92000001","E19000001","E18000006","E10000003","E07000009","E05011561"
"CB25 0JF",10,556396,266184,"E92000001","E19000001","E18000006","E10000003","E07000009","E05015488"
"CB25 0JG",10,559154,266893,"E92000001","E19000001","E18000006","E10000003","E07000009","E05011561"
"CB25 0JH",10,557143,266298,"E92000001","E19000001","E18000006","E10000003","E07000009","E05015488"
"CB25 0JJ",10,556603,266322,"E92000001","E19000001","E18000006","E10000003","E07000009","E05015488"
"CB25 0JL",10,559136,266977,"E92000001","E19000001","E18000006","E10000003","E07000009","E05011561"
"CB25 0JP",10,559143,266829,"E92000001","E19000001","E18000006","E10000003","E07000009","E05011561"
"CB25 0JQ",10,556545,266278,"E92000001","E19000001","E18000006","E10000003","E07000009","E05015488"
"CB25 0JR",10,559051,266226,"E92000001","E19000001","E18000006","E10000003","E07000009","E05011561"
"CB25 0JS",10,557055,264127,"E92000001","E19000001","E18000006","E10000003","E07000009","E05015488"
"CB25 0JT",10,556962,264032,"E92000001","E19000001","E18000006","E10000003","E07000009","E05015488"
"CB25 0JU",10,557044,264047,"E92000001","E19000001","E18000006","E10000003","E07000009","E05015488"
"CB25 0JX",10,556977,263930,"E92000001","E19000001","E18000006","E10000003","E07000009","E05015488"
"CB25 0JZ",10,557240,264151,"E92000001","E19000001","E18000006","E10000003","E07000009","E05015488"
"CB25 0LA",10,558290,262965,"E92000001","E19000001","E18000006","E10000003","E07000009","E05015488"
"CB25 0LB",10,557244,264356,"E92000001","E19000001","E18000006","E10000003","E07000009","E05015488"
"CB25 0LD",10,556777,264019,"E92000001","E19000001","E18000006","E10000003","E07000009","E05015488"
"CB25 0LE",10,556599,263790,"E92000001","E19000001","E18000006","E10000003","E07000009","E05015488"
"CB25 0LG",10,556254,264457,"E92000001","E19000001","E18000006","E10000003","E07000009","E05015488"
"CB25 0LJ",10,557157,264623,"E92000001","E19000001","E18000006","E10000003","E07000009","E05015488"
"CB25 0LP",10,555523,262537,"E92000001","E19000001","E18000006","E10000003","E07000009","E05015488"
"CB25 0LQ",10,554368,265937,"E92000001","E19000001","E18000006","E10000003","E07000009","E05015488"
"CB25 0LR",10,555867,262748,"E92000001","E19000001","E18000006","E10000003","E07000009","E05015488"
"CB25 0LS",10,556025,262660,"E92000001","E19000001","E18000006","E10000003","E07000009","E05015488"
"CB25 0LT",10,555919,262663,"E92000001","E19000001","E18000006","E10000003","E07000009","E05015488"
"CB25 0LU",10,555770,262379,"E92000001","E19000001","E18000006","E10000003","E07000009","E05015488"
"CB25 0LW",10,558986,266876,"E92000001","E19000001","E18000006","E10000003","E07000009","E05011561"
"CB25 0LX",10,555574,262250,"E92000001","E19000001","E18000006","E10000003","E07000009","E05015488"
"CB25 0LY",10,555484,262388,"E92000001","E19000001","E18000006","E10000003","E07000009","E05015488"
"CB25 0NA",10,555504,261856,"E92000001","E19000001","E18000006","E10000003","E07000009","E05015488"
"CB25 0NB",10,555543,262640,"E92000001","E19000001","E18000006","E10000003","E07000009","E05015488"
"CB25 0ND",10,555685,263143,"E92000001","E19000001","E18000006","E10000003","E07000009","E05015488"
"CB25 0NE",10,555737,263148,"E92000001","E19000001","E18000006","E10000003","E07000009","E05015488"
"CB25 0NF",10,555599,263116,"E92000001","E19000001","E18000006","E10000003","E07000009","E05015488"
"CB25 0NG",10,555680,263237,"E92000001","E19000001","E18000006","E10000003","E07000009","E05015488"
"CB25 0NH",10,554794,264193,"E92000001","E19000001","E18000006","E10000003","E07000009","E05015488"
"CB25 0NJ",10,555303,263595,"E92000001","E19000001","E18000006","E10000003","E07000009","E05015488"
"CB25 0NL",10,555731,262579,"E92000001","E19000001","E18000006","E10000003","E07000009","E05015488"
"CB25 0NQ",10,555962,263209,"E92000001","E19000001","E18000006","E10000003","E07000009","E05015488"
"CB25 0NW",10,555416,262689,"E92000001","E19000001","E18000006","E10000003","E07000009","E05015488"
"CB25 0PA",10,559325,266284,"E92000001","E19000001","E18000006","E10000003","E07000009","E05011561"
"CB25 0RA",10,559153,266168,"E92000001","E19000001","E18000006","E10000003","E07000009","E05011561"
"CB25 0RD",10,558866,266672,"E92000001","E19000001","E18000006","E10000003","E07000009","E05011561"
"CB25 0RE",10,559236,266267,"E92000001","E19000001","E18000006","E10000003","E07000009","E05011561"
"CB25 0RF",10,559284,267591,"E92000001","E19000001","E18000006","E10000003","E07000009","E05011561"
"CB25 0RG",10,559494,266198,"E92000001","E19000001","E18000006","E10000003","E07000009","E05011561"
"CB25 0RQ",10,558610,266804,"E92000001","E19000001","E18000006","E10000003","E07000009","E05011561"
"CB25 0RS",10,559211,266729,"E92000001","E19000001","E18000006","E10000003","E07000009","E05011561"
"CB25 0RT",10,559233,266841,"E92000001","E19000001","E18000006","E10000003","E07000009","E05011561"
"CB25 0UT",10,558866,266672,"E92000001","E19000001","E18000006","E10000003","E07000009","E05011561"
"CB25 0YY",10,558866,266672,"E92000001","E19000001","E18000006","E10000003","E07000009","E05011561"
"CB25 9AA",10,552026,260329,"E92000001","E19000001","E18000006","E10000003","E07000012","E05011291"
"CB25 9AB",10,552109,260575,"E92000001","E19000001","E18000006","E10000003","E07000012","E05011291"
"CB25 9AD",10,551857,260271,"E92000001","E19000001","E18000006","E10000003","E07000012","E05011291"
"CB25 9AE",10,551607,260133,"E92000001","E19000001","E18000006","E10000003","E07000012","E05011291"
"CB25 9AF",10,551578,260018,"E92000001","E19000001","E18000006","E10000003","E07000012","E05011291"
"CB25 9AG",10,551030,259497,"E92000001","E19000001","E18000006","E10000003","E07000012","E05011291"
"CB25 9AH",10,552265,260537,"E92000001","E19000001","E18000006","E10000003","E07000012","E05011291"
"CB25 9AJ",10,551860,260937,"E92000001","E19000001","E18000006","E10000003","E07000012","E05011291"
"CB25 9AL",10,552072,260399,"E92000001","E19000001","E18000006","E10000003","E07000012","E05011291"
"CB25 9AN",10,552099,260529,"E92000001","E19000001","E18000006","E10000003","E07000012","E05011291"
"CB25 9AQ",10,552096,260052,"E92000001","E19000001","E18000006","E10000003","E07000012","E05011291"
"CB25 9AR",10,552837,260419,"E92000001","E19000001","E18000006","E10000003","E07000012","E05011291"
"CB25 9AS",10,551991,260546,"E92000001","E19000001","E18000006","E10000003","E07000012","E05011291"
"CB25 9AT",10,550457,260941,"E92000001","E19000001","E18000006","E10000003","E07000012","E05011291"
"CB25 9AU",10,552183,260715,"E92000001","E19000001","E18000006","E10000003","E07000012","E05011291"
"CB25 9AW",10,552203,260660,"E92000001","E19000001","E18000006","E10000003","E07000012","E05011291"
"CB25 9AX",10,554619,260909,"E92000001","E19000001","E18000006","E10000003","E07000009","E05015488"
"CB25 9AZ",10,549649,266023,"E92000001","E19000001","E18000006","E10000003","E07000012","E05011301"
"CB25 9BA",10,554569,260416,"E92000001","E19000001","E18000006","E10000003","E07000009","E05015488"
"CB25 9BB",10,554986,260285,"E92000001","E19000001","E18000006","E10000003","E07000009","E05015488"
"CB25 9BD",10,556032,260015,"E92000001","E19000001","E18000006","E10000003","E07000009","E05015488"
"CB25 9BE",10,554855,260499,"E92000001","E19000001","E18000006","E10000003","E07000009","E05015488"
"CB25 9BG",10,554724,260730,"E92000001","E19000001","E18000006","E10000003","E07000009","E05015488"
"CB25 9BH",10,554786,260545,"E92000001","E19000001","E18000006","E10000003","E07000009","E05015488"
"CB25 9BJ",10,554920,260497,"E92000001","E19000001","E18000006","E10000003","E07000009","E05015488"
"CB25 9BL",10,554738,260637,"E92000001","E19000001","E18000006","E10000003","E07000009","E05015488"
"CB25 9BN",10,554911,260645,"E92000001","E19000001","E18000006","E10000003","E07000009","E05015488"
"CB25 9BP",10,554641,260735,"E92000001","E19000001","E18000006","E10000003","E07000009","E05015488"
"CB25 9BQ",10,554884,260408,"E92000001","E19000001","E18000006","E10000003","E07000009","E05015488"
"CB25 9BS",10,554709,260687,"E92000001","E19000001","E18000006","E10000003","E07000009","E05015488"
"CB25 9BT",10,549572,266016,"E92000001","E19000001","E18000006","E10000003","E07000012","E05011301"
"CB25 9BU",10,554793,260083,"E92000001","E19000001","E18000006","E10000003","E07000009","E05015488"
"CB25 9BW",10,554606,260833,"E92000001","E19000001","E18000006","E10000003","E07000009","E05015488"
"CB25 9BX",10,555222,260276,"E92000001","E19000001","E18000006","E10000003","E07000009","E05015488"
"CB25 9BY",10,554384,260472,"E92000001","E19000001","E18000006","E10000003","E07000009","E05015488"
"CB25 9BZ",10,549578,266091,"E92000001","E19000001","E18000006","E10000003","E07000012","E05011301"
"CB25 9DA",10,554395,260643,"E92000001","E19000001","E18000006","E10000003","E07000009","E05015488"
"CB25 9DB",10,554476,260715,"E92000001","E19000001","E18000006","E10000003","E07000009","E05015488"
"CB25 9DD",10,554602,260570,"E92000001","E19000001","E18000006","E10000003","E07000009","E05015488"
"CB25 9DE",10,554557,260654,"E92000001","E19000001","E18000006","E10000003","E07000009","E05015488"
"CB25 9DF",10,554202,260599,"E92000001","E19000001","E18000006","E10000003","E07000009","E05015488"
"CB25 9DG",10,554353,260888,"E92000001","E19000001","E18000006","E10000003","E07000009","E05015488"
"CB25 9DH",10,554097,260371,"E92000001","E19000001","E18000006","E10000003","E07000009","E05015488"
"CB25 9DJ",10,554056,261148,"E92000001","E19000001","E18000006","E10000003","E07000009","E05015488"
"CB25 9DL",10,554080,261001,"E92000001","E19000001","E18000006","E10000003","E07000009","E05015488"
"CB25 9DN",10,554505,261890,"E92000001","E19000001","E18000006","E10000003","E07000009","E05015488"
"CB25 9DP",10,554291,260893,"E92000001","E19000001","E18000006","E10000003","E07000009","E05015488"
"CB25 9DQ",10,554317,260767,"E92000001","E19000001","E18000006","E10000003","E07000009","E05015488"
"CB25 9DR",10,554302,260980,"E92000001","E19000001","E18000006","E10000003","E07000009","E05015488"
"CB25 9DS",10,554214,261047,"E92000001","E19000001","E18000006","E10000003","E07000009","E05015488"
"CB25 9DT",10,554148,261132,"E92000001","E19000001","E18000006","E10000003","E07000009","E05015488"
"CB25 9DU",10,554459,260903,"E92000001","E19000001","E18000006","E10000003","E07000009","E05015488"
"CB25 9DW",10,554224,260726,"E92000001","E19000001","E18000006","E10000003","E07000009","E05015488"
"CB25 9DX",10,554464,261067,"E92000001","E19000001","E18000006","E10000003","E07000009","E05015488"
"CB25 9DY",10,554112,260574,"E92000001","E19000001","E18000006","E10000003","E07000009","E05015488"
"CB25 9DZ",10,549677,266081,"E92000001","E19000001","E18000006","E10000003","E07000012","E05011301"
"CB25 9EB",10,554477,260806,"E92000001","E19000001","E18000006","E10000003","E07000009","E05015488"
"CB25 9ED",10,555141,261644,"E92000001","E19000001","E18000006","E10000003","E07000009","E05015488"
"CB25 9EE",10,554317,260604,"E92000001","E19000001","E18000006","E10000003","E07000009","E05015488"
"CB25 9EF",10,554549,261137,"E92000001","E19000001","E18000006","E10000003","E07000009","E05015488"
"CB25 9EG",10,554676,260303,"E92000001","E19000001","E18000006","E10000003","E07000009","E05015488"
"CB25 9EH",10,553378,262767,"E92000001","E19000001","E18000006","E10000003","E07000009","E05015488"
"CB25 9EJ",10,553019,262252,"E92000001","E19000001","E18000006","E10000003","E07000009","E05015488"
"CB25 9EL",10,553156,262924,"E92000001","E19000001","E18000006","E10000003","E07000009","E05015488"
"CB25 9EN",10,553164,262702,"E92000001","E19000001","E18000006","E10000003","E07000009","E05015488"
"CB25 9EP",10,553351,262545,"E92000001","E19000001","E18000006","E10000003","E07000009","E05015488"
"CB25 9EQ",10,554236,260577,"E92000001","E19000001","E18000006","E10000003","E07000009","E05015488"
"CB25 9ER",10,553477,262623,"E92000001","E19000001","E18000006","E10000003","E07000009","E05015488"
"CB25 9ES",10,553603,262634,"E92000001","E19000001","E18000006","E10000003","E07000009","E05015488"
"CB25 9ET",10,553576,262432,"E92000001","E19000001","E18000006","E10000003","E07000009","E05015488"
"CB25 9EU",10,553654,262444,"E92000001","E19000001","E18000006","E10000003","E07000009","E05015488"
"CB25 9EW",10,553326,262744,"E92000001","E19000001","E18000006","E10000003","E07000009","E05015488"
"CB25 9EX",10,553516,262660,"E92000001","E19000001","E18000006","E10000003","E07000009","E05015488"
"CB25 9EY",10,553562,262186,"E92000001","E19000001","E18000006","E10000003","E07000009","E05015488"
"CB25 9EZ",10,553699,262295,"E92000001","E19000001","E18000006","E10000003","E07000009","E05015488"
"CB25 9FA",10,548218,265138,"E92000001","E19000001","E18000006","E10000003","E07000012","E05011301"
"CB25 9FB",10,547800,265038,"E92000001","E19000001","E18000006","E10000003","E07000012","E05011301"
"CB25 9FD",10,547629,265626,"E92000001","E19000001","E18000006","E10000003","E07000012","E05011301"
"CB25 9FE",10,547489,265313,"E92000001","E19000001","E18000006","E10000003","E07000012","E05011301"
"CB25 9FF",10,547526,265290,"E92000001","E19000001","E18000006","E10000003","E07000012","E05011301"
"CB25 9FG",10,547514,265160,"E92000001","E19000001","E18000006","E10000003","E07000012","E05011301"
"CB25 9FH",10,547985,266506,"E92000001","E19000001","E18000006","E10000003","E07000012","E05011301"
"CB25 9FJ",10,549705,266002,"E92000001","E19000001","E18000006","E10000003","E07000012","E05011301"
"CB25 9FL",10,554289,260407,"E92000001","E19000001","E18000006","E10000003","E07000009","E05015488"
"CB25 9FN",10,549457,265456,"E92000001","E19000001","E18000006","E10000003","E07000012","E05011301"
"CB25 9FP",10,554278,260437,"E92000001","E19000001","E18000006","E10000003","E07000009","E05015488"
"CB25 9FQ",10,547055,264904,"E92000001","E19000001","E18000006","E10000003","E07000012","E05011301"
"CB25 9FR",10,547754,264872,"E92000001","E19000001","E18000006","E10000003","E07000012","E05011301"
"CB25 9FS",10,547779,264949,"E92000001","E19000001","E18000006","E10000003","E07000012","E05011301"
"CB25 9FT",10,547738,264751,"E92000001","E19000001","E18000006","E10000003","E07000012","E05011301"
"CB25 9FU",10,547751,264269,"E92000001","E19000001","E18000006","E10000003","E07000012","E05011301"
"CB25 9FW",10,553404,262643,"E92000001","E19000001","E18000006","E10000003","E07000009","E05015488"
"CB25 9FX",10,548513,268137,"E92000001","E19000001","E18000006","E10000003","E07000012","E05011301"
"CB25 9FY",10,547771,265009,"E92000001","E19000001","E18000006","E10000003","E07000012","E05011301"
"CB25 9FZ",10,547515,265403,"E92000001","E19000001","E18000006","E10000003","E07000012","E05011301"
"CB25 9GB",10,547820,264548,"E92000001","E19000001","E18000006","E10000003","E07000012","E05011301"
"CB25 9GD",10,547645,265393,"E92000001","E19000001","E18000006","E10000003","E07000012","E05011301"
"CB25 9GE",10,550235,271627,"E92000001","E19000001","E18000006","E10000003","E07000009","E05011571"
"CB25 9GF",10,549411,265775,"E92000001","E19000001","E18000006","E10000003","E07000012","E05011301"
"CB25 9GG",10,549817,266038,"E92000001","E19000001","E18000006","E10000003","E07000012","E05011301"
"CB25 9GH",10,554552,260884,"E92000001","E19000001","E18000006","E10000003","E07000009","E05015488"
"CB25 9GJ",10,550271,265975,"E92000001","E19000001","E18000006","E10000003","E07000012","E05011301"
"CB25 9GL",10,548980,266039,"E92000001","E19000001","E18000006","E10000003","E07000012","E05011301"
"CB25 9GP",10,549175,265886,"E92000001","E19000001","E18000006","E10000003","E07000012","E05011301"
"CB25 9GQ",10,547481,265247,"E92000001","E19000001","E18000006","E10000003","E07000012","E05011301"
"CB25 9GR",10,549895,266023,"E92000001","E19000001","E18000006","E10000003","E07000012","E05011301"
"CB25 9GS",10,549937,265938,"E92000001","E19000001","E18000006","E10000003","E07000012","E05011301"
"CB25 9GT",10,549964,266067,"E92000001","E19000001","E18000006","E10000003","E07000012","E05011301"
"CB25 9GU",10,549611,266468,"E92000001","E19000001","E18000006","E10000003","E07000012","E05011301"
"CB25 9GW",10,550039,265914,"E92000001","E19000001","E18000006","E10000003","E07000012","E05011301"
"CB25 9GX",10,554260,260698,"E92000001","E19000001","E18000006","E10000003","E07000009","E05015488"
"CB25 9GY",10,549774,265222,"E92000001","E19000001","E18000006","E10000003","E07000012","E05011301"
"CB25 9HA",10,554438,262909,"E92000001","E19000001","E18000006","E10000003","E07000009","E05015488"
"CB25 9HB",10,553186,262887,"E92000001","E19000001","E18000006","E10000003","E07000009","E05015488"
"CB25 9HD",10,553120,263257,"E92000001","E19000001","E18000006","E10000003","E07000009","E05015488"
"CB25 9HE",10,552574,263968,"E92000001","E19000001","E18000006","E10000003","E07000009","E05015488"
"CB25 9HF",10,552096,265950,"E92000001","E19000001","E18000006","E10000003","E07000009","E05015488"
"CB25 9HG",10,553287,262896,"E92000001","E19000001","E18000006","E10000003","E07000009","E05015488"
"CB25 9HH",10,553298,262966,"E92000001","E19000001","E18000006","E10000003","E07000009","E05015488"
"CB25 9HL",10,549785,265084,"E92000001","E19000001","E18000006","E10000003","E07000012","E05011301"
"CB25 9HN",10,549540,265499,"E92000001","E19000001","E18000006","E10000003","E07000012","E05011301"
"CB25 9HP",10,549623,265387,"E92000001","E19000001","E18000006","E10000003","E07000012","E05011301"
"CB25 9HR",10,549616,265265,"E92000001","E19000001","E18000006","E10000003","E07000012","E05011301"
"CB25 9HS",10,549942,264970,"E92000001","E19000001","E18000006","E10000003","E07000012","E05011301"
"CB25 9HT",10,549809,265113,"E92000001","E19000001","E18000006","E10000003","E07000012","E05011301"
"CB25 9HW",10,549540,265416,"E92000001","E19000001","E18000006","E10000003","E07000012","E05011301"
"CB25 9HX",10,549994,265015,"E92000001","E19000001","E18000006","E10000003","E07000012","E05011301"
"CB25 9HY",10,549431,265363,"E92000001","E19000001","E18000006","E10000003","E07000012","E05011301"
"CB25 9HZ",10,550227,264643,"E92000001","E19000001","E18000006","E10000003","E07000012","E05011301"
"CB25 9JA",10,551273,265096,"E92000001","E19000001","E18000006","E10000003","E07000012","E05011291"
"CB25 9JB",10,550141,264334,"E92000001","E19000001","E18000006","E10000003","E07000012","E05011291"
"CB25 9JD",10,549886,263625,"E92000001","E19000001","E18000006","E10000003","E07000012","E05011291"
"CB25 9JE",10,549544,262779,"E92000001","E19000001","E18000006","E10000003","E07000012","E05011291"
"CB25 9JF",10,549298,262755,"E92000001","E19000001","E18000006","E10000003","E07000012","E05011291"
"CB25 9JG",10,549302,262375,"E92000001","E19000001","E18000006","E10000003","E07000012","E05011291"
"CB25 9JH",10,549250,262677,"E92000001","E19000001","E18000006","E10000003","E07000012","E05011291"
"CB25 9JJ",10,549270,262428,"E92000001","E19000001","E18000006","E10000003","E07000012","E05011291"
"CB25 9JL",10,549172,262299,"E92000001","E19000001","E18000006","E10000003","E07000012","E05011291"
"CB25 9JN",10,549203,262399,"E92000001","E19000001","E18000006","E10000003","E07000012","E05011291"
"CB25 9JQ",10,549291,262688,"E92000001","E19000001","E18000006","E10000003","E07000012","E05011291"
"CB25 9JS",10,549951,266241,"E92000001","E19000001","E18000006","E10000003","E07000012","E05011301"
"CB25 9JT",10,550093,265821,"E92000001","E19000001","E18000006","E10000003","E07000012","E05011301"
"CB25 9JU",10,549566,265731,"E92000001","E19000001","E18000006","E10000003","E07000012","E05011301"
"CB25 9JW",10,549629,265226,"E92000001","E19000001","E18000006","E10000003","E07000012","E05011301"
"CB25 9JX",10,549660,265822,"E92000001","E19000001","E18000006","E10000003","E07000012","E05011301"
"CB25 9JY",10,549683,265606,"E92000001","E19000001","E18000006","E10000003","E07000012","E05011301"
"CB25 9JZ",10,549394,265605,"E92000001","E19000001","E18000006","E10000003","E07000012","E05011301"
"CB25 9LA",10,549452,265722,"E92000001","E19000001","E18000006","E10000003","E07000012","E05011301"
"CB25 9LB",10,549476,265713,"E92000001","E19000001","E18000006","E10000003","E07000012","E05011301"
"CB25 9LD",10,549401,265719,"E92000001","E19000001","E18000006","E10000003","E07000012","E05011301"
"CB25 9LF",10,549660,266226,"E92000001","E19000001","E18000006","E10000003","E07000012","E05011301"
"CB25 9LG",10,549840,266391,"E92000001","E19000001","E18000006","E10000003","E07000012","E05011301"
"CB25 9LH",10,550028,265729,"E92000001","E19000001","E18000006","E10000003","E07000012","E05011301"
"CB25 9LJ",10,550121,266170,"E92000001","E19000001","E18000006","E10000003","E07000012","E05011301"
"CB25 9LL",10,550326,265294,"E92000001","E19000001","E18000006","E10000003","E07000012","E05011301"
"CB25 9LN",10,550776,265711,"E92000001","E19000001","E18000006","E10000003","E07000012","E05011301"
"CB25 9LP",10,550892,267808,"E92000001","E19000001","E18000006","E10000003","E07000012","E05011301"
"CB25 9LQ",10,549850,265905,"E92000001","E19000001","E18000006","E10000003","E07000012","E05011301"
"CB25 9LR",10,551830,268662,"E92000001","E19000001","E18000006","E10000003","E07000012","E05011301"
"CB25 9LS",10,549901,266253,"E92000001","E19000001","E18000006","E10000003","E07000012","E05011301"
"CB25 9LT",10,549979,266182,"E92000001","E19000001","E18000006","E10000003","E07000012","E05011301"
"CB25 9LU",10,550091,266177,"E92000001","E19000001","E18000006","E10000003","E07000012","E05011301"
"CB25 9LW",10,551156,267268,"E92000001","E19000001","E18000006","E10000003","E07000012","E05011301"
"CB25 9LX",10,550108,266129,"E92000001","E19000001","E18000006","E10000003","E07000012","E05011301"
"CB25 9LY",10,550132,266233,"E92000001","E19000001","E18000006","E10000003","E07000012","E05011301"
"CB25 9LZ",10,550219,266156,"E92000001","E19000001","E18000006","E10000003","E07000012","E05011301"
"CB25 9NA",10,549702,265249,"E92000001","E19000001","E18000006","E10000003","E07000012","E05011301"
"CB25 9NB",10,549908,265273,"E92000001","E19000001","E18000006","E10000003","E07000012","E05011301"
"CB25 9ND",10,549938,265342,"E92000001","E19000001","E18000006","E10000003","E07000012","E05011301"
"CB25 9NE",10,549836,265441,"E92000001","E19000001","E18000006","E10000003","E07000012","E05011301"
"CB25 9NF",10,549906,265535,"E92000001","E19000001","E18000006","E10000003","E07000012","E05011301"
"CB25 9NG",10,549891,265612,"E92000001","E19000001","E18000006","E10000003","E07000012","E05011301"
"CB25 9NH",10,549677,265572,"E92000001","E19000001","E18000006","E10000003","E07000012","E05011301"
"CB25 9NJ",10,549252,265146,"E92000001","E19000001","E18000006","E10000003","E07000012","E05011301"
"CB25 9NL",10,548787,264517,"E92000001","E19000001","E18000006","E10000003","E07000012","E05011301"
"CB25 9NN",10,548674,264250,"E92000001","E19000001","E18000006","E10000003","E07000012","E05011301"
"CB25 9NP",10,549246,265192,"E92000001","E19000001","E18000006","E10000003","E07000012","E05011301"
"CB25 9NQ",10,549815,265579,"E92000001","E19000001","E18000006","E10000003","E07000012","E05011301"
"CB25 9NR",10,549357,265230,"E92000001","E19000001","E18000006","E10000003","E07000012","E05011301"
"CB25 9NS",10,549910,265180,"E92000001","E19000001","E18000006","E10000003","E07000012","E05011301"
"CB25 9NT",10,549698,265464,"E92000001","E19000001","E18000006","E10000003","E07000012","E05011301"
"CB25 9NU",10,549966,265751,"E92000001","E19000001","E18000006","E10000003","E07000012","E05011301"
"CB25 9NW",10,548773,265420,"E92000001","E19000001","E18000006","E10000003","E07000012","E05011301"
"CB25 9NX",10,549605,265504,"E92000001","E19000001","E18000006","E10000003","E07000012","E05011301"
"CB25 9NY",10,549429,265885,"E92000001","E19000001","E18000006","E10000003","E07000012","E05011301"
"CB25 9NZ",10,550345,266146,"E92000001","E19000001","E18000006","E10000003","E07000012","E05011301"
"CB25 9PB",10,549210,266003,"E92000001","E19000001","E18000006","E10000003","E07000012","E05011301"
"CB25 9PD",10,548327,267909,"E92000001","E19000001","E18000006","E10000003","E07000012","E05011301"
"CB25 9PE",10,547947,267687,"E92000001","E19000001","E18000006","E10000003","E07000012","E05011301"
"CB25 9PF",10,549242,266115,"E92000001","E19000001","E18000006","E10000003","E07000012","E05011301"
"CB25 9PG",10,548366,268192,"E92000001","E19000001","E18000006","E10000003","E07000012","E05011301"
"CB25 9PH",10,549579,269933,"E92000001","E19000001","E18000006","E10000003","E07000012","E05011301"
"CB25 9PL",10,549898,271172,"E92000001","E19000001","E18000006","E10000003","E07000012","E05011289"
"CB25 9PN",10,550891,271609,"E92000001","E19000001","E18000006","E10000003","E07000009","E05011571"
"CB25 9PP",10,550086,265163,"E92000001","E19000001","E18000006","E10000003","E07000012","E05011301"
"CB25 9PQ",10,548813,268544,"E92000001","E19000001","E18000006","E10000003","E07000012","E05011301"
"CB25 9PR",10,549323,265892,"E92000001","E19000001","E18000006","E10000003","E07000012","E05011301"
"CB25 9PS",10,549298,265848,"E92000001","E19000001","E18000006","E10000003","E07000012","E05011301"
"CB25 9PT",10,549762,266410,"E92000001","E19000001","E18000006","E10000003","E07000012","E05011301"
"CB25 9PU",10,549948,266103,"E92000001","E19000001","E18000006","E10000003","E07000012","E05011301"
"CB25 9PW",10,549873,270010,"E92000001","E19000001","E18000006","E10000003","E07000012","E05011301"
"CB25 9PX",10,550000,265168,"E92000001","E19000001","E18000006","E10000003","E07000012","E05011301"
"CB25 9PY",10,548999,265838,"E92000001","E19000001","E18000006","E10000003","E07000012","E05011301"
"CB25 9PZ",10,550247,271562,"E92000001","E19000001","E18000006","E10000003","E07000009","E05011571"
"CB25 9QD",10,548992,265721,"E92000001","E19000001","E18000006","E10000003","E07000012","E05011301"
"CB25 9QE",10,548885,266093,"E92000001","E19000001","E18000006","E10000003","E07000012","E05011301"
"CB25 9QF",10,549339,265715,"E92000001","E19000001","E18000006","E10000003","E07000012","E05011301"
"CB25 9QG",10,549407,265476,"E92000001","E19000001","E18000006","E10000003","E07000012","E05011301"
"CB25 9QH",10,549352,266108,"E92000001","E19000001","E18000006","E10000003","E07000012","E05011301"
"CB25 9QJ",10,549405,266122,"E92000001","E19000001","E18000006","E10000003","E07000012","E05011301"
"CB25 9QL",10,549983,265496,"E92000001","E19000001","E18000006","E10000003","E07000012","E05011301"
"CB25 9QN",10,548764,267644,"E92000001","E19000001","E18000006","E10000003","E07000012","E05011301"
"CB25 9QP",10,549064,265874,"E92000001","E19000001","E18000006","E10000003","E07000012","E05011301"
"CB25 9QQ",10,550363,266010,"E92000001","E19000001","E18000006","E10000003","E07000012","E05011301"
"CB25 9QR",10,548984,265810,"E92000001","E19000001","E18000006","E10000003","E07000012","E05011301"
"CB25 9QS",10,548837,267604,"E92000001","E19000001","E18000006","E10000003","E07000012","E05011301"
"CB25 9QT",10,548970,265868,"E92000001","E19000001","E18000006","E10000003","E07000012","E05011301"
"CB25 9QU",10,548752,266010,"E92000001","E19000001","E18000006","E10000003","E07000012","E05011301"
"CB25 9QW",10,549945,265590,"E92000001","E19000001","E18000006","E10000003","E07000012","E05011301"
"CB25 9QX",10,548954,265706,"E92000001","E19000001","E18000006","E10000003","E07000012","E05011301"
"CB25 9QY",10,553344,262722,"E92000001","E19000001","E18000006","E10000003","E07000009","E05015488"
"CB25 9QZ",10,548239,267053,"E92000001","E19000001","E18000006","E10000003","E07000012","E05011301"
"CB25 9RA",10,549935,265765,"E92000001","E19000001","E18000006","E10000003","E07000012","E05011301"
"CB25 9RB",10,549544,265969,"E92000001","E19000001","E18000006","E10000003","E07000012","E05011301"
"CB25 9RD",10,550106,265907,"E92000001","E19000001","E18000006","E10000003","E07000012","E05011301"
"CB25 9RE",10,550037,265979,"E92000001","E19000001","E18000006","E10000003","E07000012","E05011301"
"CB25 9RF",10,550169,265960,"E92000001","E19000001","E18000006","E10000003","E07000012","E05011301"
"CB25 9RG",10,549299,265358,"E92000001","E19000001","E18000006","E10000003","E07000012","E05011301"
"CB25 9RH",10,549336,265261,"E92000001","E19000001","E18000006","E10000003","E07000012","E05011301"
"CB25 9RJ",10,549228,265299,"E92000001","E19000001","E18000006","E10000003","E07000012","E05011301"
"CB25 9RL",10,549282,265278,"E92000001","E19000001","E18000006","E10000003","E07000012","E05011301"
"CB25 9RN",10,549415,265622,"E92000001","E19000001","E18000006","E10000003","E07000012","E05011301"
"CB25 9RP",10,550129,266044,"E92000001","E19000001","E18000006","E10000003","E07000012","E05011301"
"CB25 9RQ",10,549227,265354,"E92000001","E19000001","E18000006","E10000003","E07000012","E05011301"
"CB25 9RS",10,548726,267602,"E92000001","E19000001","E18000006","E10000003","E07000012","E05011301"
"CB25 9RT",10,548724,267583,"E92000001","E19000001","E18000006","E10000003","E07000012","E05011301"
"CB25 9RU",10,548920,267562,"E92000001","E19000001","E18000006","E10000003","E07000012","E05011301"
"CB25 9RW",10,549653,265459,"E92000001","E19000001","E18000006","E10000003","E07000012","E05011301"
"CB25 9RX",10,548891,267547,"E92000001","E19000001","E18000006","E10000003","E07000012","E05011301"
"CB25 9RY",10,548971,267592,"E92000001","E19000001","E18000006","E10000003","E07000012","E05011301"
"CB25 9SA",10,554258,260326,"E92000001","E19000001","E18000006","E10000003","E07000009","E05015488"
"CB25 9SB",10,554150,260306,"E92000001","E19000001","E18000006","E10000003","E07000009","E05015488"
"CB25 9SR",10,552122,260475,"E92000001","E19000001","E18000006","E10000003","E07000012","E05011291"
"CB25 9TA",10,554399,260978,"E92000001","E19000001","E18000006","E10000003","E07000009","E05015488"
"CB25 9TH",10,549648,265759,"E92000001","E19000001","E18000006","E10000003","E07000012","E05011301"
"CB25 9TJ",10,549909,265386,"E92000001","E19000001","E18000006","E10000003","E07000012","E05011301"
"CB25 9TL",10,548141,268067,"E92000001","E19000001","E18000006","E10000003","E07000012","E05011301"
"CB25 9TN",10,548155,268223,"E92000001","E19000001","E18000006","E10000003","E07000012","E05011301"
"CB25 9TP",10,548064,268212,"E92000001","E19000001","E18000006","E10000003","E07000012","E05011301"
"CB25 9TU",10,554611,261048,"E92000001","E19000001","E18000006","E10000003","E07000009","E05015488"
"CB25 9WH",10,553344,262722,"E92000001","E19000001","E18000006","E10000003","E07000009","E05015488"
"CB25 9WJ",10,553344,262722,"E92000001","E19000001","E18000006","E10000003","E07000009","E05015488"
"CB3 0AA",10,544410,259026,"E92000001","E19000001","E18000006","E10000003","E07000008","E05013052"
"CB3 0AD",10,544496,258998,"E92000001","E19000001","E18000006","E10000003","E07000008","E05013058"
"CB3 0AE",10,544447,259115,"E92000001","E19000001","E18000006","E10000003","E07000008","E05013052"
"CB3 0AF",10,544645,259002,"E92000001","E19000001","E18000006","E10000003","E07000008","E05013063"
"CB3 0AG",10,544660,259023,"E92000001","E19000001","E18000006","E10000003","E07000008","E05013063"
"CB3 0AH",10,544452,259239,"E92000001","E19000001","E18000006","E10000003","E07000008","E05013052"
"CB3 0AJ",10,544520,259206,"E92000001","E19000001","E18000006","E10000003","E07000008","E05013052"
"CB3 0AL",10,544455,259086,"E92000001","E19000001","E18000006","E10000003","E07000008","E05013052"
"CB3 0AN",10,544404,259400,"E92000001","E19000001","E18000006","E10000003","E07000008","E05013052"
"CB3 0AQ",10,544568,259075,"E92000001","E19000001","E18000006","E10000003","E07000008","E05013052"
"CB3 0AS",10,542632,258835,"E92000001","E19000001","E18000006","E10000003","E07000008","E05013058"
"CB3 0AT",10,544351,259384,"E92000001","E19000001","E18000006","E10000003","E07000008","E05013052"
"CB3 0AX",10,544521,259404,"E92000001","E19000001","E18000006","E10000003","E07000008","E05013052"
"CB3 0AY",10,544372,259372,"E92000001","E19000001","E18000006","E10000003","E07000008","E05013052"
"CB3 0AZ",10,543904,259219,"E92000001","E19000001","E18000006","E10000003","E07000008","E05013052"
"CB3 0BB",10,544438,259221,"E92000001","E19000001","E18000006","E10000003","E07000008","E05013052"
"CB3 0BD",10,544445,259174,"E92000001","E19000001","E18000006","E10000003","E07000008","E05013052"
"CB3 0BE",10,544476,259118,"E92000001","E19000001","E18000006","E10000003","E07000008","E05013052"
"CB3 0BG",10,544487,259055,"E92000001","E19000001","E18000006","E10000003","E07000008","E05013052"
"CB3 0BH",10,544398,259164,"E92000001","E19000001","E18000006","E10000003","E07000008","E05013052"
"CB3 0BJ",10,544352,259108,"E92000001","E19000001","E18000006","E10000003","E07000008","E05013052"
"CB3 0BL",10,544298,259238,"E92000001","E19000001","E18000006","E10000003","E07000008","E05013052"
"CB3 0BN",10,544307,259357,"E92000001","E19000001","E18000006","E10000003","E07000008","E05013052"
"CB3 0BP",10,544407,259226,"E92000001","E19000001","E18000006","E10000003","E07000008","E05013052"
"CB3 0BQ",10,544384,259106,"E92000001","E19000001","E18000006","E10000003","E07000008","E05013052"
"CB3 0BS",10,544340,259282,"E92000001","E19000001","E18000006","E10000003","E07000008","E05013052"
"CB3 0BT",10,544372,259326,"E92000001","E19000001","E18000006","E10000003","E07000008","E05013052"
"CB3 0BU",10,544272,259090,"E92000001","E19000001","E18000006","E10000003","E07000008","E05013052"
"CB3 0BW",10,544325,259297,"E92000001","E19000001","E18000006","E10000003","E07000008","E05013052"
"CB3 0BX",10,544365,259294,"E92000001","E19000001","E18000006","E10000003","E07000008","E05013052"
"CB3 0BY",10,544371,259207,"E92000001","E19000001","E18000006","E10000003","E07000008","E05013052"
"CB3 0BZ",10,544326,259244,"E92000001","E19000001","E18000006","E10000003","E07000008","E05013052"
"CB3 0DB",10,544260,259411,"E92000001","E19000001","E18000006","E10000003","E07000008","E05013052"
"CB3 0DD",10,544201,259379,"E92000001","E19000001","E18000006","E10000003","E07000008","E05013052"
"CB3 0DE",10,543497,259410,"E92000001","E19000001","E18000006","E10000003","E07000008","E05013052"
"CB3 0DF",10,544021,259470,"E92000001","E19000001","E18000006","E10000003","E07000008","E05013052"
"CB3 0DG",10,543909,259426,"E92000001","E19000001","E18000006","E10000003","E07000008","E05013052"
"CB3 0DH",10,543548,259956,"E92000001","E19000001","E18000006","E10000003","E07000008","E05013052"
"CB3 0DL",10,543230,260192,"E92000001","E19000001","E18000006","E10000003","E07000008","E05013052"
"CB3 0DN",10,543861,259133,"E92000001","E19000001","E18000006","E10000003","E07000008","E05013052"
"CB3 0DP",10,543656,259677,"E92000001","E19000001","E18000006","E10000003","E07000008","E05013052"
"CB3 0DQ",10,543762,259794,"E92000001","E19000001","E18000006","E10000003","E07000008","E05013052"
"CB3 0DR",10,543922,259327,"E92000001","E19000001","E18000006","E10000003","E07000008","E05013052"
"CB3 0DS",10,543789,259280,"E92000001","E19000001","E18000006","E10000003","E07000008","E05013052"
"CB3 0DT",10,543607,259693,"E92000001","E19000001","E18000006","E10000003","E07000008","E05013052"
"CB3 0DU",10,544446,259473,"E92000001","E19000001","E18000006","E10000003","E07000008","E05013052"
"CB3 0DW",10,542956,259414,"E92000001","E19000001","E18000006","E10000003","E07000008","E05013052"
"CB3 0DX",10,543730,259457,"E92000001","E19000001","E18000006","E10000003","E07000008","E05013052"
"CB3 0DY",10,543083,259133,"E92000001","E19000001","E18000006","E10000003","E07000008","E05013058"
"CB3 0DZ",10,543776,259494,"E92000001","E19000001","E18000006","E10000003","E07000008","E05013052"
"CB3 0EA",10,543592,259805,"E92000001","E19000001","E18000006","E10000003","E07000008","E05013052"
"CB3 0EE",10,544110,259105,"E92000001","E19000001","E18000006","E10000003","E07000008","E05013052"
"CB3 0EF",10,542172,259294,"E92000001","E19000001","E18000006","E10000003","E07000008","E05013058"
"CB3 0EG",10,543878,259067,"E92000001","E19000001","E18000006","E10000003","E07000008","E05013058"
"CB3 0EH",10,543803,258842,"E92000001","E19000001","E18000006","E10000003","E07000008","E05013058"
"CB3 0EJ",10,543828,258752,"E92000001","E19000001","E18000006","E10000003","E07000008","E05013058"
"CB3 0EL",10,543343,259130,"E92000001","E19000001","E18000006","E10000003","E07000008","E05013058"
"CB3 0EN",10,543510,259024,"E92000001","E19000001","E18000006","E10000003","E07000008","E05013058"
"CB3 0EP",10,542781,259263,"E92000001","E19000001","E18000006","E10000003","E07000008","E05013058"
"CB3 0EQ",10,543578,258941,"E92000001","E19000001","E18000006","E10000003","E07000008","E05013058"
"CB3 0ES",10,542791,258998,"E92000001","E19000001","E18000006","E10000003","E07000008","E05013058"
"CB3 0ET",10,542207,259234,"E92000001","E19000001","E18000006","E10000003","E07000008","E05013058"
"CB3 0EU",10,542705,259397,"E92000001","E19000001","E18000006","E10000003","E07000008","E05013052"
"CB3 0EW",10,543404,259054,"E92000001","E19000001","E18000006","E10000003","E07000008","E05013058"
"CB3 0EX",10,542741,259322,"E92000001","E19000001","E18000006","E10000003","E07000008","E05013052"
"CB3 0EY",10,542865,259395,"E92000001","E19000001","E18000006","E10000003","E07000008","E05013052"
"CB3 0EZ",10,543043,259478,"E92000001","E19000001","E18000006","E10000003","E07000008","E05013052"
"CB3 0FA",10,542934,258794,"E92000001","E19000001","E18000006","E10000003","E07000008","E05013058"
"CB3 0FD",10,543015,259031,"E92000001","E19000001","E18000006","E10000003","E07000008","E05013058"
"CB3 0FF",10,543140,258909,"E92000001","E19000001","E18000006","E10000003","E07000008","E05013058"
"CB3 0FH",10,542454,262255,"E92000001","E19000001","E18000006","E10000003","E07000012","E05011294"
"CB3 0FN",10,543974,259258,"E92000001","E19000001","E18000006","E10000003","E07000008","E05013052"
"CB3 0FS",10,542651,258965,"E92000001","E19000001","E18000006","E10000003","E07000008","E05013058"
"CB3 0FT",10,542856,258824,"E92000001","E19000001","E18000006","E10000003","E07000008","E05013058"
"CB3 0FU",10,543084,259549,"E92000001","E19000001","E18000006","E10000003","E07000008","E05013052"
"CB3 0FW",10,542700,261274,"E92000001","E19000001","E18000006","E10000003","E07000012","E05011294"
"CB3 0FY",10,542822,258811,"E92000001","E19000001","E18000006","E10000003","E07000008","E05013058"
"CB3 0FZ",10,542874,258917,"E92000001","E19000001","E18000006","E10000003","E07000008","E05013058"
"CB3 0GJ",10,542923,261024,"E92000001","E19000001","E18000006","E10000003","E07000012","E05011294"
"CB3 0GL",10,542970,261095,"E92000001","E19000001","E18000006","E10000003","E07000012","E05011294"
"CB3 0GP",10,542753,261149,"E92000001","E19000001","E18000006","E10000003","E07000012","E05011294"
"CB3 0GQ",10,542851,261204,"E92000001","E19000001","E18000006","E10000003","E07000012","E05011294"
"CB3 0GS",10,543194,260393,"E92000001","E19000001","E18000006","E10000003","E07000008","E05013052"
"CB3 0GT",10,542895,258788,"E92000001","E19000001","E18000006","E10000003","E07000008","E05013058"
"CB3 0GU",10,543189,260326,"E92000001","E19000001","E18000006","E10000003","E07000008","E05013052"
"CB3 0GX",10,543319,260434,"E92000001","E19000001","E18000006","E10000003","E07000008","E05013052"
"CB3 0GY",10,543240,260427,"E92000001","E19000001","E18000006","E10000003","E07000008","E05013052"
"CB3 0GZ",10,543272,260435,"E92000001","E19000001","E18000006","E10000003","E07000008","E05013052"
"CB3 0HA",10,543248,259440,"E92000001","E19000001","E18000006","E10000003","E07000008","E05013052"
"CB3 0HB",10,542214,259033,"E92000001","E19000001","E18000006","E10000003","E07000008","E05013058"
"CB3 0HD",10,543880,258933,"E92000001","E19000001","E18000006","E10000003","E07000008","E05013058"
"CB3 0HE",10,543099,258826,"E92000001","E19000001","E18000006","E10000003","E07000008","E05013058"
"CB3 0HF",10,543946,258759,"E92000001","E19000001","E18000006","E10000003","E07000008","E05013058"
"CB3 0HH",10,544145,259551,"E92000001","E19000001","E18000006","E10000003","E07000008","E05013052"
"CB3 0HL",10,543871,259786,"E92000001","E19000001","E18000006","E10000003","E07000008","E05013052"
"CB3 0HN",10,543845,259929,"E92000001","E19000001","E18000006","E10000003","E07000008","E05013052"
"CB3 0HP",10,543838,260015,"E92000001","E19000001","E18000006","E10000003","E07000008","E05013052"
"CB3 0HR",10,543690,260035,"E92000001","E19000001","E18000006","E10000003","E07000008","E05013052"
"CB3 0HS",10,543763,260209,"E92000001","E19000001","E18000006","E10000003","E07000008","E05013052"
"CB3 0HT",10,543726,260218,"E92000001","E19000001","E18000006","E10000003","E07000008","E05013052"
"CB3 0HU",10,543660,260169,"E92000001","E19000001","E18000006","E10000003","E07000008","E05013052"
"CB3 0HW",10,543745,259958,"E92000001","E19000001","E18000006","E10000003","E07000008","E05013052"
"CB3 0HX",10,543868,260289,"E92000001","E19000001","E18000006","E10000003","E07000008","E05013052"
"CB3 0HY",10,543837,260139,"E92000001","E19000001","E18000006","E10000003","E07000008","E05013052"
"CB3 0HZ",10,543809,260160,"E92000001","E19000001","E18000006","E10000003","E07000008","E05013052"
"CB3 0JA",10,543814,259830,"E92000001","E19000001","E18000006","E10000003","E07000008","E05013052"
"CB3 0JB",10,543707,259913,"E92000001","E19000001","E18000006","E10000003","E07000008","E05013052"
"CB3 0JD",10,543983,259697,"E92000001","E19000001","E18000006","E10000003","E07000008","E05013052"
"CB3 0JE",10,544066,259715,"E92000001","E19000001","E18000006","E10000003","E07000008","E05013052"
"CB3 0JG",10,542411,260956,"E92000001","E19000001","E18000006","E10000003","E07000012","E05011294"
"CB3 0JH",10,542050,261097,"E92000001","E19000001","E18000006","E10000003","E07000012","E05011294"
"CB3 0JJ",10,540473,262315,"E92000001","E19000001","E18000006","E10000003","E07000012","E05011294"
"CB3 0JN",10,541059,261920,"E92000001","E19000001","E18000006","E10000003","E07000012","E05011294"
"CB3 0JP",10,542189,262076,"E92000001","E19000001","E18000006","E10000003","E07000012","E05011294"
"CB3 0JR",10,542282,262035,"E92000001","E19000001","E18000006","E10000003","E07000012","E05011294"
"CB3 0JS",10,542318,261939,"E92000001","E19000001","E18000006","E10000003","E07000012","E05011294"
"CB3 0JT",10,542276,261857,"E92000001","E19000001","E18000006","E10000003","E07000012","E05011294"
"CB3 0JW",10,542245,262054,"E92000001","E19000001","E18000006","E10000003","E07000012","E05011294"
"CB3 0JX",10,541995,261123,"E92000001","E19000001","E18000006","E10000003","E07000012","E05011294"
"CB3 0JY",10,541880,262257,"E92000001","E19000001","E18000006","E10000003","E07000012","E05011294"
"CB3 0JZ",10,542407,261961,"E92000001","E19000001","E18000006","E10000003","E07000012","E05011294"
"CB3 0LB",10,543509,260067,"E92000001","E19000001","E18000006","E10000003","E07000008","E05013052"
"CB3 0LD",10,543375,260281,"E92000001","E19000001","E18000006","E10000003","E07000008","E05013052"
"CB3 0LE",10,543300,260291,"E92000001","E19000001","E18000006","E10000003","E07000008","E05013052"
"CB3 0LF",10,543456,260755,"E92000001","E19000001","E18000006","E10000003","E07000012","E05011294"
"CB3 0LG",10,542885,260464,"E92000001","E19000001","E18000006","E10000003","E07000012","E05011294"
"CB3 0LH",10,542447,260769,"E92000001","E19000001","E18000006","E10000003","E07000012","E05011294"
"CB3 0LJ",10,542693,260756,"E92000001","E19000001","E18000006","E10000003","E07000012","E05011294"
"CB3 0LL",10,542652,260989,"E92000001","E19000001","E18000006","E10000003","E07000012","E05011294"
"CB3 0LN",10,542597,261201,"E92000001","E19000001","E18000006","E10000003","E07000012","E05011294"
"CB3 0LQ",10,542829,260582,"E92000001","E19000001","E18000006","E10000003","E07000012","E05011294"
"CB3 0LS",10,542529,261500,"E92000001","E19000001","E18000006","E10000003","E07000012","E05011294"
"CB3 0LT",10,542851,260798,"E92000001","E19000001","E18000006","E10000003","E07000012","E05011294"
"CB3 0LU",10,542796,260688,"E92000001","E19000001","E18000006","E10000003","E07000012","E05011294"
"CB3 0LW",10,542579,261496,"E92000001","E19000001","E18000006","E10000003","E07000012","E05011294"
"CB3 0LX",10,542982,260494,"E92000001","E19000001","E18000006","E10000003","E07000012","E05011294"
"CB3 0LY",10,542624,260613,"E92000001","E19000001","E18000006","E10000003","E07000012","E05011294"
"CB3 0LZ",10,542774,260915,"E92000001","E19000001","E18000006","E10000003","E07000012","E05011294"
"CB3 0NA",10,542604,261317,"E92000001","E19000001","E18000006","E10000003","E07000012","E05011294"
"CB3 0ND",10,542975,260687,"E92000001","E19000001","E18000006","E10000003","E07000012","E05011294"
"CB3 0NE",10,542975,260613,"E92000001","E19000001","E18000006","E10000003","E07000012","E05011294"
"CB3 0NF",10,543201,260844,"E92000001","E19000001","E18000006","E10000003","E07000012","E05011294"
"CB3 0NG",10,543224,260808,"E92000001","E19000001","E18000006","E10000003","E07000012","E05011294"
"CB3 0NH",10,543064,260783,"E92000001","E19000001","E18000006","E10000003","E07000012","E05011294"
"CB3 0NJ",10,543152,260908,"E92000001","E19000001","E18000006","E10000003","E07000012","E05011294"
"CB3 0NL",10,543157,260971,"E92000001","E19000001","E18000006","E10000003","E07000012","E05011294"
"CB3 0NN",10,542914,260892,"E92000001","E19000001","E18000006","E10000003","E07000012","E05011294"
"CB3 0NP",10,542731,261068,"E92000001","E19000001","E18000006","E10000003","E07000012","E05011294"
"CB3 0NQ",10,543100,260676,"E92000001","E19000001","E18000006","E10000003","E07000012","E05011294"
"CB3 0NR",10,542936,260920,"E92000001","E19000001","E18000006","E10000003","E07000012","E05011294"
"CB3 0NS",10,542935,260654,"E92000001","E19000001","E18000006","E10000003","E07000012","E05011294"
"CB3 0NW",10,542715,261034,"E92000001","E19000001","E18000006","E10000003","E07000012","E05011294"
"CB3 0NY",10,543012,260551,"E92000001","E19000001","E18000006","E10000003","E07000012","E05011294"
"CB3 0PA",10,542410,261652,"E92000001","E19000001","E18000006","E10000003","E07000012","E05011294"
"CB3 0PB",10,542171,261580,"E92000001","E19000001","E18000006","E10000003","E07000012","E05011294"
"CB3 0PD",10,542181,261665,"E92000001","E19000001","E18000006","E10000003","E07000012","E05011294"
"CB3 0PE",10,542209,261722,"E92000001","E19000001","E18000006","E10000003","E07000012","E05011294"
"CB3 0PF",10,542263,261801,"E92000001","E19000001","E18000006","E10000003","E07000012","E05011294"
"CB3 0PG",10,542066,261706,"E92000001","E19000001","E18000006","E10000003","E07000012","E05011294"
"CB3 0PH",10,542607,261748,"E92000001","E19000001","E18000006","E10000003","E07000012","E05011294"
"CB3 0PJ",10,542400,262083,"E92000001","E19000001","E18000006","E10000003","E07000012","E05011294"
"CB3 0PL",10,542279,262295,"E92000001","E19000001","E18000006","E10000003","E07000012","E05011294"
"CB3 0PN",10,542448,262075,"E92000001","E19000001","E18000006","E10000003","E07000012","E05011294"
"CB3 0PP",10,542566,261979,"E92000001","E19000001","E18000006","E10000003","E07000012","E05011294"
"CB3 0PQ",10,542535,261646,"E92000001","E19000001","E18000006","E10000003","E07000012","E05011294"
"CB3 0PR",10,542367,261993,"E92000001","E19000001","E18000006","E10000003","E07000012","E05011294"
"CB3 0PS",10,542327,262103,"E92000001","E19000001","E18000006","E10000003","E07000012","E05011294"
"CB3 0PT",10,542098,262092,"E92000001","E19000001","E18000006","E10000003","E07000012","E05011294"
"CB3 0PU",10,542108,262171,"E92000001","E19000001","E18000006","E10000003","E07000012","E05011294"
"CB3 0PW",10,542554,262105,"E92000001","E19000001","E18000006","E10000003","E07000012","E05011294"
"CB3 0PX",10,542166,262133,"E92000001","E19000001","E18000006","E10000003","E07000012","E05011294"
"CB3 0PZ",10,542047,261886,"E92000001","E19000001","E18000006","E10000003","E07000012","E05011294"
"CB3 0QA",10,542017,262107,"E92000001","E19000001","E18000006","E10000003","E07000012","E05011294"
"CB3 0QB",10,541990,262207,"E92000001","E19000001","E18000006","E10000003","E07000012","E05011294"
"CB3 0QD",10,542186,262364,"E92000001","E19000001","E18000006","E10000003","E07000012","E05011294"
"CB3 0QE",10,542082,262614,"E92000001","E19000001","E18000006","E10000003","E07000012","E05011294"
"CB3 0QF",10,542103,262748,"E92000001","E19000001","E18000006","E10000003","E07000012","E05011294"
"CB3 0QG",10,542126,262667,"E92000001","E19000001","E18000006","E10000003","E07000012","E05011294"
"CB3 0QH",10,542176,263189,"E92000001","E19000001","E18000006","E10000003","E07000012","E05011294"
"CB3 0QL",10,542253,262516,"E92000001","E19000001","E18000006","E10000003","E07000012","E05011294"
"CB3 0QN",10,541926,262123,"E92000001","E19000001","E18000006","E10000003","E07000012","E05011294"
"CB3 0QQ",10,542246,262663,"E92000001","E19000001","E18000006","E10000003","E07000012","E05011294"
"CB3 0QR",10,542088,262005,"E92000001","E19000001","E18000006","E10000003","E07000012","E05011294"
"CB3 0QW",10,542301,262449,"E92000001","E19000001","E18000006","E10000003","E07000012","E05011294"
"CB3 0QX",10,542169,258779,"E92000001","E19000001","E18000006","E10000003","E07000008","E05013058"
"CB3 0QZ",10,542775,260025,"E92000001","E19000001","E18000006","E10000003","E07000008","E05013052"
"CB3 0RA",10,544476,259443,"E92000001","E19000001","E18000006","E10000003","E07000008","E05013052"
"CB3 0RB",10,543137,259059,"E92000001","E19000001","E18000006","E10000003","E07000008","E05013058"
"CB3 0RD",10,544433,259436,"E92000001","E19000001","E18000006","E10000003","E07000008","E05013052"
"CB3 0RS",10,543230,258776,"E92000001","E19000001","E18000006","E10000003","E07000008","E05013058"
"CB3 0RU",10,543274,258921,"E92000001","E19000001","E18000006","E10000003","E07000008","E05013058"
"CB3 0RX",10,542445,262860,"E92000001","E19000001","E18000006","E10000003","E07000012","E05011294"
"CB3 0RY",10,542086,261930,"E92000001","E19000001","E18000006","E10000003","E07000012","E05011294"
"CB3 0RZ",10,543426,260609,"E92000001","E19000001","E18000006","E10000003","E07000008","E05013052"
"CB3 0SH",10,544068,259532,"E92000001","E19000001","E18000006","E10000003","E07000008","E05013052"
"CB3 0SJ",10,543388,260556,"E92000001","E19000001","E18000006","E10000003","E07000008","E05013052"
"CB3 0SZ",10,544463,259367,"E92000001","E19000001","E18000006","E10000003","E07000008","E05013052"
"CB3 0TE",10,543980,259203,"E92000001","E19000001","E18000006","E10000003","E07000008","E05013052"
"CB3 0TX",10,543263,259499,"E92000001","E19000001","E18000006","E10000003","E07000008","E05013052"
"CB3 0UB",10,544333,259045,"E92000001","E19000001","E18000006","E10000003","E07000008","E05013052"
"CB3 0UD",10,543159,259640,"E92000001","E19000001","E18000006","E10000003","E07000008","E05013052"
"CB3 0UE",10,543450,260529,"E92000001","E19000001","E18000006","E10000003","E07000008","E05013052"
"CB3 0UF",10,543511,260460,"E92000001","E19000001","E18000006","E10000003","E07000008","E05013052"
"CB3 0UG",10,543451,260382,"E92000001","E19000001","E18000006","E10000003","E07000008","E05013052"
"CB3 0UH",10,543500,260371,"E92000001","E19000001","E18000006","E10000003","E07000008","E05013052"
"CB3 0UL",10,543524,260590,"E92000001","E19000001","E18000006","E10000003","E07000008","E05013052"
"CB3 0UN",10,543614,260664,"E92000001","E19000001","E18000006","E10000003","E07000008","E05013052"
"CB3 0UP",10,543564,260589,"E92000001","E19000001","E18000006","E10000003","E07000008","E05013052"
"CB3 0UQ",10,543471,260441,"E92000001","E19000001","E18000006","E10000003","E07000008","E05013052"
"CB3 0UR",10,542320,261590,"E92000001","E19000001","E18000006","E10000003","E07000012","E05011294"
"CB3 0US",10,542887,258961,"E92000001","E19000001","E18000006","E10000003","E07000008","E05013058"
"CB3 0UT",10,543309,259027,"E92000001","E19000001","E18000006","E10000003","E07000008","E05013058"
"CB3 0UW",10,543283,260262,"E92000001","E19000001","E18000006","E10000003","E07000008","E05013052"
"CB3 0UX",10,544120,261137,"E92000001","E19000001","E18000006","E10000003","E07000008","E05013052"
"CB3 0UZ",10,544028,261129,"E92000001","E19000001","E18000006","E10000003","E07000008","E05013052"
"CB3 0WA",10,543679,258944,"E92000001","E19000001","E18000006","E10000003","E07000008","E05013058"
"CB3 0WB",10,543759,258982,"E92000001","E19000001","E18000006","E10000003","E07000008","E05013058"
"CB3 0WS",10,544146,261099,"E92000001","E19000001","E18000006","E10000003","E07000008","E05013052"
"CB3 0WT",10,544168,261069,"E92000001","E19000001","E18000006","E10000003","E07000008","E05013052"
"CB3 0WU",50,544189,261096,"E92000001","E19000001","E18000006","E10000003","E07000008","E05013052"
"CB3 0XA",10,542305,262623,"E92000001","E19000001","E18000006","E10000003","E07000012","E05011294"
"CB3 0XB",10,542377,261498,"E92000001","E19000001","E18000006","E10000003","E07000012","E05011294"
"CB3 0XX",10,544056,261161,"E92000001","E19000001","E18000006","E10000003","E07000008","E05013052"
"CB3 0YJ",10,543435,260260,"E92000001","E19000001","E18000006","E10000003","E07000008","E05013052"
"CB3 0YP",10,543510,260272,"E92000001","E19000001","E18000006","E10000003","E07000008","E05013052"
"CB3 0YQ",10,543593,260354,"E92000001","E19000001","E18000006","E10000003","E07000008","E05013052"
"CB3 0YR",10,543600,260313,"E92000001","E19000001","E18000006","E10000003","E07000008","E05013052"
"CB3 1AA",10,542783,259901,"E92000001","E19000001","E18000006","E10000003","E07000008","E05013052"
"CB3 1AB",10,542616,259773,"E92000001","E19000001","E18000006","E10000003","E07000008","E05013052"
"CB3 1AD",10,542639,259690,"E92000001","E19000001","E18000006","E10000003","E07000008","E05013052"
"CB3 1AE",10,542608,259698,"E92000001","E19000001","E18000006","E10000003","E07000008","E05013052"
"CB3 1AF",10,542531,259753,"E92000001","E19000001","E18000006","E10000003","E07000008","E05013052"
"CB3 1AG",10,542621,259946,"E92000001","E19000001","E18000006","E10000003","E07000008","E05013052"
"CB3 1AQ",10,542537,259950,"E92000001","E19000001","E18000006","E10000003","E07000008","E05013052"
"CB3 1AR",10,542607,259827,"E92000001","E19000001","E18000006","E10000003","E07000008","E05013052"
"CB3 1AS",10,542688,259876,"E92000001","E19000001","E18000006","E10000003","E07000008","E05013052"
"CB3 1AT",10,542583,259853,"E92000001","E19000001","E18000006","E10000003","E07000008","E05013052"
"CB3 1AU",10,542511,259781,"E92000001","E19000001","E18000006","E10000003","E07000008","E05013052"
"CB3 1AW",10,542699,260232,"E92000001","E19000001","E18000006","E10000003","E07000012","E05011294"
"CB3 1AX",10,542780,260156,"E92000001","E19000001","E18000006","E10000003","E07000012","E05011294"
"CB3 1AY",10,542733,260269,"E92000001","E19000001","E18000006","E10000003","E07000012","E05011294"
"CB3 1AZ",10,542716,260215,"E92000001","E19000001","E18000006","E10000003","E07000012","E05011294"
"CB3 1BA",10,542653,260128,"E92000001","E19000001","E18000006","E10000003","E07000012","E05011294"
"CB3 1BB",10,542749,260178,"E92000001","E19000001","E18000006","E10000003","E07000012","E05011294"
"CB3 1BD",10,542678,260206,"E92000001","E19000001","E18000006","E10000003","E07000012","E05011294"
"CB3 1BE",10,542653,260086,"E92000001","E19000001","E18000006","E10000003","E07000008","E05013052"
"CB3 1BF",10,542688,260046,"E92000001","E19000001","E18000006","E10000003","E07000008","E05013052"
"CB3 1BG",10,542658,260052,"E92000001","E19000001","E18000006","E10000003","E07000008","E05013052"
"CB3 1BH",10,542624,260068,"E92000001","E19000001","E18000006","E10000003","E07000008","E05013052"
"CB3 1BL",10,542759,259849,"E92000001","E19000001","E18000006","E10000003","E07000008","E05013052"
"CB3 1BQ",10,542663,259604,"E92000001","E19000001","E18000006","E10000003","E07000008","E05013052"
"CB3 1BR",10,542589,259649,"E92000001","E19000001","E18000006","E10000003","E07000008","E05013052"
"CB3 1BS",10,542524,259701,"E92000001","E19000001","E18000006","E10000003","E07000008","E05013052"
"CB3 1BT",10,542630,260145,"E92000001","E19000001","E18000006","E10000003","E07000012","E05011294"
"CB3 1BX",10,542699,260402,"E92000001","E19000001","E18000006","E10000003","E07000012","E05011294"
"CB3 1DE",10,543107,260101,"E92000001","E19000001","E18000006","E10000003","E07000008","E05013052"
"CB3 1SE",10,542698,259992,"E92000001","E19000001","E18000006","E10000003","E07000008","E05013052"
"CB3 1TT",10,542692,259861,"E92000001","E19000001","E18000006","E10000003","E07000008","E05013052"
"CB3 1TU",10,542721,259665,"E92000001","E19000001","E18000006","E10000003","E07000008","E05013052"
"CB3 1TY",10,542729,259688,"E92000001","E19000001","E18000006","E10000003","E07000008","E05013052"
"CB3 1TZ",10,542673,259773,"E92000001","E19000001","E18000006","E10000003","E07000008","E05013052"
"CB3 9AA",10,543992,258887,"E92000001","E19000001","E18000006","E10000003","E07000008","E05013058"
"CB3 9AB",10,543983,258921,"E92000001","E19000001","E18000006","E10000003","E07000008","E05013058"
"CB3 9AD",10,543698,258579,"E92000001","E19000001","E18000006","E10000003","E07000008","E05013058"
"CB3 9AF",10,543741,258439,"E92000001","E19000001","E18000006","E10000003","E07000008","E05013058"
"CB3 9AG",10,543695,258325,"E92000001","E19000001","E18000006","E10000003","E07000008","E05013058"
"CB3 9AH",10,544422,258103,"E92000001","E19000001","E18000006","E10000003","E07000008","E05013058"
"CB3 9AJ",10,544301,258407,"E92000001","E19000001","E18000006","E10000003","E07000008","E05013058"
"CB3 9AL",10,543909,258282,"E92000001","E19000001","E18000006","E10000003","E07000008","E05013058"
"CB3 9AN",10,543975,258369,"E92000001","E19000001","E18000006","E10000003","E07000008","E05013058"
"CB3 9AP",10,543886,257885,"E92000001","E19000001","E18000006","E10000003","E07000008","E05013058"
"CB3 9AQ",10,544409,258935,"E92000001","E19000001","E18000006","E10000003","E07000008","E05013058"
"CB3 9AR",10,543827,257894,"E92000001","E19000001","E18000006","E10000003","E07000008","E05013058"
"CB3 9AS",10,543912,257692,"E92000001","E19000001","E18000006","E10000003","E07000008","E05013058"
"CB3 9AT",10,543929,257716,"E92000001","E19000001","E18000006","E10000003","E07000008","E05013058"
"CB3 9AU",10,543928,257843,"E92000001","E19000001","E18000006","E10000003","E07000008","E05013058"
"CB3 9AW",10,544062,257666,"E92000001","E19000001","E18000006","E10000003","E07000008","E05013058"
"CB3 9AX",10,543795,257823,"E92000001","E19000001","E18000006","E10000003","E07000008","E05013058"
"CB3 9AY",10,543819,257777,"E92000001","E19000001","E18000006","E10000003","E07000008","E05013058"
"CB3 9BA",10,543858,257774,"E92000001","E19000001","E18000006","E10000003","E07000008","E05013058"
"CB3 9BB",10,543586,257663,"E92000001","E19000001","E18000006","E10000003","E07000008","E05013058"
"CB3 9BD",10,543888,257942,"E92000001","E19000001","E18000006","E10000003","E07000008","E05013058"
"CB3 9BE",10,543829,257951,"E92000001","E19000001","E18000006","E10000003","E07000008","E05013058"
"CB3 9BG",10,543789,257937,"E92000001","E19000001","E18000006","E10000003","E07000008","E05013058"
"CB3 9BH",10,543753,257903,"E92000001","E19000001","E18000006","E10000003","E07000008","E05013058"
"CB3 9BJ",10,543690,257995,"E92000001","E19000001","E18000006","E10000003","E07000008","E05013058"
"CB3 9BL",10,543719,258064,"E92000001","E19000001","E18000006","E10000003","E07000008","E05013058"
"CB3 9BN",10,543972,258152,"E92000001","E19000001","E18000006","E10000003","E07000008","E05013058"
"CB3 9BQ",10,543783,257883,"E92000001","E19000001","E18000006","E10000003","E07000008","E05013058"
"CB3 9BS",10,544117,258392,"E92000001","E19000001","E18000006","E10000003","E07000008","E05013058"
"CB3 9BT",10,544211,257532,"E92000001","E19000001","E18000006","E10000003","E07000008","E05013058"
"CB3 9BU",10,544031,257454,"E92000001","E19000001","E18000006","E10000003","E07000008","E05013058"
"CB3 9DA",10,544351,257943,"E92000001","E19000001","E18000006","E10000003","E07000008","E05013058"
"CB3 9DB",10,544190,257971,"E92000001","E19000001","E18000006","E10000003","E07000008","E05013058"
"CB3 9DD",10,544191,257958,"E92000001","E19000001","E18000006","E10000003","E07000008","E05013058"
"CB3 9DF",10,544243,257867,"E92000001","E19000001","E18000006","E10000003","E07000008","E05013058"
"CB3 9DG",10,543998,258033,"E92000001","E19000001","E18000006","E10000003","E07000008","E05013058"
"CB3 9DH",10,544015,258205,"E92000001","E19000001","E18000006","E10000003","E07000008","E05013058"
"CB3 9DJ",10,544054,258435,"E92000001","E19000001","E18000006","E10000003","E07000008","E05013058"
"CB3 9DL",10,544136,258276,"E92000001","E19000001","E18000006","E10000003","E07000008","E05013058"
"CB3 9DN",10,544072,258260,"E92000001","E19000001","E18000006","E10000003","E07000008","E05013058"
"CB3 9DP",10,544198,258121,"E92000001","E19000001","E18000006","E10000003","E07000008","E05013058"
"CB3 9DQ",10,543996,257950,"E92000001","E19000001","E18000006","E10000003","E07000008","E05013058"
"CB3 9DR",10,544115,258408,"E92000001","E19000001","E18000006","E10000003","E07000008","E05013058"
"CB3 9DS",10,544330,258139,"E92000001","E19000001","E18000006","E10000003","E07000008","E05013058"
"CB3 9DU",10,543978,257603,"E92000001","E19000001","E18000006","E10000003","E07000008","E05013058"
"CB3 9DW",10,544270,258269,"E92000001","E19000001","E18000006","E10000003","E07000008","E05013058"
"CB3 9DY",10,543932,257397,"E92000001","E19000001","E18000006","E10000003","E07000008","E05013058"
"CB3 9DZ",10,544272,258045,"E92000001","E19000001","E18000006","E10000003","E07000008","E05013058"
"CB3 9EA",10,543798,257350,"E92000001","E19000001","E18000006","E10000003","E07000008","E05013058"
"CB3 9EB",10,543795,257382,"E92000001","E19000001","E18000006","E10000003","E07000008","E05013058"
"CB3 9ED",10,543642,257374,"E92000001","E19000001","E18000006","E10000003","E07000008","E05013058"
"CB3 9EE",10,543533,257322,"E92000001","E19000001","E18000006","E10000003","E07000008","E05013058"
"CB3 9EF",10,544196,258067,"E92000001","E19000001","E18000006","E10000003","E07000008","E05013058"
"CB3 9EG",10,543465,257401,"E92000001","E19000001","E18000006","E10000003","E07000008","E05013058"
"CB3 9EL",10,544718,258094,"E92000001","E19000001","E18000006","E10000003","E07000008","E05013057"
"CB3 9EP",10,544720,258092,"E92000001","E19000001","E18000006","E10000003","E07000008","E05013057"
"CB3 9ES",10,544649,258133,"E92000001","E19000001","E18000006","E10000003","E07000008","E05013058"
"CB3 9ET",10,544719,258127,"E92000001","E19000001","E18000006","E10000003","E07000008","E05013058"
"CB3 9EU",10,544551,257932,"E92000001","E19000001","E18000006","E10000003","E07000008","E05013058"
"CB3 9EX",10,544542,257865,"E92000001","E19000001","E18000006","E10000003","E07000008","E05013058"
"CB3 9EY",10,544532,257759,"E92000001","E19000001","E18000006","E10000003","E07000008","E05013058"
"CB3 9EZ",10,544560,257737,"E92000001","E19000001","E18000006","E10000003","E07000008","E05013058"
"CB3 9HA",10,544089,257171,"E92000001","E19000001","E18000006","E10000003","E07000008","E05013058"
"CB3 9HB",10,544453,257672,"E92000001","E19000001","E18000006","E10000003","E07000008","E05013058"
"CB3 9HD",10,544549,257686,"E92000001","E19000001","E18000006","E10000003","E07000008","E05013058"
"CB3 9HE",10,544380,257667,"E92000001","E19000001","E18000006","E10000003","E07000008","E05013058"
"CB3 9HF",10,544497,257782,"E92000001","E19000001","E18000006","E10000003","E07000008","E05013058"
"CB3 9HG",10,544391,257846,"E92000001","E19000001","E18000006","E10000003","E07000008","E05013058"
"CB3 9HH",10,544309,257684,"E92000001","E19000001","E18000006","E10000003","E07000008","E05013058"
"CB3 9HJ",10,544413,257753,"E92000001","E19000001","E18000006","E10000003","E07000008","E05013058"
"CB3 9HN",10,544213,257579,"E92000001","E19000001","E18000006","E10000003","E07000008","E05013058"
"CB3 9HP",10,544048,257278,"E92000001","E19000001","E18000006","E10000003","E07000008","E05013058"
"CB3 9HQ",10,544415,257782,"E92000001","E19000001","E18000006","E10000003","E07000008","E05013058"
"CB3 9HR",10,544294,257419,"E92000001","E19000001","E18000006","E10000003","E07000008","E05013058"
"CB3 9HS",10,544336,257771,"E92000001","E19000001","E18000006","E10000003","E07000008","E05013058"
"CB3 9HU",10,544393,257866,"E92000001","E19000001","E18000006","E10000003","E07000008","E05013058"
"CB3 9HW",10,544056,257238,"E92000001","E19000001","E18000006","E10000003","E07000008","E05013058"
"CB3 9HX",10,544396,257396,"E92000001","E19000001","E18000006","E10000003","E07000008","E05013058"
"CB3 9HY",10,544349,257382,"E92000001","E19000001","E18000006","E10000003","E07000008","E05013058"
"CB3 9HZ",10,544352,257184,"E92000001","E19000001","E18000006","E10000003","E07000008","E05013058"
"CB3 9JA",10,544228,257378,"E92000001","E19000001","E18000006","E10000003","E07000008","E05013058"
"CB3 9JB",10,544234,257283,"E92000001","E19000001","E18000006","E10000003","E07000008","E05013058"
"CB3 9JD",10,544261,257293,"E92000001","E19000001","E18000006","E10000003","E07000008","E05013058"
"CB3 9JE",10,544289,257363,"E92000001","E19000001","E18000006","E10000003","E07000008","E05013058"
"CB3 9JF",10,544380,257326,"E92000001","E19000001","E18000006","E10000003","E07000008","E05013058"
"CB3 9JG",10,544282,257203,"E92000001","E19000001","E18000006","E10000003","E07000008","E05013058"
"CB3 9JH",10,544391,257204,"E92000001","E19000001","E18000006","E10000003","E07000008","E05013058"
"CB3 9JJ",10,544457,257224,"E92000001","E19000001","E18000006","E10000003","E07000008","E05013058"
"CB3 9JL",10,544307,257116,"E92000001","E19000001","E18000006","E10000003","E07000008","E05013058"
"CB3 9JN",10,544144,257079,"E92000001","E19000001","E18000006","E10000003","E07000008","E05013058"
"CB3 9JP",10,544055,257120,"E92000001","E19000001","E18000006","E10000003","E07000008","E05013058"
"CB3 9JQ",10,544247,257193,"E92000001","E19000001","E18000006","E10000003","E07000008","E05013058"
"CB3 9JR",10,544029,257169,"E92000001","E19000001","E18000006","E10000003","E07000008","E05013058"
"CB3 9JS",10,544192,257296,"E92000001","E19000001","E18000006","E10000003","E07000008","E05013058"
"CB3 9JT",10,544275,257447,"E92000001","E19000001","E18000006","E10000003","E07000008","E05013058"
"CB3 9JU",10,543949,257468,"E92000001","E19000001","E18000006","E10000003","E07000008","E05013058"
"CB3 9JW",10,544144,257178,"E92000001","E19000001","E18000006","E10000003","E07000008","E05013058"
"CB3 9JY",10,544303,257439,"E92000001","E19000001","E18000006","E10000003","E07000008","E05013058"
"CB3 9JZ",10,544122,257499,"E92000001","E19000001","E18000006","E10000003","E07000008","E05013058"
"CB3 9LA",10,544098,257455,"E92000001","E19000001","E18000006","E10000003","E07000008","E05013058"
"CB3 9LB",10,543976,257465,"E92000001","E19000001","E18000006","E10000003","E07000008","E05013058"
"CB3 9LE",10,544087,257542,"E92000001","E19000001","E18000006","E10000003","E07000008","E05013058"
"CB3 9LF",10,543827,257529,"E92000001","E19000001","E18000006","E10000003","E07000008","E05013058"
"CB3 9LG",10,543784,257485,"E92000001","E19000001","E18000006","E10000003","E07000008","E05013058"
"CB3 9LH",10,543341,257688,"E92000001","E19000001","E18000006","E10000003","E07000008","E05013058"
"CB3 9LL",10,543470,257584,"E92000001","E19000001","E18000006","E10000003","E07000008","E05013058"
"CB3 9LN",10,543317,257820,"E92000001","E19000001","E18000006","E10000003","E07000008","E05013058"
"CB3 9LP",10,543348,258020,"E92000001","E19000001","E18000006","E10000003","E07000008","E05013058"
"CB3 9LQ",10,543830,257616,"E92000001","E19000001","E18000006","E10000003","E07000008","E05013058"
"CB3 9LR",10,543529,257759,"E92000001","E19000001","E18000006","E10000003","E07000008","E05013058"
"CB3 9LS",10,543566,257778,"E92000001","E19000001","E18000006","E10000003","E07000008","E05013058"
"CB3 9LT",10,543430,257750,"E92000001","E19000001","E18000006","E10000003","E07000008","E05013058"
"CB3 9LU",10,543293,257908,"E92000001","E19000001","E18000006","E10000003","E07000008","E05013058"
"CB3 9LW",10,543844,257452,"E92000001","E19000001","E18000006","E10000003","E07000008","E05013058"
"CB3 9LX",10,543332,257979,"E92000001","E19000001","E18000006","E10000003","E07000008","E05013058"
"CB3 9LY",10,543552,257692,"E92000001","E19000001","E18000006","E10000003","E07000008","E05013058"
"CB3 9NB",10,543362,255321,"E92000001","E19000001","E18000006","E10000003","E07000012","E05011296"
"CB3 9ND",10,543444,255326,"E92000001","E19000001","E18000006","E10000003","E07000012","E05011296"
"CB3 9NE",10,543426,255507,"E92000001","E19000001","E18000006","E10000003","E07000012","E05011296"
"CB3 9NF",10,543301,255585,"E92000001","E19000001","E18000006","E10000003","E07000012","E05011296"
"CB3 9NG",10,543184,255575,"E92000001","E19000001","E18000006","E10000003","E07000012","E05011296"
"CB3 9NH",10,543119,255683,"E92000001","E19000001","E18000006","E10000003","E07000012","E05011296"
"CB3 9NJ",10,543132,255615,"E92000001","E19000001","E18000006","E10000003","E07000012","E05011296"
"CB3 9NL",10,543037,255620,"E92000001","E19000001","E18000006","E10000003","E07000012","E05011296"
"CB3 9NN",10,542976,255679,"E92000001","E19000001","E18000006","E10000003","E07000012","E05011296"
"CB3 9NP",10,542966,255489,"E92000001","E19000001","E18000006","E10000003","E07000012","E05011296"
"CB3 9NQ",10,543254,255922,"E92000001","E19000001","E18000006","E10000003","E07000012","E05011296"
"CB3 9NR",10,543078,255496,"E92000001","E19000001","E18000006","E10000003","E07000012","E05011296"
"CB3 9NS",10,543067,255647,"E92000001","E19000001","E18000006","E10000003","E07000012","E05011296"
"CB3 9NT",10,542859,255774,"E92000001","E19000001","E18000006","E10000003","E07000012","E05011296"
"CB3 9NU",10,543017,255789,"E92000001","E19000001","E18000006","E10000003","E07000012","E05011296"
"CB3 9NW",10,542944,255596,"E92000001","E19000001","E18000006","E10000003","E07000012","E05011296"
"CB3 9NX",10,542639,256094,"E92000001","E19000001","E18000006","E10000003","E07000012","E05011296"
"CB3 9NY",10,542711,255644,"E92000001","E19000001","E18000006","E10000003","E07000012","E05011296"
"CB3 9NZ",10,543079,255783,"E92000001","E19000001","E18000006","E10000003","E07000012","E05011296"
"CB3 9PA",10,544395,257426,"E92000001","E19000001","E18000006","E10000003","E07000008","E05013058"
"CB3 9QR",10,543904,257434,"E92000001","E19000001","E18000006","E10000003","E07000008","E05013058"
"CB3 9XJ",10,546182,257043,"E92000001","E19000001","E18000006","E10000003","E07000008","E05013054"
"CB4 0AB",10,546556,262081,"E92000001","E19000001","E18000006","E10000003","E07000012","E05011301"
"CB4 0AE",10,547439,260708,"E92000001","E19000001","E18000006","E10000003","E07000012","E05011301"
"CB4 0AF",10,546811,261337,"E92000001","E19000001","E18000006","E10000003","E07000012","E05011301"
"CB4 0AP",10,547234,261773,"E92000001","E19000001","E18000006","E10000003","E07000008","E05013055"
"CB4 0DL",10,547468,261189,"E92000001","E19000001","E18000006","E10000003","E07000008","E05013055"
"CB4 0DN",10,547557,261409,"E92000001","E19000001","E18000006","E10000003","E07000008","E05013055"
"CB4 0DS",10,547044,261742,"E92000001","E19000001","E18000006","E10000003","E07000012","E05011301"
"CB4 0DT",10,547068,261335,"E92000001","E19000001","E18000006","E10000003","E07000008","E05013055"
"CB4 0DW",10,546555,261507,"E92000001","E19000001","E18000006","E10000003","E07000012","E05011301"
"CB4 0FJ",10,546695,261349,"E92000001","E19000001","E18000006","E10000003","E07000012","E05011301"
"CB4 0FN",10,546686,261470,"E92000001","E19000001","E18000006","E10000003","E07000012","E05011301"
"CB4 0FP",10,546537,261418,"E92000001","E19000001","E18000006","E10000003","E07000012","E05011301"
"CB4 0FW",10,546619,261372,"E92000001","E19000001","E18000006","E10000003","E07000012","E05011301"
"CB4 0FX",10,546411,261490,"E92000001","E19000001","E18000006","E10000003","E07000012","E05011301"
"CB4 0FY",10,546901,261536,"E92000001","E19000001","E18000006","E10000003","E07000012","E05011301"
"CB4 0FZ",10,546834,261543,"E92000001","E19000001","E18000006","E10000003","E07000012","E05011301"
"CB4 0GA",10,546654,261676,"E92000001","E19000001","E18000006","E10000003","E07000012","E05011301"
"CB4 0GD",10,546739,261574,"E92000001","E19000001","E18000006","E10000003","E07000012","E05011301"
"CB4 0GF",10,546781,261617,"E92000001","E19000001","E18000006","E10000003","E07000012","E05011301"
"CB4 0GH",10,546856,261614,"E92000001","E19000001","E18000006","E10000003","E07000012","E05011301"
"CB4 0GJ",10,546784,261675,"E92000001","E19000001","E18000006","E10000003","E07000012","E05011301"
"CB4 0GN",10,546680,261607,"E92000001","E19000001","E18000006","E10000003","E07000012","E05011301"
"CB4 0GQ",10,546855,261703,"E92000001","E19000001","E18000006","E10000003","E07000012","E05011301"
"CB4 0GW",10,546556,262081,"E92000001","E19000001","E18000006","E10000003","E07000012","E05011301"
"CB4 0GZ",10,546595,261855,"E92000001","E19000001","E18000006","E10000003","E07000012","E05011301"
"CB4 0JL",10,546853,261393,"E92000001","E19000001","E18000006","E10000003","E07000012","E05011301"
"CB4 0PE",10,545997,261776,"E92000001","E19000001","E18000006","E10000003","E07000012","E05011301"
"CB4 0PP",10,547037,261471,"E92000001","E19000001","E18000006","E10000003","E07000008","E05013055"
"CB4 0PZ",10,546049,261885,"E92000001","E19000001","E18000006","E10000003","E07000012","E05011301"
"CB4 0QA",10,546252,262001,"E92000001","E19000001","E18000006","E10000003","E07000012","E05011301"
"CB4 0WA",10,546503,261800,"E92000001","E19000001","E18000006","E10000003","E07000012","E05011301"
"CB4 0WB",10,546374,261819,"E92000001","E19000001","E18000006","E10000003","E07000012","E05011301"
"CB4 0WD",10,546362,261953,"E92000001","E19000001","E18000006","E10000003","E07000012","E05011301"
"CB4 0WE",10,546390,261986,"E92000001","E19000001","E18000006","E10000003","E07000012","E05011301"
"CB4 0WF",10,546283,261872,"E92000001","E19000001","E18000006","E10000003","E07000012","E05011301"
"CB4 0WG",10,546221,261716,"E92000001","E19000001","E18000006","E10000003","E07000012","E05011301"
"CB4 0WH",10,546130,261845,"E92000001","E19000001","E18000006","E10000003","E07000012","E05011301"
"CB4 0WN",10,546396,261690,"E92000001","E19000001","E18000006","E10000003","E07000012","E05011301"
"CB4 0WS",10,547150,261818,"E92000001","E19000001","E18000006","E10000003","E07000008","E05013055"
"CB4 0WT",10,546924,261292,"E92000001","E19000001","E18000006","E10000003","E07000008","E05013055"
"CB4 0WU",10,547394,261208,"E92000001","E19000001","E18000006","E10000003","E07000008","E05013055"
"CB4 0WW",10,546076,261694,"E92000001","E19000001","E18000006","E10000003","E07000012","E05011301"
"CB4 0WX",10,547394,261208,"E92000001","E19000001","E18000006","E10000003","E07000008","E05013055"
"CB4 0WY",10,547017,261439,"E92000001","E19000001","E18000006","E10000003","E07000008","E05013055"
"CB4 0WZ",10,547053,261137,"E92000001","E19000001","E18000006","E10000003","E07000008","E05013055"
"CB4 0XB",10,546978,261223,"E92000001","E19000001","E18000006","E10000003","E07000008","E05013055"
"CB4 0XL",10,546318,261719,"E92000001","E19000001","E18000006","E10000003","E07000012","E05011301"
"CB4 0ZT",10,547097,261952,"E92000001","E19000001","E18000006","E10000003","E07000012","E05011301"
"CB4 1AA",10,545333,259499,"E92000001","E19000001","E18000006","E10000003","E07000008","E05013063"
"CB4 1AB",10,545438,259552,"E92000001","E19000001","E18000006","E10000003","E07000008","E05013063"
"CB4 1AD",10,545380,259598,"E92000001","E19000001","E18000006","E10000003","E07000008","E05013063"
"CB4 1AE",10,545398,259667,"E92000001","E19000001","E18000006","E10000003","E07000008","E05013063"
"CB4 1AF",10,545412,259538,"E92000001","E19000001","E18000006","E10000003","E07000008","E05013063"
"CB4 1AG",10,545429,259665,"E92000001","E19000001","E18000006","E10000003","E07000008","E05013063"
"CB4 1AH",10,545492,259569,"E92000001","E19000001","E18000006","E10000003","E07000008","E05013063"
"CB4 1AJ",10,545519,259705,"E92000001","E19000001","E18000006","E10000003","E07000008","E05013063"
"CB4 1AL",10,545539,259694,"E92000001","E19000001","E18000006","E10000003","E07000008","E05013063"
"CB4 1AN",10,545589,259601,"E92000001","E19000001","E18000006","E10000003","E07000008","E05013063"
"CB4 1AP",10,545649,259760,"E92000001","E19000001","E18000006","E10000003","E07000008","E05013063"
"CB4 1AQ",10,545465,259693,"E92000001","E19000001","E18000006","E10000003","E07000008","E05013063"
"CB4 1AR",10,545660,259700,"E92000001","E19000001","E18000006","E10000003","E07000008","E05013063"
"CB4 1AS",10,545729,259652,"E92000001","E19000001","E18000006","E10000003","E07000008","E05013063"
"CB4 1AT",10,545735,259756,"E92000001","E19000001","E18000006","E10000003","E07000008","E05013063"
"CB4 1AU",10,545800,259853,"E92000001","E19000001","E18000006","E10000003","E07000008","E05013063"
"CB4 1AW",10,545611,259741,"E92000001","E19000001","E18000006","E10000003","E07000008","E05013063"
"CB4 1AX",10,545800,259803,"E92000001","E19000001","E18000006","E10000003","E07000008","E05013063"
"CB4 1AY",10,545829,259953,"E92000001","E19000001","E18000006","E10000003","E07000008","E05013055"
"CB4 1AZ",10,545941,259998,"E92000001","E19000001","E18000006","E10000003","E07000008","E05013055"
"CB4 1BA",10,545901,260002,"E92000001","E19000001","E18000006","E10000003","E07000008","E05013055"
"CB4 1BB",10,545931,259893,"E92000001","E19000001","E18000006","E10000003","E07000008","E05013055"
"CB4 1BD",10,545870,260021,"E92000001","E19000001","E18000006","E10000003","E07000008","E05013055"
"CB4 1BE",10,545690,259825,"E92000001","E19000001","E18000006","E10000003","E07000008","E05013063"
"CB4 1BF",10,546351,260272,"E92000001","E19000001","E18000006","E10000003","E07000008","E05013055"
"CB4 1BG",10,545830,259687,"E92000001","E19000001","E18000006","E10000003","E07000008","E05013063"
"CB4 1BH",10,546006,259744,"E92000001","E19000001","E18000006","E10000003","E07000008","E05013055"
"CB4 1BJ",10,546177,259236,"E92000001","E19000001","E18000006","E10000003","E07000008","E05013055"
"CB4 1BL",10,546308,259340,"E92000001","E19000001","E18000006","E10000003","E07000008","E05013055"
"CB4 1BN",10,546114,259253,"E92000001","E19000001","E18000006","E10000003","E07000008","E05013055"
"CB4 1BP",10,545658,259516,"E92000001","E19000001","E18000006","E10000003","E07000008","E05013063"
"CB4 1BQ",10,545795,259939,"E92000001","E19000001","E18000006","E10000003","E07000008","E05013063"
"CB4 1BS",10,547122,260122,"E92000001","E19000001","E18000006","E10000003","E07000008","E05013055"
"CB4 1BT",10,545885,259749,"E92000001","E19000001","E18000006","E10000003","E07000008","E05013063"
"CB4 1BU",10,545928,259509,"E92000001","E19000001","E18000006","E10000003","E07000008","E05013063"
"CB4 1BW",10,545611,259504,"E92000001","E19000001","E18000006","E10000003","E07000008","E05013063"
"CB4 1BX",10,545904,259478,"E92000001","E19000001","E18000006","E10000003","E07000008","E05013063"
"CB4 1BZ",10,545698,259594,"E92000001","E19000001","E18000006","E10000003","E07000008","E05013063"
"CB4 1DA",10,545853,259649,"E92000001","E19000001","E18000006","E10000003","E07000008","E05013063"
"CB4 1DB",10,545994,259582,"E92000001","E19000001","E18000006","E10000003","E07000008","E05013063"
"CB4 1DD",10,546048,259443,"E92000001","E19000001","E18000006","E10000003","E07000008","E05013063"
"CB4 1DE",10,546031,259346,"E92000001","E19000001","E18000006","E10000003","E07000008","E05013063"
"CB4 1DF",10,546083,259443,"E92000001","E19000001","E18000006","E10000003","E07000008","E05013055"
"CB4 1DG",10,546206,260647,"E92000001","E19000001","E18000006","E10000003","E07000008","E05013056"
"CB4 1DH",10,546237,259480,"E92000001","E19000001","E18000006","E10000003","E07000008","E05013055"
"CB4 1DJ",10,546568,260379,"E92000001","E19000001","E18000006","E10000003","E07000008","E05013055"
"CB4 1DL",10,546194,259370,"E92000001","E19000001","E18000006","E10000003","E07000008","E05013055"
"CB4 1DN",10,546320,259652,"E92000001","E19000001","E18000006","E10000003","E07000008","E05013055"
"CB4 1DP",10,546338,259728,"E92000001","E19000001","E18000006","E10000003","E07000008","E05013055"
"CB4 1DQ",10,546410,259786,"E92000001","E19000001","E18000006","E10000003","E07000008","E05013055"
"CB4 1DR",10,546503,259704,"E92000001","E19000001","E18000006","E10000003","E07000008","E05013055"
"CB4 1DS",10,545428,259485,"E92000001","E19000001","E18000006","E10000003","E07000008","E05013063"
"CB4 1DT",10,546346,259780,"E92000001","E19000001","E18000006","E10000003","E07000008","E05013055"
"CB4 1DU",10,545432,259346,"E92000001","E19000001","E18000006","E10000003","E07000008","E05013063"
"CB4 1DW",10,546372,259685,"E92000001","E19000001","E18000006","E10000003","E07000008","E05013055"
"CB4 1DX",10,546373,259805,"E92000001","E19000001","E18000006","E10000003","E07000008","E05013055"
"CB4 1DY",10,546314,259844,"E92000001","E19000001","E18000006","E10000003","E07000008","E05013055"
"CB4 1DZ",10,546280,259770,"E92000001","E19000001","E18000006","E10000003","E07000008","E05013055"
"CB4 1EB",10,545934,259114,"E92000001","E19000001","E18000006","E10000003","E07000008","E05013063"
"CB4 1ED",10,546208,259748,"E92000001","E19000001","E18000006","E10000003","E07000008","E05013055"
"CB4 1EE",10,546032,259574,"E92000001","E19000001","E18000006","E10000003","E07000008","E05013055"
"CB4 1EF",10,546250,259722,"E92000001","E19000001","E18000006","E10000003","E07000008","E05013055"
"CB4 1EG",10,545341,259429,"E92000001","E19000001","E18000006","E10000003","E07000008","E05013063"
"CB4 1EH",10,545309,259418,"E92000001","E19000001","E18000006","E10000003","E07000008","E05013063"
"CB4 1EJ",10,546411,259664,"E92000001","E19000001","E18000006","E10000003","E07000008","E05013055"
"CB4 1EL",10,546079,260757,"E92000001","E19000001","E18000006","E10000003","E07000008","E05013056"
"CB4 1EN",10,545368,259467,"E92000001","E19000001","E18000006","E10000003","E07000008","E05013063"
"CB4 1EP",10,545441,259503,"E92000001","E19000001","E18000006","E10000003","E07000008","E05013063"
"CB4 1EQ",10,546256,259401,"E92000001","E19000001","E18000006","E10000003","E07000008","E05013055"
"CB4 1ER",10,545560,259546,"E92000001","E19000001","E18000006","E10000003","E07000008","E05013063"
"CB4 1ES",10,546363,259856,"E92000001","E19000001","E18000006","E10000003","E07000008","E05013055"
"CB4 1ET",10,545377,259413,"E92000001","E19000001","E18000006","E10000003","E07000008","E05013063"
"CB4 1EU",10,545423,259428,"E92000001","E19000001","E18000006","E10000003","E07000008","E05013063"
"CB4 1EX",10,546387,260212,"E92000001","E19000001","E18000006","E10000003","E07000008","E05013055"
"CB4 1EZ",10,546039,259395,"E92000001","E19000001","E18000006","E10000003","E07000008","E05013063"
"CB4 1FB",10,546155,260889,"E92000001","E19000001","E18000006","E10000003","E07000008","E05013056"
"CB4 1FD",10,546196,260926,"E92000001","E19000001","E18000006","E10000003","E07000008","E05013056"
"CB4 1FE",10,547215,260804,"E92000001","E19000001","E18000006","E10000003","E07000008","E05013055"
"CB4 1FF",10,545985,259154,"E92000001","E19000001","E18000006","E10000003","E07000008","E05013063"
"CB4 1FG",10,545846,260505,"E92000001","E19000001","E18000006","E10000003","E07000008","E05013056"
"CB4 1FH",10,546449,260141,"E92000001","E19000001","E18000006","E10000003","E07000008","E05013055"
"CB4 1FJ",10,546169,260944,"E92000001","E19000001","E18000006","E10000003","E07000008","E05013056"
"CB4 1FL",10,547120,260586,"E92000001","E19000001","E18000006","E10000003","E07000008","E05013055"
"CB4 1FN",10,547099,260541,"E92000001","E19000001","E18000006","E10000003","E07000008","E05013055"
"CB4 1FP",10,547060,260505,"E92000001","E19000001","E18000006","E10000003","E07000008","E05013055"
"CB4 1FQ",10,546980,260081,"E92000001","E19000001","E18000006","E10000003","E07000008","E05013055"
"CB4 1FR",10,547087,260486,"E92000001","E19000001","E18000006","E10000003","E07000008","E05013055"
"CB4 1FS",10,547155,260446,"E92000001","E19000001","E18000006","E10000003","E07000008","E05013055"
"CB4 1FT",10,547177,260532,"E92000001","E19000001","E18000006","E10000003","E07000008","E05013055"
"CB4 1FU",10,546450,259947,"E92000001","E19000001","E18000006","E10000003","E07000008","E05013055"
"CB4 1FW",10,547032,260562,"E92000001","E19000001","E18000006","E10000003","E07000008","E05013055"
"CB4 1FY",10,545883,260475,"E92000001","E19000001","E18000006","E10000003","E07000008","E05013056"
"CB4 1FZ",10,545869,260606,"E92000001","E19000001","E18000006","E10000003","E07000008","E05013056"
"CB4 1GA",10,546121,260736,"E92000001","E19000001","E18000006","E10000003","E07000008","E05013056"
"CB4 1GB",10,545106,259725,"E92000001","E19000001","E18000006","E10000003","E07000008","E05013063"
"CB4 1GD",10,546392,260634,"E92000001","E19000001","E18000006","E10000003","E07000008","E05013055"
"CB4 1GE",10,546257,259930,"E92000001","E19000001","E18000006","E10000003","E07000008","E05013055"
"CB4 1GF",10,546452,259629,"E92000001","E19000001","E18000006","E10000003","E07000008","E05013055"
"CB4 1GG",10,545649,259542,"E92000001","E19000001","E18000006","E10000003","E07000008","E05013063"
"CB4 1GH",10,546752,260040,"E92000001","E19000001","E18000006","E10000003","E07000008","E05013055"
"CB4 1GJ",10,547745,260853,"E92000001","E19000001","E18000006","E10000003","E07000012","E05011301"
"CB4 1GL",10,547143,260738,"E92000001","E19000001","E18000006","E10000003","E07000008","E05013055"
"CB4 1GN",10,546022,260678,"E92000001","E19000001","E18000006","E10000003","E07000008","E05013056"
"CB4 1GP",10,545165,259724,"E92000001","E19000001","E18000006","E10000003","E07000008","E05013063"
"CB4 1GQ",10,546182,257043,"E92000001","E19000001","E18000006","E10000003","E07000008","E05013054"
"CB4 1GT",10,546114,259449,"E92000001","E19000001","E18000006","E10000003","E07000008","E05013055"
"CB4 1GU",10,546157,259501,"E92000001","E19000001","E18000006","E10000003","E07000008","E05013055"
"CB4 1GW",10,546359,259607,"E92000001","E19000001","E18000006","E10000003","E07000008","E05013055"
"CB4 1GX",10,546247,259890,"E92000001","E19000001","E18000006","E10000003","E07000008","E05013055"
"CB4 1HA",10,545469,259275,"E92000001","E19000001","E18000006","E10000003","E07000008","E05013057"
"CB4 1HB",10,545463,259420,"E92000001","E19000001","E18000006","E10000003","E07000008","E05013063"
"CB4 1HD",10,545510,259397,"E92000001","E19000001","E18000006","E10000003","E07000008","E05013063"
"CB4 1HE",10,545554,259394,"E92000001","E19000001","E18000006","E10000003","E07000008","E05013063"
"CB4 1HF",10,545660,259327,"E92000001","E19000001","E18000006","E10000003","E07000008","E05013063"
"CB4 1HG",10,545611,259409,"E92000001","E19000001","E18000006","E10000003","E07000008","E05013063"
"CB4 1HH",10,545650,259408,"E92000001","E19000001","E18000006","E10000003","E07000008","E05013063"
"CB4 1HJ",10,545629,259232,"E92000001","E19000001","E18000006","E10000003","E07000008","E05013063"
"CB4 1HL",10,545979,259260,"E92000001","E19000001","E18000006","E10000003","E07000008","E05013063"
"CB4 1HN",10,545721,259540,"E92000001","E19000001","E18000006","E10000003","E07000008","E05013063"
"CB4 1HP",10,545692,259248,"E92000001","E19000001","E18000006","E10000003","E07000008","E05013063"
"CB4 1HQ",10,545595,259259,"E92000001","E19000001","E18000006","E10000003","E07000008","E05013063"
"CB4 1HR",10,545763,259546,"E92000001","E19000001","E18000006","E10000003","E07000008","E05013063"
"CB4 1HS",10,545759,259452,"E92000001","E19000001","E18000006","E10000003","E07000008","E05013063"
"CB4 1HT",10,545749,259362,"E92000001","E19000001","E18000006","E10000003","E07000008","E05013063"
"CB4 1HU",10,545737,259237,"E92000001","E19000001","E18000006","E10000003","E07000008","E05013063"
"CB4 1HW",10,545704,259417,"E92000001","E19000001","E18000006","E10000003","E07000008","E05013063"
"CB4 1HX",10,545568,259236,"E92000001","E19000001","E18000006","E10000003","E07000008","E05013063"
"CB4 1HY",10,545386,259643,"E92000001","E19000001","E18000006","E10000003","E07000008","E05013063"
"CB4 1HZ",10,545872,259611,"E92000001","E19000001","E18000006","E10000003","E07000008","E05013063"
"CB4 1JA",10,545734,259151,"E92000001","E19000001","E18000006","E10000003","E07000008","E05013063"
"CB4 1JB",10,545842,259652,"E92000001","E19000001","E18000006","E10000003","E07000008","E05013063"
"CB4 1JD",10,545906,259414,"E92000001","E19000001","E18000006","E10000003","E07000008","E05013063"
"CB4 1JE",10,545807,259383,"E92000001","E19000001","E18000006","E10000003","E07000008","E05013063"
"CB4 1JF",10,545938,259371,"E92000001","E19000001","E18000006","E10000003","E07000008","E05013063"
"CB4 1JG",10,545904,259379,"E92000001","E19000001","E18000006","E10000003","E07000008","E05013063"
"CB4 1JH",10,545802,259217,"E92000001","E19000001","E18000006","E10000003","E07000008","E05013063"
"CB4 1JJ",10,545840,259263,"E92000001","E19000001","E18000006","E10000003","E07000008","E05013063"
"CB4 1JL",10,545877,259172,"E92000001","E19000001","E18000006","E10000003","E07000008","E05013063"
"CB4 1JN",10,545868,259116,"E92000001","E19000001","E18000006","E10000003","E07000008","E05013063"
"CB4 1JP",10,545966,259194,"E92000001","E19000001","E18000006","E10000003","E07000008","E05013063"
"CB4 1JQ",10,545807,259337,"E92000001","E19000001","E18000006","E10000003","E07000008","E05013063"
"CB4 1JR",10,545823,259125,"E92000001","E19000001","E18000006","E10000003","E07000008","E05013063"
"CB4 1JS",10,545906,259264,"E92000001","E19000001","E18000006","E10000003","E07000008","E05013063"
"CB4 1JT",10,545993,259318,"E92000001","E19000001","E18000006","E10000003","E07000008","E05013063"
"CB4 1JU",10,545935,259322,"E92000001","E19000001","E18000006","E10000003","E07000008","E05013063"
"CB4 1JW",10,545987,259172,"E92000001","E19000001","E18000006","E10000003","E07000008","E05013063"
"CB4 1JX",10,546005,259291,"E92000001","E19000001","E18000006","E10000003","E07000008","E05013063"
"CB4 1JY",10,545336,259583,"E92000001","E19000001","E18000006","E10000003","E07000008","E05013063"
"CB4 1JZ",10,545373,259695,"E92000001","E19000001","E18000006","E10000003","E07000008","E05013063"
"CB4 1LA",10,545411,259738,"E92000001","E19000001","E18000006","E10000003","E07000008","E05013063"
"CB4 1LB",10,545481,259788,"E92000001","E19000001","E18000006","E10000003","E07000008","E05013063"
"CB4 1LD",10,545529,259826,"E92000001","E19000001","E18000006","E10000003","E07000008","E05013063"
"CB4 1LE",10,545668,259933,"E92000001","E19000001","E18000006","E10000003","E07000008","E05013063"
"CB4 1LF",10,545814,260058,"E92000001","E19000001","E18000006","E10000003","E07000008","E05013063"
"CB4 1LG",10,545879,260159,"E92000001","E19000001","E18000006","E10000003","E07000008","E05013063"
"CB4 1LH",10,546241,260549,"E92000001","E19000001","E18000006","E10000003","E07000008","E05013056"
"CB4 1LJ",10,546356,260562,"E92000001","E19000001","E18000006","E10000003","E07000008","E05013055"
"CB4 1LL",10,546394,260452,"E92000001","E19000001","E18000006","E10000003","E07000008","E05013055"
"CB4 1LN",10,546469,260516,"E92000001","E19000001","E18000006","E10000003","E07000008","E05013055"
"CB4 1LP",10,546671,260634,"E92000001","E19000001","E18000006","E10000003","E07000008","E05013055"
"CB4 1LQ",10,546010,260329,"E92000001","E19000001","E18000006","E10000003","E07000008","E05013056"
"CB4 1LR",10,546641,260605,"E92000001","E19000001","E18000006","E10000003","E07000008","E05013055"
"CB4 1LS",10,546610,260570,"E92000001","E19000001","E18000006","E10000003","E07000008","E05013055"
"CB4 1LT",10,546533,260591,"E92000001","E19000001","E18000006","E10000003","E07000008","E05013055"
"CB4 1LU",10,546720,260464,"E92000001","E19000001","E18000006","E10000003","E07000008","E05013055"
"CB4 1LW",10,546387,260688,"E92000001","E19000001","E18000006","E10000003","E07000008","E05013056"
"CB4 1LX",10,546615,260444,"E92000001","E19000001","E18000006","E10000003","E07000008","E05013055"
"CB4 1LY",10,546874,260749,"E92000001","E19000001","E18000006","E10000003","E07000008","E05013055"
"CB4 1LZ",10,546235,259791,"E92000001","E19000001","E18000006","E10000003","E07000008","E05013055"
"CB4 1NA",10,546556,259714,"E92000001","E19000001","E18000006","E10000003","E07000008","E05013055"
"CB4 1NB",10,546579,260051,"E92000001","E19000001","E18000006","E10000003","E07000008","E05013055"
"CB4 1NE",10,546043,259705,"E92000001","E19000001","E18000006","E10000003","E07000008","E05013055"
"CB4 1NF",10,546344,259888,"E92000001","E19000001","E18000006","E10000003","E07000008","E05013055"
"CB4 1NG",10,546216,259820,"E92000001","E19000001","E18000006","E10000003","E07000008","E05013055"
"CB4 1NH",10,546888,260052,"E92000001","E19000001","E18000006","E10000003","E07000008","E05013055"
"CB4 1NJ",10,546319,259906,"E92000001","E19000001","E18000006","E10000003","E07000008","E05013055"
"CB4 1NL",10,546503,259933,"E92000001","E19000001","E18000006","E10000003","E07000008","E05013055"
"CB4 1NN",10,546687,260058,"E92000001","E19000001","E18000006","E10000003","E07000008","E05013055"
"CB4 1NP",10,546486,259833,"E92000001","E19000001","E18000006","E10000003","E07000008","E05013055"
"CB4 1NQ",10,546134,259841,"E92000001","E19000001","E18000006","E10000003","E07000008","E05013055"
"CB4 1NR",10,546555,259866,"E92000001","E19000001","E18000006","E10000003","E07000008","E05013055"
"CB4 1NS",10,546546,259916,"E92000001","E19000001","E18000006","E10000003","E07000008","E05013055"
"CB4 1NT",10,546588,259925,"E92000001","E19000001","E18000006","E10000003","E07000008","E05013055"
"CB4 1NU",10,546588,259895,"E92000001","E19000001","E18000006","E10000003","E07000008","E05013055"
"CB4 1NW",10,546458,259878,"E92000001","E19000001","E18000006","E10000003","E07000008","E05013055"
"CB4 1NX",10,546658,259998,"E92000001","E19000001","E18000006","E10000003","E07000008","E05013055"
"CB4 1NY",10,546748,260008,"E92000001","E19000001","E18000006","E10000003","E07000008","E05013055"
"CB4 1NZ",10,546701,259938,"E92000001","E19000001","E18000006","E10000003","E07000008","E05013055"
"CB4 1PA",10,546793,259957,"E92000001","E19000001","E18000006","E10000003","E07000008","E05013055"
"CB4 1PB",10,546951,260039,"E92000001","E19000001","E18000006","E10000003","E07000008","E05013055"
"CB4 1PD",10,546877,260210,"E92000001","E19000001","E18000006","E10000003","E07000008","E05013055"
"CB4 1PE",10,546983,260264,"E92000001","E19000001","E18000006","E10000003","E07000008","E05013055"
"CB4 1PF",10,546903,260106,"E92000001","E19000001","E18000006","E10000003","E07000008","E05013055"
"CB4 1PG",10,546970,260210,"E92000001","E19000001","E18000006","E10000003","E07000008","E05013055"
"CB4 1PH",10,546601,260810,"E92000001","E19000001","E18000006","E10000003","E07000008","E05013056"
"CB4 1PL",10,546306,260053,"E92000001","E19000001","E18000006","E10000003","E07000008","E05013055"
"CB4 1PN",10,545998,260227,"E92000001","E19000001","E18000006","E10000003","E07000008","E05013055"
"CB4 1PQ",10,546481,259786,"E92000001","E19000001","E18000006","E10000003","E07000008","E05013055"
"CB4 1PR",10,546143,259872,"E92000001","E19000001","E18000006","E10000003","E07000008","E05013055"
"CB4 1PS",10,547915,261042,"E92000001","E19000001","E18000006","E10000003","E07000012","E05011301"
"CB4 1PU",10,546506,260246,"E92000001","E19000001","E18000006","E10000003","E07000008","E05013055"
"CB4 1PW",10,546037,260214,"E92000001","E19000001","E18000006","E10000003","E07000008","E05013055"
"CB4 1PX",10,546005,260058,"E92000001","E19000001","E18000006","E10000003","E07000008","E05013055"
"CB4 1PY",10,546110,259924,"E92000001","E19000001","E18000006","E10000003","E07000008","E05013055"
"CB4 1PZ",10,546069,259855,"E92000001","E19000001","E18000006","E10000003","E07000008","E05013055"
"CB4 1QA",10,545955,260180,"E92000001","E19000001","E18000006","E10000003","E07000008","E05013055"
"CB4 1QB",10,546050,260059,"E92000001","E19000001","E18000006","E10000003","E07000008","E05013055"
"CB4 1QD",10,545986,259944,"E92000001","E19000001","E18000006","E10000003","E07000008","E05013055"
"CB4 1QE",10,546217,259945,"E92000001","E19000001","E18000006","E10000003","E07000008","E05013055"
"CB4 1QG",10,546386,260005,"E92000001","E19000001","E18000006","E10000003","E07000008","E05013055"
"CB4 1QH",10,546519,260030,"E92000001","E19000001","E18000006","E10000003","E07000008","E05013055"
"CB4 1QJ",10,546607,260108,"E92000001","E19000001","E18000006","E10000003","E07000008","E05013055"
"CB4 1QL",10,546591,260176,"E92000001","E19000001","E18000006","E10000003","E07000008","E05013055"
"CB4 1QN",10,546450,260092,"E92000001","E19000001","E18000006","E10000003","E07000008","E05013055"
"CB4 1QP",10,546340,260074,"E92000001","E19000001","E18000006","E10000003","E07000008","E05013055"
"CB4 1QQ",10,546637,260149,"E92000001","E19000001","E18000006","E10000003","E07000008","E05013055"
"CB4 1QR",10,546276,260201,"E92000001","E19000001","E18000006","E10000003","E07000008","E05013055"
"CB4 1QS",10,546246,260179,"E92000001","E19000001","E18000006","E10000003","E07000008","E05013055"
"CB4 1QT",10,546329,260028,"E92000001","E19000001","E18000006","E10000003","E07000008","E05013055"
"CB4 1QU",10,546121,260077,"E92000001","E19000001","E18000006","E10000003","E07000008","E05013055"
"CB4 1QW",10,546291,259988,"E92000001","E19000001","E18000006","E10000003","E07000008","E05013055"
"CB4 1QX",10,546221,260043,"E92000001","E19000001","E18000006","E10000003","E07000008","E05013055"
"CB4 1QY",10,546149,260150,"E92000001","E19000001","E18000006","E10000003","E07000008","E05013055"
"CB4 1QZ",10,546228,260263,"E92000001","E19000001","E18000006","E10000003","E07000008","E05013055"
"CB4 1RA",10,546220,260198,"E92000001","E19000001","E18000006","E10000003","E07000008","E05013055"
"CB4 1RB",10,546336,260169,"E92000001","E19000001","E18000006","E10000003","E07000008","E05013055"
"CB4 1RD",10,546232,260131,"E92000001","E19000001","E18000006","E10000003","E07000008","E05013055"
"CB4 1RE",10,546396,260061,"E92000001","E19000001","E18000006","E10000003","E07000008","E05013055"
"CB4 1RF",10,547494,260256,"E92000001","E19000001","E18000006","E10000003","E07000008","E05013055"
"CB4 1RG",10,546358,260095,"E92000001","E19000001","E18000006","E10000003","E07000008","E05013055"
"CB4 1RH",10,546498,260022,"E92000001","E19000001","E18000006","E10000003","E07000008","E05013055"
"CB4 1RJ",10,546728,260129,"E92000001","E19000001","E18000006","E10000003","E07000008","E05013055"
"CB4 1RL",10,546779,260147,"E92000001","E19000001","E18000006","E10000003","E07000008","E05013055"
"CB4 1RN",10,546775,260281,"E92000001","E19000001","E18000006","E10000003","E07000008","E05013055"
"CB4 1RP",10,546903,260462,"E92000001","E19000001","E18000006","E10000003","E07000008","E05013055"
"CB4 1RQ",10,546533,259984,"E92000001","E19000001","E18000006","E10000003","E07000008","E05013055"
"CB4 1RR",10,546969,260377,"E92000001","E19000001","E18000006","E10000003","E07000008","E05013055"
"CB4 1RS",10,546836,260551,"E92000001","E19000001","E18000006","E10000003","E07000008","E05013055"
"CB4 1RT",10,546719,260724,"E92000001","E19000001","E18000006","E10000003","E07000008","E05013055"
"CB4 1RU",10,546735,260798,"E92000001","E19000001","E18000006","E10000003","E07000008","E05013055"
"CB4 1RW",10,546746,260313,"E92000001","E19000001","E18000006","E10000003","E07000008","E05013055"
"CB4 1RX",10,546707,260915,"E92000001","E19000001","E18000006","E10000003","E07000008","E05013055"
"CB4 1RY",10,546819,260765,"E92000001","E19000001","E18000006","E10000003","E07000008","E05013055"
"CB4 1RZ",10,546628,260275,"E92000001","E19000001","E18000006","E10000003","E07000008","E05013055"
"CB4 1SA",10,546511,260301,"E92000001","E19000001","E18000006","E10000003","E07000008","E05013055"
"CB4 1SB",10,546548,260338,"E92000001","E19000001","E18000006","E10000003","E07000008","E05013055"
"CB4 1SD",10,546421,260331,"E92000001","E19000001","E18000006","E10000003","E07000008","E05013055"
"CB4 1SE",10,546407,260264,"E92000001","E19000001","E18000006","E10000003","E07000008","E05013055"
"CB4 1SF",10,546499,260194,"E92000001","E19000001","E18000006","E10000003","E07000008","E05013055"
"CB4 1SH",10,546524,260231,"E92000001","E19000001","E18000006","E10000003","E07000008","E05013055"
"CB4 1SJ",10,546770,260590,"E92000001","E19000001","E18000006","E10000003","E07000008","E05013055"
"CB4 1SL",10,546662,260819,"E92000001","E19000001","E18000006","E10000003","E07000008","E05013055"
"CB4 1SP",10,546664,261046,"E92000001","E19000001","E18000006","E10000003","E07000008","E05013056"
"CB4 1SQ",10,546828,260223,"E92000001","E19000001","E18000006","E10000003","E07000008","E05013055"
"CB4 1SR",10,546695,261089,"E92000001","E19000001","E18000006","E10000003","E07000008","E05013056"
"CB4 1SS",10,547098,261024,"E92000001","E19000001","E18000006","E10000003","E07000008","E05013055"
"CB4 1ST",10,546724,261041,"E92000001","E19000001","E18000006","E10000003","E07000008","E05013056"
"CB4 1SU",10,546553,260850,"E92000001","E19000001","E18000006","E10000003","E07000008","E05013056"
"CB4 1SW",10,546884,260385,"E92000001","E19000001","E18000006","E10000003","E07000008","E05013055"
"CB4 1SX",10,546799,260956,"E92000001","E19000001","E18000006","E10000003","E07000008","E05013055"
"CB4 1SY",10,546789,261001,"E92000001","E19000001","E18000006","E10000003","E07000008","E05013055"
"CB4 1SZ",10,546690,261123,"E92000001","E19000001","E18000006","E10000003","E07000008","E05013056"
"CB4 1TA",10,546961,260923,"E92000001","E19000001","E18000006","E10000003","E07000008","E05013055"
"CB4 1TB",10,546976,260854,"E92000001","E19000001","E18000006","E10000003","E07000008","E05013055"
"CB4 1TD",10,546925,260835,"E92000001","E19000001","E18000006","E10000003","E07000008","E05013055"
"CB4 1TE",10,546920,260791,"E92000001","E19000001","E18000006","E10000003","E07000008","E05013055"
"CB4 1TF",10,547108,260983,"E92000001","E19000001","E18000006","E10000003","E07000008","E05013055"
"CB4 1TG",10,546858,261155,"E92000001","E19000001","E18000006","E10000003","E07000008","E05013055"
"CB4 1TH",10,547837,260978,"E92000001","E19000001","E18000006","E10000003","E07000012","E05011301"
"CB4 1TJ",10,546925,260637,"E92000001","E19000001","E18000006","E10000003","E07000008","E05013055"
"CB4 1TL",10,547008,260427,"E92000001","E19000001","E18000006","E10000003","E07000008","E05013055"
"CB4 1TN",10,547042,260477,"E92000001","E19000001","E18000006","E10000003","E07000008","E05013055"
"CB4 1TP",10,546910,261055,"E92000001","E19000001","E18000006","E10000003","E07000008","E05013055"
"CB4 1TR",10,545993,259318,"E92000001","E19000001","E18000006","E10000003","E07000008","E05013063"
"CB4 1TS",10,547074,260920,"E92000001","E19000001","E18000006","E10000003","E07000008","E05013055"
"CB4 1TT",10,546216,259872,"E92000001","E19000001","E18000006","E10000003","E07000008","E05013055"
"CB4 1TU",10,547832,260760,"E92000001","E19000001","E18000006","E10000003","E07000012","E05011301"
"CB4 1TX",10,547256,260161,"E92000001","E19000001","E18000006","E10000003","E07000008","E05013055"
"CB4 1TY",10,547076,260178,"E92000001","E19000001","E18000006","E10000003","E07000008","E05013055"
"CB4 1TZ",10,547057,260311,"E92000001","E19000001","E18000006","E10000003","E07000008","E05013055"
"CB4 1UA",10,547153,260268,"E92000001","E19000001","E18000006","E10000003","E07000008","E05013055"
"CB4 1UB",10,547166,260196,"E92000001","E19000001","E18000006","E10000003","E07000008","E05013055"
"CB4 1UD",10,547283,260319,"E92000001","E19000001","E18000006","E10000003","E07000008","E05013055"
"CB4 1UE",10,547237,260308,"E92000001","E19000001","E18000006","E10000003","E07000008","E05013055"
"CB4 1UF",10,547242,260488,"E92000001","E19000001","E18000006","E10000003","E07000008","E05013055"
"CB4 1UG",10,547311,260415,"E92000001","E19000001","E18000006","E10000003","E07000008","E05013055"
"CB4 1UH",10,547386,260368,"E92000001","E19000001","E18000006","E10000003","E07000008","E05013055"
"CB4 1UJ",10,547384,260543,"E92000001","E19000001","E18000006","E10000003","E07000008","E05013055"
"CB4 1UL",10,545386,259522,"E92000001","E19000001","E18000006","E10000003","E07000008","E05013063"
"CB4 1UN",10,547666,260533,"E92000001","E19000001","E18000006","E10000003","E07000012","E05011301"
"CB4 1UP",10,546701,260320,"E92000001","E19000001","E18000006","E10000003","E07000008","E05013055"
"CB4 1UQ",10,547363,260420,"E92000001","E19000001","E18000006","E10000003","E07000008","E05013055"
"CB4 1UR",10,547415,260330,"E92000001","E19000001","E18000006","E10000003","E07000008","E05013055"
"CB4 1UT",10,547280,260235,"E92000001","E19000001","E18000006","E10000003","E07000008","E05013055"
"CB4 1UW",10,546655,260054,"E92000001","E19000001","E18000006","E10000003","E07000008","E05013055"
"CB4 1UY",10,545273,259548,"E92000001","E19000001","E18000006","E10000003","E07000008","E05013063"
"CB4 1UZ",10,545305,259644,"E92000001","E19000001","E18000006","E10000003","E07000008","E05013063"
"CB4 1WA",10,546421,259592,"E92000001","E19000001","E18000006","E10000003","E07000008","E05013055"
"CB4 1WE",10,545288,259593,"E92000001","E19000001","E18000006","E10000003","E07000008","E05013063"
"CB4 1WF",10,546008,259348,"E92000001","E19000001","E18000006","E10000003","E07000008","E05013063"
"CB4 1WH",10,546387,259587,"E92000001","E19000001","E18000006","E10000003","E07000008","E05013055"
"CB4 1WJ",10,546182,257043,"E92000001","E19000001","E18000006","E10000003","E07000008","E05013054"
"CB4 1WL",10,545137,259679,"E92000001","E19000001","E18000006","E10000003","E07000008","E05013063"
"CB4 1XA",10,545446,259818,"E92000001","E19000001","E18000006","E10000003","E07000008","E05013063"
"CB4 1XB",10,545563,259939,"E92000001","E19000001","E18000006","E10000003","E07000008","E05013063"
"CB4 1XD",10,545652,260007,"E92000001","E19000001","E18000006","E10000003","E07000008","E05013063"
"CB4 1XE",10,545832,260172,"E92000001","E19000001","E18000006","E10000003","E07000008","E05013063"
"CB4 1XG",10,545997,260395,"E92000001","E19000001","E18000006","E10000003","E07000008","E05013056"
"CB4 1XL",10,546539,260915,"E92000001","E19000001","E18000006","E10000003","E07000008","E05013056"
"CB4 1XN",10,545954,260410,"E92000001","E19000001","E18000006","E10000003","E07000008","E05013056"
"CB4 1XP",10,545873,260377,"E92000001","E19000001","E18000006","E10000003","E07000008","E05013056"
"CB4 1XQ",10,546285,260666,"E92000001","E19000001","E18000006","E10000003","E07000008","E05013056"
"CB4 1XS",10,546002,260478,"E92000001","E19000001","E18000006","E10000003","E07000008","E05013056"
"CB4 1XT",10,546108,260572,"E92000001","E19000001","E18000006","E10000003","E07000008","E05013056"
"CB4 1XW",10,545946,260338,"E92000001","E19000001","E18000006","E10000003","E07000008","E05013056"
"CB4 1XY",10,545780,260554,"E92000001","E19000001","E18000006","E10000003","E07000008","E05013056"
"CB4 1XZ",10,546766,259992,"E92000001","E19000001","E18000006","E10000003","E07000008","E05013055"
"CB4 1YD",10,546711,260951,"E92000001","E19000001","E18000006","E10000003","E07000008","E05013055"
"CB4 1YE",10,546003,260810,"E92000001","E19000001","E18000006","E10000003","E07000008","E05013056"
"CB4 1YF",10,546020,260712,"E92000001","E19000001","E18000006","E10000003","E07000008","E05013056"
"CB4 1YG",10,545196,259672,"E92000001","E19000001","E18000006","E10000003","E07000008","E05013063"
"CB4 1YL",10,546347,260754,"E92000001","E19000001","E18000006","E10000003","E07000008","E05013056"
"CB4 1YP",10,547545,260429,"E92000001","E19000001","E18000006","E10000003","E07000008","E05013055"
"CB4 1YS",10,546182,257043,"E92000001","E19000001","E18000006","E10000003","E07000008","E05013054"
"CB4 1YT",10,546222,260746,"E92000001","E19000001","E18000006","E10000003","E07000008","E05013056"
"CB4 1YU",10,546267,260755,"E92000001","E19000001","E18000006","E10000003","E07000008","E05013056"
"CB4 1YX",10,545975,260556,"E92000001","E19000001","E18000006","E10000003","E07000008","E05013056"
"CB4 1YY",10,546090,260613,"E92000001","E19000001","E18000006","E10000003","E07000008","E05013056"
"CB4 1YZ",10,545921,260657,"E92000001","E19000001","E18000006","E10000003","E07000008","E05013056"
"CB4 1ZA",10,546040,259151,"E92000001","E19000001","E18000006","E10000003","E07000008","E05013063"
"CB4 1ZP",10,546169,260846,"E92000001","E19000001","E18000006","E10000003","E07000008","E05013056"
"CB4 2AA",10,545471,260111,"E92000001","E19000001","E18000006","E10000003","E07000008","E05013063"
"CB4 2AB",10,545324,260280,"E92000001","E19000001","E18000006","E10000003","E07000008","E05013063"
"CB4 2AD",10,544730,261767,"E92000001","E19000001","E18000006","E10000003","E07000012","E05011297"
"CB4 2AE",10,545523,260113,"E92000001","E19000001","E18000006","E10000003","E07000008","E05013063"
"CB4 2AF",10,545360,260303,"E92000001","E19000001","E18000006","E10000003","E07000008","E05013063"
"CB4 2AG",10,545578,259981,"E92000001","E19000001","E18000006","E10000003","E07000008","E05013063"
"CB4 2AH",10,545498,260310,"E92000001","E19000001","E18000006","E10000003","E07000008","E05013063"
"CB4 2AJ",10,545391,260420,"E92000001","E19000001","E18000006","E10000003","E07000008","E05013063"
"CB4 2AL",10,545432,260403,"E92000001","E19000001","E18000006","E10000003","E07000008","E05013063"
"CB4 2AN",10,545538,260451,"E92000001","E19000001","E18000006","E10000003","E07000008","E05013063"
"CB4 2AP",10,545601,260305,"E92000001","E19000001","E18000006","E10000003","E07000008","E05013063"
"CB4 2AQ",10,545478,260344,"E92000001","E19000001","E18000006","E10000003","E07000008","E05013063"
"CB4 2AR",10,545678,260377,"E92000001","E19000001","E18000006","E10000003","E07000008","E05013063"
"CB4 2AS",10,545738,260242,"E92000001","E19000001","E18000006","E10000003","E07000008","E05013063"
"CB4 2AT",10,545690,260336,"E92000001","E19000001","E18000006","E10000003","E07000008","E05013063"
"CB4 2AU",10,545608,260269,"E92000001","E19000001","E18000006","E10000003","E07000008","E05013063"
"CB4 2AW",10,545567,260469,"E92000001","E19000001","E18000006","E10000003","E07000008","E05013063"
"CB4 2AX",10,545743,260347,"E92000001","E19000001","E18000006","E10000003","E07000008","E05013063"
"CB4 2AZ",10,545753,260152,"E92000001","E19000001","E18000006","E10000003","E07000008","E05013063"
"CB4 2BA",10,545299,261258,"E92000001","E19000001","E18000006","E10000003","E07000008","E05013056"
"CB4 2BD",10,545461,259939,"E92000001","E19000001","E18000006","E10000003","E07000008","E05013063"
"CB4 2BE",10,545528,259962,"E92000001","E19000001","E18000006","E10000003","E07000008","E05013063"
"CB4 2BG",10,545672,260135,"E92000001","E19000001","E18000006","E10000003","E07000008","E05013063"
"CB4 2BH",10,544966,260701,"E92000001","E19000001","E18000006","E10000003","E07000008","E05013051"
"CB4 2BJ",10,546484,260987,"E92000001","E19000001","E18000006","E10000003","E07000008","E05013056"
"CB4 2BL",10,546295,260921,"E92000001","E19000001","E18000006","E10000003","E07000008","E05013056"
"CB4 2BN",10,546338,260930,"E92000001","E19000001","E18000006","E10000003","E07000008","E05013056"
"CB4 2BQ",10,545604,260155,"E92000001","E19000001","E18000006","E10000003","E07000008","E05013063"
"CB4 2BS",10,544878,261600,"E92000001","E19000001","E18000006","E10000003","E07000012","E05011297"
"CB4 2BT",10,544773,261592,"E92000001","E19000001","E18000006","E10000003","E07000012","E05011297"
"CB4 2BW",10,544834,261640,"E92000001","E19000001","E18000006","E10000003","E07000012","E05011297"
"CB4 2BX",10,544851,260229,"E92000001","E19000001","E18000006","E10000003","E07000008","E05013063"
"CB4 2BY",10,544807,260292,"E92000001","E19000001","E18000006","E10000003","E07000008","E05013051"
"CB4 2BZ",10,544881,260297,"E92000001","E19000001","E18000006","E10000003","E07000008","E05013063"
"CB4 2DA",10,544854,260359,"E92000001","E19000001","E18000006","E10000003","E07000008","E05013051"
"CB4 2DB",10,545040,260194,"E92000001","E19000001","E18000006","E10000003","E07000008","E05013063"
"CB4 2DD",10,545070,260235,"E92000001","E19000001","E18000006","E10000003","E07000008","E05013063"
"CB4 2DE",10,544951,260491,"E92000001","E19000001","E18000006","E10000003","E07000008","E05013051"
"CB4 2DF",10,544920,260511,"E92000001","E19000001","E18000006","E10000003","E07000008","E05013051"
"CB4 2DG",10,545006,260634,"E92000001","E19000001","E18000006","E10000003","E07000008","E05013051"
"CB4 2DH",10,545083,260616,"E92000001","E19000001","E18000006","E10000003","E07000008","E05013051"
"CB4 2DJ",10,545030,260520,"E92000001","E19000001","E18000006","E10000003","E07000008","E05013051"
"CB4 2DL",10,545101,260525,"E92000001","E19000001","E18000006","E10000003","E07000008","E05013051"
"CB4 2DN",10,545158,260597,"E92000001","E19000001","E18000006","E10000003","E07000008","E05013051"
"CB4 2DP",10,545222,260424,"E92000001","E19000001","E18000006","E10000003","E07000008","E05013051"
"CB4 2DQ",10,545086,260568,"E92000001","E19000001","E18000006","E10000003","E07000008","E05013051"
"CB4 2DR",10,545327,260464,"E92000001","E19000001","E18000006","E10000003","E07000008","E05013051"
"CB4 2DS",10,545209,261711,"E92000001","E19000001","E18000006","E10000003","E07000012","E05011297"
"CB4 2DT",10,545339,260596,"E92000001","E19000001","E18000006","E10000003","E07000008","E05013051"
"CB4 2DU",10,545341,260522,"E92000001","E19000001","E18000006","E10000003","E07000008","E05013051"
"CB4 2DW",10,545100,260494,"E92000001","E19000001","E18000006","E10000003","E07000008","E05013051"
"CB4 2DX",10,544956,260277,"E92000001","E19000001","E18000006","E10000003","E07000008","E05013063"
"CB4 2ED",10,545340,259914,"E92000001","E19000001","E18000006","E10000003","E07000008","E05013063"
"CB4 2EE",10,545185,260050,"E92000001","E19000001","E18000006","E10000003","E07000008","E05013063"
"CB4 2EF",10,544835,261696,"E92000001","E19000001","E18000006","E10000003","E07000012","E05011297"
"CB4 2EG",10,545344,260644,"E92000001","E19000001","E18000006","E10000003","E07000008","E05013051"
"CB4 2EH",10,545130,260721,"E92000001","E19000001","E18000006","E10000003","E07000008","E05013051"
"CB4 2EJ",10,545142,260666,"E92000001","E19000001","E18000006","E10000003","E07000008","E05013051"
"CB4 2EL",10,544952,261726,"E92000001","E19000001","E18000006","E10000003","E07000012","E05011297"
"CB4 2EN",10,544907,260656,"E92000001","E19000001","E18000006","E10000003","E07000008","E05013051"
"CB4 2EP",10,544954,260702,"E92000001","E19000001","E18000006","E10000003","E07000008","E05013051"
"CB4 2EQ",10,545241,260583,"E92000001","E19000001","E18000006","E10000003","E07000008","E05013051"
"CB4 2ER",10,544994,260700,"E92000001","E19000001","E18000006","E10000003","E07000008","E05013051"
"CB4 2ES",10,544990,260743,"E92000001","E19000001","E18000006","E10000003","E07000008","E05013051"
"CB4 2ET",10,545336,260704,"E92000001","E19000001","E18000006","E10000003","E07000008","E05013051"
"CB4 2EU",10,545405,260745,"E92000001","E19000001","E18000006","E10000003","E07000008","E05013051"
"CB4 2EW",10,544932,260683,"E92000001","E19000001","E18000006","E10000003","E07000008","E05013051"
"CB4 2EX",10,544966,261672,"E92000001","E19000001","E18000006","E10000003","E07000012","E05011297"
"CB4 2EY",10,544795,261721,"E92000001","E19000001","E18000006","E10000003","E07000012","E05011297"
"CB4 2EZ",10,544974,261633,"E92000001","E19000001","E18000006","E10000003","E07000012","E05011297"
"CB4 2FU",10,544812,261794,"E92000001","E19000001","E18000006","E10000003","E07000012","E05011297"
"CB4 2FY",10,544684,261594,"E92000001","E19000001","E18000006","E10000003","E07000012","E05011297"
"CB4 2FZ",10,545285,261867,"E92000001","E19000001","E18000006","E10000003","E07000012","E05011297"
"CB4 2GA",10,545741,260533,"E92000001","E19000001","E18000006","E10000003","E07000008","E05013063"
"CB4 2GN",10,545048,261604,"E92000001","E19000001","E18000006","E10000003","E07000012","E05011297"
"CB4 2GP",10,545133,261715,"E92000001","E19000001","E18000006","E10000003","E07000012","E05011297"
"CB4 2GR",10,544586,261579,"E92000001","E19000001","E18000006","E10000003","E07000012","E05011297"
"CB4 2GS",10,544509,261476,"E92000001","E19000001","E18000006","E10000003","E07000012","E05011297"
"CB4 2GT",10,544904,261484,"E92000001","E19000001","E18000006","E10000003","E07000012","E05011297"
"CB4 2GU",10,544975,261723,"E92000001","E19000001","E18000006","E10000003","E07000012","E05011297"
"CB4 2GW",10,544657,261587,"E92000001","E19000001","E18000006","E10000003","E07000012","E05011297"
"CB4 2GX",10,544737,261441,"E92000001","E19000001","E18000006","E10000003","E07000012","E05011297"
"CB4 2GY",10,544708,261513,"E92000001","E19000001","E18000006","E10000003","E07000012","E05011297"
"CB4 2GZ",10,545906,261325,"E92000001","E19000001","E18000006","E10000003","E07000008","E05013056"
"CB4 2HA",10,544572,260802,"E92000001","E19000001","E18000006","E10000003","E07000008","E05013051"
"CB4 2HB",10,544859,260743,"E92000001","E19000001","E18000006","E10000003","E07000008","E05013051"
"CB4 2HD",10,544528,260775,"E92000001","E19000001","E18000006","E10000003","E07000008","E05013051"
"CB4 2HE",10,544790,260719,"E92000001","E19000001","E18000006","E10000003","E07000008","E05013051"
"CB4 2HF",10,544725,260942,"E92000001","E19000001","E18000006","E10000003","E07000008","E05013051"
"CB4 2HG",10,544777,260996,"E92000001","E19000001","E18000006","E10000003","E07000008","E05013051"
"CB4 2HH",10,544837,261013,"E92000001","E19000001","E18000006","E10000003","E07000008","E05013051"
"CB4 2HJ",10,544925,260958,"E92000001","E19000001","E18000006","E10000003","E07000008","E05013051"
"CB4 2HL",10,544949,260849,"E92000001","E19000001","E18000006","E10000003","E07000008","E05013051"
"CB4 2HN",10,544962,261075,"E92000001","E19000001","E18000006","E10000003","E07000008","E05013051"
"CB4 2HP",10,545020,260961,"E92000001","E19000001","E18000006","E10000003","E07000008","E05013051"
"CB4 2HQ",10,544823,260871,"E92000001","E19000001","E18000006","E10000003","E07000008","E05013051"
"CB4 2HR",10,545023,260903,"E92000001","E19000001","E18000006","E10000003","E07000008","E05013051"
"CB4 2HS",10,544874,260897,"E92000001","E19000001","E18000006","E10000003","E07000008","E05013051"
"CB4 2HT",10,544896,260801,"E92000001","E19000001","E18000006","E10000003","E07000008","E05013051"
"CB4 2HU",10,545546,261493,"E92000001","E19000001","E18000006","E10000003","E07000008","E05013056"
"CB4 2HW",10,545029,260993,"E92000001","E19000001","E18000006","E10000003","E07000008","E05013051"
"CB4 2HX",10,545846,260405,"E92000001","E19000001","E18000006","E10000003","E07000008","E05013063"
"CB4 2HY",10,545518,261760,"E92000001","E19000001","E18000006","E10000003","E07000008","E05013056"
"CB4 2HZ",10,545359,261373,"E92000001","E19000001","E18000006","E10000003","E07000008","E05013056"
"CB4 2JA",10,545790,260387,"E92000001","E19000001","E18000006","E10000003","E07000008","E05013063"
"CB4 2JB",10,545806,260296,"E92000001","E19000001","E18000006","E10000003","E07000008","E05013063"
"CB4 2JD",10,545636,260510,"E92000001","E19000001","E18000006","E10000003","E07000008","E05013063"
"CB4 2JE",10,545761,260416,"E92000001","E19000001","E18000006","E10000003","E07000008","E05013063"
"CB4 2JF",10,545621,260593,"E92000001","E19000001","E18000006","E10000003","E07000008","E05013063"
"CB4 2JG",10,545449,260762,"E92000001","E19000001","E18000006","E10000003","E07000008","E05013056"
"CB4 2JJ",10,545267,260875,"E92000001","E19000001","E18000006","E10000003","E07000008","E05013051"
"CB4 2JL",10,545020,261107,"E92000001","E19000001","E18000006","E10000003","E07000008","E05013051"
"CB4 2JN",10,545084,260933,"E92000001","E19000001","E18000006","E10000003","E07000008","E05013051"
"CB4 2JP",10,545082,260837,"E92000001","E19000001","E18000006","E10000003","E07000008","E05013051"
"CB4 2JQ",10,545470,260618,"E92000001","E19000001","E18000006","E10000003","E07000008","E05013051"
"CB4 2JR",10,545148,260810,"E92000001","E19000001","E18000006","E10000003","E07000008","E05013051"
"CB4 2JS",10,545167,260847,"E92000001","E19000001","E18000006","E10000003","E07000008","E05013051"
"CB4 2JT",10,545228,260836,"E92000001","E19000001","E18000006","E10000003","E07000008","E05013051"
"CB4 2JU",10,545240,260761,"E92000001","E19000001","E18000006","E10000003","E07000008","E05013051"
"CB4 2JW",10,544998,260870,"E92000001","E19000001","E18000006","E10000003","E07000008","E05013051"
"CB4 2JX",10,544923,261289,"E92000001","E19000001","E18000006","E10000003","E07000008","E05013056"
"CB4 2JY",10,545771,260477,"E92000001","E19000001","E18000006","E10000003","E07000008","E05013063"
"CB4 2JZ",10,544798,261298,"E92000001","E19000001","E18000006","E10000003","E07000008","E05013051"
"CB4 2LA",10,545513,261613,"E92000001","E19000001","E18000006","E10000003","E07000008","E05013056"
"CB4 2LB",10,545458,261197,"E92000001","E19000001","E18000006","E10000003","E07000008","E05013056"
"CB4 2LD",10,545483,260808,"E92000001","E19000001","E18000006","E10000003","E07000008","E05013056"
"CB4 2LE",10,545593,260890,"E92000001","E19000001","E18000006","E10000003","E07000008","E05013056"
"CB4 2LF",10,545541,261031,"E92000001","E19000001","E18000006","E10000003","E07000008","E05013056"
"CB4 2LG",10,545421,261154,"E92000001","E19000001","E18000006","E10000003","E07000008","E05013056"
"CB4 2LH",10,545656,261025,"E92000001","E19000001","E18000006","E10000003","E07000008","E05013056"
"CB4 2LJ",10,545712,261209,"E92000001","E19000001","E18000006","E10000003","E07000008","E05013056"
"CB4 2LL",10,545657,261190,"E92000001","E19000001","E18000006","E10000003","E07000008","E05013056"
"CB4 2LN",10,545638,261152,"E92000001","E19000001","E18000006","E10000003","E07000008","E05013056"
"CB4 2LP",10,545611,261213,"E92000001","E19000001","E18000006","E10000003","E07000008","E05013056"
"CB4 2LQ",10,545568,261041,"E92000001","E19000001","E18000006","E10000003","E07000008","E05013056"
"CB4 2LR",10,545626,261242,"E92000001","E19000001","E18000006","E10000003","E07000008","E05013056"
"CB4 2LS",10,545657,261271,"E92000001","E19000001","E18000006","E10000003","E07000008","E05013056"
"CB4 2LT",10,545747,261140,"E92000001","E19000001","E18000006","E10000003","E07000008","E05013056"
"CB4 2LU",10,545690,261299,"E92000001","E19000001","E18000006","E10000003","E07000008","E05013056"
"CB4 2LW",10,545598,261180,"E92000001","E19000001","E18000006","E10000003","E07000008","E05013056"
"CB4 2LY",10,545587,261337,"E92000001","E19000001","E18000006","E10000003","E07000008","E05013056"
"CB4 2LZ",10,545553,261236,"E92000001","E19000001","E18000006","E10000003","E07000008","E05013056"
"CB4 2NA",10,545586,261090,"E92000001","E19000001","E18000006","E10000003","E07000008","E05013056"
"CB4 2NB",10,545742,261052,"E92000001","E19000001","E18000006","E10000003","E07000008","E05013056"
"CB4 2ND",10,545821,261171,"E92000001","E19000001","E18000006","E10000003","E07000008","E05013056"
"CB4 2NE",10,545920,261222,"E92000001","E19000001","E18000006","E10000003","E07000008","E05013056"
"CB4 2NF",10,546029,261237,"E92000001","E19000001","E18000006","E10000003","E07000008","E05013056"
"CB4 2NG",10,546211,261115,"E92000001","E19000001","E18000006","E10000003","E07000008","E05013056"
"CB4 2NH",10,546222,261261,"E92000001","E19000001","E18000006","E10000003","E07000008","E05013056"
"CB4 2NJ",10,546244,261185,"E92000001","E19000001","E18000006","E10000003","E07000008","E05013056"
"CB4 2NL",10,546323,261111,"E92000001","E19000001","E18000006","E10000003","E07000008","E05013056"
"CB4 2NN",10,546158,261017,"E92000001","E19000001","E18000006","E10000003","E07000008","E05013056"
"CB4 2NP",10,545916,261138,"E92000001","E19000001","E18000006","E10000003","E07000008","E05013056"
"CB4 2NQ",10,546346,261191,"E92000001","E19000001","E18000006","E10000003","E07000008","E05013056"
"CB4 2NR",10,545825,261276,"E92000001","E19000001","E18000006","E10000003","E07000008","E05013056"
"CB4 2NS",10,545735,261346,"E92000001","E19000001","E18000006","E10000003","E07000008","E05013056"
"CB4 2NT",10,545678,261396,"E92000001","E19000001","E18000006","E10000003","E07000008","E05013056"
"CB4 2NU",10,545474,261148,"E92000001","E19000001","E18000006","E10000003","E07000008","E05013056"
"CB4 2NW",10,546195,261056,"E92000001","E19000001","E18000006","E10000003","E07000008","E05013056"
"CB4 2NZ",10,544669,261459,"E92000001","E19000001","E18000006","E10000003","E07000012","E05011297"
"CB4 2PA",10,546474,261165,"E92000001","E19000001","E18000006","E10000003","E07000008","E05013056"
"CB4 2PB",10,546164,261476,"E92000001","E19000001","E18000006","E10000003","E07000008","E05013056"
"CB4 2PD",10,546242,261474,"E92000001","E19000001","E18000006","E10000003","E07000008","E05013056"
"CB4 2PF",10,545980,261515,"E92000001","E19000001","E18000006","E10000003","E07000008","E05013056"
"CB4 2PH",10,545885,261553,"E92000001","E19000001","E18000006","E10000003","E07000008","E05013056"
"CB4 2PL",10,546103,261478,"E92000001","E19000001","E18000006","E10000003","E07000008","E05013056"
"CB4 2PN",10,546168,261317,"E92000001","E19000001","E18000006","E10000003","E07000008","E05013056"
"CB4 2PP",10,546026,261316,"E92000001","E19000001","E18000006","E10000003","E07000008","E05013056"
"CB4 2PR",10,545974,261296,"E92000001","E19000001","E18000006","E10000003","E07000008","E05013056"
"CB4 2PS",10,545962,261368,"E92000001","E19000001","E18000006","E10000003","E07000008","E05013056"
"CB4 2PT",10,545991,261397,"E92000001","E19000001","E18000006","E10000003","E07000008","E05013056"
"CB4 2PU",10,546124,261402,"E92000001","E19000001","E18000006","E10000003","E07000008","E05013056"
"CB4 2PW",10,546141,261211,"E92000001","E19000001","E18000006","E10000003","E07000008","E05013056"
"CB4 2PX",10,546035,261464,"E92000001","E19000001","E18000006","E10000003","E07000008","E05013056"
"CB4 2PY",10,546065,261398,"E92000001","E19000001","E18000006","E10000003","E07000008","E05013056"
"CB4 2PZ",10,546081,261323,"E92000001","E19000001","E18000006","E10000003","E07000008","E05013056"
"CB4 2QA",10,546050,261248,"E92000001","E19000001","E18000006","E10000003","E07000008","E05013056"
"CB4 2QB",10,546134,261328,"E92000001","E19000001","E18000006","E10000003","E07000008","E05013056"
"CB4 2QD",10,546295,261288,"E92000001","E19000001","E18000006","E10000003","E07000008","E05013056"
"CB4 2QE",10,546445,261132,"E92000001","E19000001","E18000006","E10000003","E07000008","E05013056"
"CB4 2QF",10,546547,261027,"E92000001","E19000001","E18000006","E10000003","E07000008","E05013056"
"CB4 2QG",10,546085,261565,"E92000001","E19000001","E18000006","E10000003","E07000008","E05013056"
"CB4 2QH",10,545973,261602,"E92000001","E19000001","E18000006","E10000003","E07000008","E05013056"
"CB4 2QL",10,545690,262092,"E92000001","E19000001","E18000006","E10000003","E07000012","E05011301"
"CB4 2QN",10,546563,261163,"E92000001","E19000001","E18000006","E10000003","E07000008","E05013056"
"CB4 2QP",10,546405,261367,"E92000001","E19000001","E18000006","E10000003","E07000008","E05013056"
"CB4 2QR",10,546573,261197,"E92000001","E19000001","E18000006","E10000003","E07000008","E05013056"
"CB4 2QT",10,545847,261822,"E92000001","E19000001","E18000006","E10000003","E07000012","E05011301"
"CB4 2QU",10,545868,261036,"E92000001","E19000001","E18000006","E10000003","E07000008","E05013056"
"CB4 2QW",10,546404,261322,"E92000001","E19000001","E18000006","E10000003","E07000008","E05013056"
"CB4 2QX",10,545851,261004,"E92000001","E19000001","E18000006","E10000003","E07000008","E05013056"
"CB4 2QY",10,545919,261083,"E92000001","E19000001","E18000006","E10000003","E07000008","E05013056"
"CB4 2QZ",10,545955,261022,"E92000001","E19000001","E18000006","E10000003","E07000008","E05013056"
"CB4 2RA",10,545815,260879,"E92000001","E19000001","E18000006","E10000003","E07000008","E05013056"
"CB4 2RB",10,545967,260921,"E92000001","E19000001","E18000006","E10000003","E07000008","E05013056"
"CB4 2RD",10,545956,260811,"E92000001","E19000001","E18000006","E10000003","E07000008","E05013056"
"CB4 2RF",10,546068,260938,"E92000001","E19000001","E18000006","E10000003","E07000008","E05013056"
"CB4 2RG",10,546102,261009,"E92000001","E19000001","E18000006","E10000003","E07000008","E05013056"
"CB4 2RN",10,545426,261029,"E92000001","E19000001","E18000006","E10000003","E07000008","E05013056"
"CB4 2RP",10,545363,260869,"E92000001","E19000001","E18000006","E10000003","E07000008","E05013056"
"CB4 2RQ",10,546037,261072,"E92000001","E19000001","E18000006","E10000003","E07000008","E05013056"
"CB4 2RR",10,545420,260938,"E92000001","E19000001","E18000006","E10000003","E07000008","E05013056"
"CB4 2RS",10,545483,261003,"E92000001","E19000001","E18000006","E10000003","E07000008","E05013056"
"CB4 2RT",10,545305,260926,"E92000001","E19000001","E18000006","E10000003","E07000008","E05013056"
"CB4 2RU",10,545309,261029,"E92000001","E19000001","E18000006","E10000003","E07000008","E05013056"
"CB4 2RW",10,545379,260964,"E92000001","E19000001","E18000006","E10000003","E07000008","E05013056"
"CB4 2RX",10,545270,260978,"E92000001","E19000001","E18000006","E10000003","E07000008","E05013056"
"CB4 2RY",10,545323,261076,"E92000001","E19000001","E18000006","E10000003","E07000008","E05013056"
"CB4 2RZ",10,545366,261119,"E92000001","E19000001","E18000006","E10000003","E07000008","E05013056"
"CB4 2SA",10,545350,261062,"E92000001","E19000001","E18000006","E10000003","E07000008","E05013056"
"CB4 2SB",10,545169,261046,"E92000001","E19000001","E18000006","E10000003","E07000008","E05013056"
"CB4 2SD",10,545228,261034,"E92000001","E19000001","E18000006","E10000003","E07000008","E05013056"
"CB4 2SE",10,545255,261125,"E92000001","E19000001","E18000006","E10000003","E07000008","E05013056"
"CB4 2SF",10,545208,261102,"E92000001","E19000001","E18000006","E10000003","E07000008","E05013056"
"CB4 2SG",10,545331,261169,"E92000001","E19000001","E18000006","E10000003","E07000008","E05013056"
"CB4 2SH",10,545372,261248,"E92000001","E19000001","E18000006","E10000003","E07000008","E05013056"
"CB4 2SJ",10,545365,261307,"E92000001","E19000001","E18000006","E10000003","E07000008","E05013056"
"CB4 2SL",10,545320,261304,"E92000001","E19000001","E18000006","E10000003","E07000008","E05013056"
"CB4 2SN",10,545421,261368,"E92000001","E19000001","E18000006","E10000003","E07000008","E05013056"
"CB4 2SP",10,545145,261102,"E92000001","E19000001","E18000006","E10000003","E07000008","E05013056"
"CB4 2SQ",10,545284,261213,"E92000001","E19000001","E18000006","E10000003","E07000008","E05013056"
"CB4 2SR",10,545160,261144,"E92000001","E19000001","E18000006","E10000003","E07000008","E05013056"
"CB4 2SS",10,545209,261169,"E92000001","E19000001","E18000006","E10000003","E07000008","E05013056"
"CB4 2ST",10,545254,261274,"E92000001","E19000001","E18000006","E10000003","E07000008","E05013056"
"CB4 2SU",10,545317,261384,"E92000001","E19000001","E18000006","E10000003","E07000008","E05013056"
"CB4 2SW",10,545375,261417,"E92000001","E19000001","E18000006","E10000003","E07000008","E05013056"
"CB4 2SX",10,545149,261190,"E92000001","E19000001","E18000006","E10000003","E07000008","E05013056"
"CB4 2SY",10,545095,261243,"E92000001","E19000001","E18000006","E10000003","E07000008","E05013056"
"CB4 2SZ",10,545026,261161,"E92000001","E19000001","E18000006","E10000003","E07000008","E05013056"
"CB4 2TA",10,544999,261264,"E92000001","E19000001","E18000006","E10000003","E07000008","E05013056"
"CB4 2TG",10,545311,261470,"E92000001","E19000001","E18000006","E10000003","E07000008","E05013056"
"CB4 2TH",10,545445,261465,"E92000001","E19000001","E18000006","E10000003","E07000008","E05013056"
"CB4 2TJ",10,545451,261526,"E92000001","E19000001","E18000006","E10000003","E07000008","E05013056"
"CB4 2TL",10,545375,261499,"E92000001","E19000001","E18000006","E10000003","E07000008","E05013056"
"CB4 2TN",10,545405,261604,"E92000001","E19000001","E18000006","E10000003","E07000008","E05013056"
"CB4 2TP",10,545349,261460,"E92000001","E19000001","E18000006","E10000003","E07000008","E05013056"
"CB4 2TR",10,545387,261541,"E92000001","E19000001","E18000006","E10000003","E07000008","E05013056"
"CB4 2TS",10,545390,261564,"E92000001","E19000001","E18000006","E10000003","E07000008","E05013056"
"CB4 2TT",10,545345,261526,"E92000001","E19000001","E18000006","E10000003","E07000008","E05013056"
"CB4 2TU",10,545416,261476,"E92000001","E19000001","E18000006","E10000003","E07000008","E05013056"
"CB4 2TW",10,545461,261407,"E92000001","E19000001","E18000006","E10000003","E07000008","E05013056"
"CB4 2TX",10,545460,261585,"E92000001","E19000001","E18000006","E10000003","E07000008","E05013056"
"CB4 2TY",10,545367,261617,"E92000001","E19000001","E18000006","E10000003","E07000008","E05013056"
"CB4 2TZ",10,545285,261526,"E92000001","E19000001","E18000006","E10000003","E07000008","E05013056"
"CB4 2UA",10,545403,261675,"E92000001","E19000001","E18000006","E10000003","E07000012","E05011297"
"CB4 2UB",10,545276,261573,"E92000001","E19000001","E18000006","E10000003","E07000008","E05013056"
"CB4 2UD",10,545253,261633,"E92000001","E19000001","E18000006","E10000003","E07000008","E05013056"
"CB4 2UE",10,545666,261676,"E92000001","E19000001","E18000006","E10000003","E07000008","E05013056"
"CB4 2UF",10,545558,261688,"E92000001","E19000001","E18000006","E10000003","E07000008","E05013056"
"CB4 2UG",10,545602,261733,"E92000001","E19000001","E18000006","E10000003","E07000008","E05013056"
"CB4 2UH",10,545753,261625,"E92000001","E19000001","E18000006","E10000003","E07000008","E05013056"
"CB4 2UJ",10,545609,261548,"E92000001","E19000001","E18000006","E10000003","E07000008","E05013056"
"CB4 2UL",10,545646,261587,"E92000001","E19000001","E18000006","E10000003","E07000008","E05013056"
"CB4 2UN",10,545698,261654,"E92000001","E19000001","E18000006","E10000003","E07000008","E05013056"
"CB4 2UP",10,545084,261547,"E92000001","E19000001","E18000006","E10000003","E07000008","E05013056"
"CB4 2UQ",10,545709,261724,"E92000001","E19000001","E18000006","E10000003","E07000008","E05013056"
"CB4 2UR",10,545132,261573,"E92000001","E19000001","E18000006","E10000003","E07000008","E05013056"
"CB4 2US",10,545148,261527,"E92000001","E19000001","E18000006","E10000003","E07000008","E05013056"
"CB4 2UT",10,545178,261613,"E92000001","E19000001","E18000006","E10000003","E07000008","E05013056"
"CB4 2UU",10,545193,261587,"E92000001","E19000001","E18000006","E10000003","E07000008","E05013056"
"CB4 2UW",10,545113,261509,"E92000001","E19000001","E18000006","E10000003","E07000008","E05013056"
"CB4 2UX",10,545205,261546,"E92000001","E19000001","E18000006","E10000003","E07000008","E05013056"
"CB4 2UY",10,545217,261492,"E92000001","E19000001","E18000006","E10000003","E07000008","E05013056"
"CB4 2UZ",10,545205,261440,"E92000001","E19000001","E18000006","E10000003","E07000008","E05013056"
"CB4 2WL",10,545217,261764,"E92000001","E19000001","E18000006","E10000003","E07000012","E05011297"
"CB4 2WN",10,545446,261787,"E92000001","E19000001","E18000006","E10000003","E07000012","E05011297"
"CB4 2WP",10,545303,261756,"E92000001","E19000001","E18000006","E10000003","E07000012","E05011297"
"CB4 2WQ",10,545406,261875,"E92000001","E19000001","E18000006","E10000003","E07000012","E05011297"
"CB4 2WR",10,545114,261693,"E92000001","E19000001","E18000006","E10000003","E07000012","E05011297"
"CB4 2WS",10,545066,261790,"E92000001","E19000001","E18000006","E10000003","E07000012","E05011297"
"CB4 2WT",10,545451,261854,"E92000001","E19000001","E18000006","E10000003","E07000012","E05011297"
"CB4 2XA",10,545166,261413,"E92000001","E19000001","E18000006","E10000003","E07000008","E05013056"
"CB4 2XB",10,545136,261492,"E92000001","E19000001","E18000006","E10000003","E07000008","E05013056"
"CB4 2XD",10,545487,261861,"E92000001","E19000001","E18000006","E10000003","E07000012","E05011297"
"CB4 2XF",10,545072,261429,"E92000001","E19000001","E18000006","E10000003","E07000008","E05013056"
"CB4 2XG",10,545108,261459,"E92000001","E19000001","E18000006","E10000003","E07000008","E05013056"
"CB4 2XH",10,545021,261397,"E92000001","E19000001","E18000006","E10000003","E07000008","E05013056"
"CB4 2XJ",10,544991,261423,"E92000001","E19000001","E18000006","E10000003","E07000008","E05013056"
"CB4 2XL",10,545094,261368,"E92000001","E19000001","E18000006","E10000003","E07000008","E05013056"
"CB4 2XQ",10,544921,261633,"E92000001","E19000001","E18000006","E10000003","E07000012","E05011297"
"CB4 2XR",10,544956,261570,"E92000001","E19000001","E18000006","E10000003","E07000012","E05011297"
"CB4 2XW",10,544895,261544,"E92000001","E19000001","E18000006","E10000003","E07000012","E05011297"
"CB4 2YE",10,545084,261666,"E92000001","E19000001","E18000006","E10000003","E07000012","E05011297"
"CB4 2YF",10,544527,261532,"E92000001","E19000001","E18000006","E10000003","E07000012","E05011297"
"CB4 2YQ",10,544444,261529,"E92000001","E19000001","E18000006","E10000003","E07000012","E05011297"
"CB4 2ZA",10,544817,261467,"E92000001","E19000001","E18000006","E10000003","E07000012","E05011297"
"CB4 2ZB",10,545796,261022,"E92000001","E19000001","E18000006","E10000003","E07000008","E05013056"
"CB4 2ZD",10,544765,261729,"E92000001","E19000001","E18000006","E10000003","E07000012","E05011297"
"CB4 2ZE",10,545361,261801,"E92000001","E19000001","E18000006","E10000003","E07000012","E05011297"
"CB4 2ZF",10,546026,261529,"E92000001","E19000001","E18000006","E10000003","E07000008","E05013056"
"CB4 2ZG",10,545435,261162,"E92000001","E19000001","E18000006","E10000003","E07000008","E05013056"
"CB4 2ZH",10,546053,261112,"E92000001","E19000001","E18000006","E10000003","E07000008","E05013056"
"CB4 2ZJ",10,545350,261870,"E92000001","E19000001","E18000006","E10000003","E07000012","E05011297"
"CB4 2ZP",10,545036,261500,"E92000001","E19000001","E18000006","E10000003","E07000008","E05013056"
"CB4 2ZR",10,544879,260977,"E92000001","E19000001","E18000006","E10000003","E07000008","E05013051"
"CB4 2ZS",10,544932,260974,"E92000001","E19000001","E18000006","E10000003","E07000008","E05013051"
"CB4 2ZW",10,544881,260948,"E92000001","E19000001","E18000006","E10000003","E07000008","E05013051"
"CB4 3AA",10,544663,259202,"E92000001","E19000001","E18000006","E10000003","E07000008","E05013063"
"CB4 3AB",10,544780,259195,"E92000001","E19000001","E18000006","E10000003","E07000008","E05013063"
"CB4 3AD",10,544757,259225,"E92000001","E19000001","E18000006","E10000003","E07000008","E05013063"
"CB4 3AE",10,544700,259291,"E92000001","E19000001","E18000006","E10000003","E07000008","E05013063"
"CB4 3AF",10,544600,259403,"E92000001","E19000001","E18000006","E10000003","E07000008","E05013063"
"CB4 3AG",10,544707,259327,"E92000001","E19000001","E18000006","E10000003","E07000008","E05013063"
"CB4 3AH",10,544621,259308,"E92000001","E19000001","E18000006","E10000003","E07000008","E05013063"
"CB4 3AJ",10,544786,259277,"E92000001","E19000001","E18000006","E10000003","E07000008","E05013063"
"CB4 3AL",10,544805,259252,"E92000001","E19000001","E18000006","E10000003","E07000008","E05013063"
"CB4 3AN",10,544905,259320,"E92000001","E19000001","E18000006","E10000003","E07000008","E05013063"
"CB4 3AP",10,545041,259401,"E92000001","E19000001","E18000006","E10000003","E07000008","E05013063"
"CB4 3AQ",10,544622,259423,"E92000001","E19000001","E18000006","E10000003","E07000008","E05013063"
"CB4 3AR",10,545123,259429,"E92000001","E19000001","E18000006","E10000003","E07000008","E05013063"
"CB4 3AX",10,545236,259418,"E92000001","E19000001","E18000006","E10000003","E07000008","E05013063"
"CB4 3BA",10,545248,259487,"E92000001","E19000001","E18000006","E10000003","E07000008","E05013063"
"CB4 3BB",10,545249,259396,"E92000001","E19000001","E18000006","E10000003","E07000008","E05013063"
"CB4 3BD",10,545018,259275,"E92000001","E19000001","E18000006","E10000003","E07000008","E05013057"
"CB4 3BE",10,545048,259465,"E92000001","E19000001","E18000006","E10000003","E07000008","E05013063"
"CB4 3BF",10,544287,259452,"E92000001","E19000001","E18000006","E10000003","E07000008","E05013052"
"CB4 3BJ",10,544229,259555,"E92000001","E19000001","E18000006","E10000003","E07000008","E05013052"
"CB4 3BL",10,544565,259409,"E92000001","E19000001","E18000006","E10000003","E07000008","E05013063"
"CB4 3BN",10,545135,259443,"E92000001","E19000001","E18000006","E10000003","E07000008","E05013063"
"CB4 3BP",10,544882,259531,"E92000001","E19000001","E18000006","E10000003","E07000008","E05013063"
"CB4 3BQ",10,544992,259390,"E92000001","E19000001","E18000006","E10000003","E07000008","E05013063"
"CB4 3BS",10,544748,259556,"E92000001","E19000001","E18000006","E10000003","E07000008","E05013063"
"CB4 3BU",10,544578,259584,"E92000001","E19000001","E18000006","E10000003","E07000008","E05013063"
"CB4 3BW",10,544996,259510,"E92000001","E19000001","E18000006","E10000003","E07000008","E05013063"
"CB4 3BX",10,544513,259546,"E92000001","E19000001","E18000006","E10000003","E07000008","E05013063"
"CB4 3BY",10,544506,259486,"E92000001","E19000001","E18000006","E10000003","E07000008","E05013063"
"CB4 3BZ",10,544549,259504,"E92000001","E19000001","E18000006","E10000003","E07000008","E05013063"
"CB4 3DA",10,544586,259510,"E92000001","E19000001","E18000006","E10000003","E07000008","E05013063"
"CB4 3DB",10,544707,259501,"E92000001","E19000001","E18000006","E10000003","E07000008","E05013063"
"CB4 3DD",10,544571,259555,"E92000001","E19000001","E18000006","E10000003","E07000008","E05013063"
"CB4 3DF",10,544625,259512,"E92000001","E19000001","E18000006","E10000003","E07000008","E05013063"
"CB4 3DG",10,544734,259384,"E92000001","E19000001","E18000006","E10000003","E07000008","E05013063"
"CB4 3DH",10,544726,259427,"E92000001","E19000001","E18000006","E10000003","E07000008","E05013063"
"CB4 3DJ",10,544803,259480,"E92000001","E19000001","E18000006","E10000003","E07000008","E05013063"
"CB4 3DL",10,544826,259493,"E92000001","E19000001","E18000006","E10000003","E07000008","E05013063"
"CB4 3DN",10,544900,259403,"E92000001","E19000001","E18000006","E10000003","E07000008","E05013063"
"CB4 3DQ",10,544689,259382,"E92000001","E19000001","E18000006","E10000003","E07000008","E05013063"
"CB4 3DR",10,544940,259469,"E92000001","E19000001","E18000006","E10000003","E07000008","E05013063"
"CB4 3DS",10,544735,259596,"E92000001","E19000001","E18000006","E10000003","E07000008","E05013051"
"CB4 3DU",10,545019,259530,"E92000001","E19000001","E18000006","E10000003","E07000008","E05013063"
"CB4 3DW",10,544558,259530,"E92000001","E19000001","E18000006","E10000003","E07000008","E05013063"
"CB4 3DX",10,545132,259555,"E92000001","E19000001","E18000006","E10000003","E07000008","E05013063"
"CB4 3DZ",10,544683,259622,"E92000001","E19000001","E18000006","E10000003","E07000008","E05013051"
"CB4 3EB",10,545183,259549,"E92000001","E19000001","E18000006","E10000003","E07000008","E05013063"
"CB4 3ED",10,544846,259853,"E92000001","E19000001","E18000006","E10000003","E07000008","E05013051"
"CB4 3EE",10,545149,259536,"E92000001","E19000001","E18000006","E10000003","E07000008","E05013063"
"CB4 3EF",10,545028,259614,"E92000001","E19000001","E18000006","E10000003","E07000008","E05013063"
"CB4 3EH",10,544972,259637,"E92000001","E19000001","E18000006","E10000003","E07000008","E05013063"
"CB4 3EJ",10,544873,259668,"E92000001","E19000001","E18000006","E10000003","E07000008","E05013063"
"CB4 3EL",10,544933,259662,"E92000001","E19000001","E18000006","E10000003","E07000008","E05013063"
"CB4 3EN",10,544827,259748,"E92000001","E19000001","E18000006","E10000003","E07000008","E05013051"
"CB4 3EP",10,544751,259814,"E92000001","E19000001","E18000006","E10000003","E07000008","E05013051"
"CB4 3ER",10,544771,260078,"E92000001","E19000001","E18000006","E10000003","E07000008","E05013051"
"CB4 3ES",10,544718,259822,"E92000001","E19000001","E18000006","E10000003","E07000008","E05013051"
"CB4 3ET",10,544694,259910,"E92000001","E19000001","E18000006","E10000003","E07000008","E05013051"
"CB4 3EU",10,544655,259782,"E92000001","E19000001","E18000006","E10000003","E07000008","E05013051"
"CB4 3EW",10,544798,259768,"E92000001","E19000001","E18000006","E10000003","E07000008","E05013051"
"CB4 3EX",10,544615,259758,"E92000001","E19000001","E18000006","E10000003","E07000008","E05013051"
"CB4 3EY",10,544349,259910,"E92000001","E19000001","E18000006","E10000003","E07000008","E05013051"
"CB4 3EZ",10,544654,259920,"E92000001","E19000001","E18000006","E10000003","E07000008","E05013051"
"CB4 3FA",10,545203,259450,"E92000001","E19000001","E18000006","E10000003","E07000008","E05013063"
"CB4 3FE",10,544761,260543,"E92000001","E19000001","E18000006","E10000003","E07000008","E05013051"
"CB4 3FF",10,544666,259963,"E92000001","E19000001","E18000006","E10000003","E07000008","E05013051"
"CB4 3FU",10,544227,260733,"E92000001","E19000001","E18000006","E10000003","E07000008","E05013051"
"CB4 3FZ",10,546182,257043,"E92000001","E19000001","E18000006","E10000003","E07000008","E05013054"
"CB4 3GH",10,544771,259225,"E92000001","E19000001","E18000006","E10000003","E07000008","E05013063"
"CB4 3GJ",10,544264,260754,"E92000001","E19000001","E18000006","E10000003","E07000008","E05013051"
"CB4 3GY",10,544275,259953,"E92000001","E19000001","E18000006","E10000003","E07000008","E05013051"
"CB4 3HA",10,544460,260151,"E92000001","E19000001","E18000006","E10000003","E07000008","E05013051"
"CB4 3HB",10,544342,260234,"E92000001","E19000001","E18000006","E10000003","E07000008","E05013051"
"CB4 3HD",10,544289,259492,"E92000001","E19000001","E18000006","E10000003","E07000008","E05013051"
"CB4 3HE",10,544563,260046,"E92000001","E19000001","E18000006","E10000003","E07000008","E05013051"
"CB4 3HF",10,544858,259986,"E92000001","E19000001","E18000006","E10000003","E07000008","E05013051"
"CB4 3HG",10,544554,260003,"E92000001","E19000001","E18000006","E10000003","E07000008","E05013051"
"CB4 3HH",10,544577,260103,"E92000001","E19000001","E18000006","E10000003","E07000008","E05013051"
"CB4 3HJ",10,544386,260168,"E92000001","E19000001","E18000006","E10000003","E07000008","E05013051"
"CB4 3HL",10,544339,260160,"E92000001","E19000001","E18000006","E10000003","E07000008","E05013051"
"CB4 3HN",10,544201,260250,"E92000001","E19000001","E18000006","E10000003","E07000008","E05013051"
"CB4 3HP",10,544397,260355,"E92000001","E19000001","E18000006","E10000003","E07000008","E05013051"
"CB4 3HQ",10,544585,260139,"E92000001","E19000001","E18000006","E10000003","E07000008","E05013051"
"CB4 3HR",10,544399,260441,"E92000001","E19000001","E18000006","E10000003","E07000008","E05013051"
"CB4 3HS",10,544368,260723,"E92000001","E19000001","E18000006","E10000003","E07000008","E05013051"
"CB4 3HT",10,544367,260875,"E92000001","E19000001","E18000006","E10000003","E07000008","E05013051"
"CB4 3HU",10,544382,260578,"E92000001","E19000001","E18000006","E10000003","E07000008","E05013051"
"CB4 3HW",10,544249,260223,"E92000001","E19000001","E18000006","E10000003","E07000008","E05013051"
"CB4 3HX",10,544420,259897,"E92000001","E19000001","E18000006","E10000003","E07000008","E05013051"
"CB4 3HZ",10,544293,259919,"E92000001","E19000001","E18000006","E10000003","E07000008","E05013051"
"CB4 3JB",10,544298,259557,"E92000001","E19000001","E18000006","E10000003","E07000008","E05013051"
"CB4 3JD",10,544299,259843,"E92000001","E19000001","E18000006","E10000003","E07000008","E05013051"
"CB4 3JG",10,544274,260832,"E92000001","E19000001","E18000006","E10000003","E07000008","E05013051"
"CB4 3JH",10,544320,259964,"E92000001","E19000001","E18000006","E10000003","E07000008","E05013051"
"CB4 3JJ",10,544196,260109,"E92000001","E19000001","E18000006","E10000003","E07000008","E05013052"
"CB4 3JL",10,543970,260288,"E92000001","E19000001","E18000006","E10000003","E07000008","E05013052"
"CB4 3JN",10,544008,260309,"E92000001","E19000001","E18000006","E10000003","E07000008","E05013052"
"CB4 3JP",10,544346,259950,"E92000001","E19000001","E18000006","E10000003","E07000008","E05013051"
"CB4 3JQ",10,544314,259941,"E92000001","E19000001","E18000006","E10000003","E07000008","E05013051"
"CB4 3JR",10,544615,259906,"E92000001","E19000001","E18000006","E10000003","E07000008","E05013051"
"CB4 3JU",10,544445,259814,"E92000001","E19000001","E18000006","E10000003","E07000008","E05013051"
"CB4 3JW",10,544203,260154,"E92000001","E19000001","E18000006","E10000003","E07000008","E05013052"
"CB4 3JX",10,544457,259712,"E92000001","E19000001","E18000006","E10000003","E07000008","E05013051"
"CB4 3JY",10,544486,259715,"E92000001","E19000001","E18000006","E10000003","E07000008","E05013051"
"CB4 3JZ",10,544540,259783,"E92000001","E19000001","E18000006","E10000003","E07000008","E05013051"
"CB4 3LA",10,544572,259731,"E92000001","E19000001","E18000006","E10000003","E07000008","E05013051"
"CB4 3LB",10,544592,259872,"E92000001","E19000001","E18000006","E10000003","E07000008","E05013051"
"CB4 3LD",10,544495,259677,"E92000001","E19000001","E18000006","E10000003","E07000008","E05013051"
"CB4 3LE",10,544327,259573,"E92000001","E19000001","E18000006","E10000003","E07000008","E05013051"
"CB4 3LF",10,544414,259530,"E92000001","E19000001","E18000006","E10000003","E07000008","E05013063"
"CB4 3LG",10,544431,259573,"E92000001","E19000001","E18000006","E10000003","E07000008","E05013051"
"CB4 3LH",10,544360,259743,"E92000001","E19000001","E18000006","E10000003","E07000008","E05013051"
"CB4 3LJ",10,544344,259686,"E92000001","E19000001","E18000006","E10000003","E07000008","E05013051"
"CB4 3LL",10,544382,259724,"E92000001","E19000001","E18000006","E10000003","E07000008","E05013051"
"CB4 3LN",10,544398,259683,"E92000001","E19000001","E18000006","E10000003","E07000008","E05013051"
"CB4 3LP",10,544190,260491,"E92000001","E19000001","E18000006","E10000003","E07000008","E05013051"
"CB4 3LQ",10,544331,259731,"E92000001","E19000001","E18000006","E10000003","E07000008","E05013051"
"CB4 3LR",10,544192,260553,"E92000001","E19000001","E18000006","E10000003","E07000008","E05013051"
"CB4 3LS",10,544295,260401,"E92000001","E19000001","E18000006","E10000003","E07000008","E05013051"
"CB4 3LT",10,544216,260483,"E92000001","E19000001","E18000006","E10000003","E07000008","E05013051"
"CB4 3LU",10,544255,260546,"E92000001","E19000001","E18000006","E10000003","E07000008","E05013051"
"CB4 3LW",10,544476,259681,"E92000001","E19000001","E18000006","E10000003","E07000008","E05013051"
"CB4 3LX",10,544024,260399,"E92000001","E19000001","E18000006","E10000003","E07000008","E05013051"
"CB4 3LY",10,544008,260458,"E92000001","E19000001","E18000006","E10000003","E07000008","E05013051"
"CB4 3LZ",10,544103,260557,"E92000001","E19000001","E18000006","E10000003","E07000008","E05013051"
"CB4 3NA",10,543947,260494,"E92000001","E19000001","E18000006","E10000003","E07000008","E05013051"
"CB4 3NB",10,544120,260633,"E92000001","E19000001","E18000006","E10000003","E07000008","E05013051"
"CB4 3ND",10,544059,260480,"E92000001","E19000001","E18000006","E10000003","E07000008","E05013051"
"CB4 3NE",10,544196,260613,"E92000001","E19000001","E18000006","E10000003","E07000008","E05013051"
"CB4 3NF",10,544316,260786,"E92000001","E19000001","E18000006","E10000003","E07000008","E05013051"
"CB4 3NG",10,544260,260918,"E92000001","E19000001","E18000006","E10000003","E07000008","E05013051"
"CB4 3NH",10,544256,261069,"E92000001","E19000001","E18000006","E10000003","E07000008","E05013051"
"CB4 3NJ",10,544266,261145,"E92000001","E19000001","E18000006","E10000003","E07000008","E05013051"
"CB4 3NL",10,544398,259598,"E92000001","E19000001","E18000006","E10000003","E07000008","E05013051"
"CB4 3NN",10,544351,260349,"E92000001","E19000001","E18000006","E10000003","E07000008","E05013051"
"CB4 3NP",10,544546,259949,"E92000001","E19000001","E18000006","E10000003","E07000008","E05013051"
"CB4 3NQ",10,544261,260975,"E92000001","E19000001","E18000006","E10000003","E07000008","E05013051"
"CB4 3NT",10,544321,259491,"E92000001","E19000001","E18000006","E10000003","E07000008","E05013051"
"CB4 3NU",10,544703,260277,"E92000001","E19000001","E18000006","E10000003","E07000008","E05013051"
"CB4 3NW",10,544343,260515,"E92000001","E19000001","E18000006","E10000003","E07000008","E05013051"
"CB4 3NX",10,545178,259875,"E92000001","E19000001","E18000006","E10000003","E07000008","E05013063"
"CB4 3NY",10,544976,259864,"E92000001","E19000001","E18000006","E10000003","E07000008","E05013063"
"CB4 3NZ",10,544954,260072,"E92000001","E19000001","E18000006","E10000003","E07000008","E05013063"
"CB4 3PA",10,544595,260229,"E92000001","E19000001","E18000006","E10000003","E07000008","E05013051"
"CB4 3PB",10,544596,260276,"E92000001","E19000001","E18000006","E10000003","E07000008","E05013051"
"CB4 3PD",10,544964,260125,"E92000001","E19000001","E18000006","E10000003","E07000008","E05013063"
"CB4 3PE",10,545204,259929,"E92000001","E19000001","E18000006","E10000003","E07000008","E05013063"
"CB4 3PF",10,545314,259811,"E92000001","E19000001","E18000006","E10000003","E07000008","E05013063"
"CB4 3PH",10,543920,259964,"E92000001","E19000001","E18000006","E10000003","E07000008","E05013052"
"CB4 3PJ",10,544041,260116,"E92000001","E19000001","E18000006","E10000003","E07000008","E05013052"
"CB4 3PL",10,544033,260051,"E92000001","E19000001","E18000006","E10000003","E07000008","E05013052"
"CB4 3PN",10,543996,259971,"E92000001","E19000001","E18000006","E10000003","E07000008","E05013052"
"CB4 3PP",10,543953,259880,"E92000001","E19000001","E18000006","E10000003","E07000008","E05013052"
"CB4 3PR",10,544189,260030,"E92000001","E19000001","E18000006","E10000003","E07000008","E05013052"
"CB4 3PS",10,544071,260025,"E92000001","E19000001","E18000006","E10000003","E07000008","E05013052"
"CB4 3PT",10,544081,259985,"E92000001","E19000001","E18000006","E10000003","E07000008","E05013052"
"CB4 3PU",10,543968,259843,"E92000001","E19000001","E18000006","E10000003","E07000008","E05013052"
"CB4 3PW",10,543920,259909,"E92000001","E19000001","E18000006","E10000003","E07000008","E05013052"
"CB4 3PX",10,544033,259799,"E92000001","E19000001","E18000006","E10000003","E07000008","E05013052"
"CB4 3PY",10,544039,259888,"E92000001","E19000001","E18000006","E10000003","E07000008","E05013052"
"CB4 3PZ",10,544066,259840,"E92000001","E19000001","E18000006","E10000003","E07000008","E05013052"
"CB4 3QA",10,544050,259796,"E92000001","E19000001","E18000006","E10000003","E07000008","E05013052"
"CB4 3QB",10,544005,259815,"E92000001","E19000001","E18000006","E10000003","E07000008","E05013052"
"CB4 3QE",10,544136,259790,"E92000001","E19000001","E18000006","E10000003","E07000008","E05013052"
"CB4 3QF",10,544183,259680,"E92000001","E19000001","E18000006","E10000003","E07000008","E05013052"
"CB4 3QG",10,544119,259743,"E92000001","E19000001","E18000006","E10000003","E07000008","E05013052"
"CB4 3QH",10,544118,259667,"E92000001","E19000001","E18000006","E10000003","E07000008","E05013052"
"CB4 3QJ",10,544202,259594,"E92000001","E19000001","E18000006","E10000003","E07000008","E05013052"
"CB4 3QN",10,544271,259662,"E92000001","E19000001","E18000006","E10000003","E07000008","E05013051"
"CB4 3QP",10,544248,259537,"E92000001","E19000001","E18000006","E10000003","E07000008","E05013052"
"CB4 3QQ",10,544225,259764,"E92000001","E19000001","E18000006","E10000003","E07000008","E05013052"
"CB4 3QR",10,544264,259599,"E92000001","E19000001","E18000006","E10000003","E07000008","E05013051"
"CB4 3QS",10,544096,259636,"E92000001","E19000001","E18000006","E10000003","E07000008","E05013052"
"CB4 3QT",10,544230,259696,"E92000001","E19000001","E18000006","E10000003","E07000008","E05013052"
"CB4 3QU",10,544061,259782,"E92000001","E19000001","E18000006","E10000003","E07000008","E05013052"
"CB4 3QW",10,544269,259558,"E92000001","E19000001","E18000006","E10000003","E07000008","E05013051"
"CB4 3QX",10,544180,259606,"E92000001","E19000001","E18000006","E10000003","E07000008","E05013052"
"CB4 3RA",10,544888,260551,"E92000001","E19000001","E18000006","E10000003","E07000008","E05013051"
"CB4 3RB",10,544816,260458,"E92000001","E19000001","E18000006","E10000003","E07000008","E05013051"
"CB4 3RD",10,544855,260477,"E92000001","E19000001","E18000006","E10000003","E07000008","E05013051"
"CB4 3RE",10,544902,260631,"E92000001","E19000001","E18000006","E10000003","E07000008","E05013051"
"CB4 3RF",10,544744,260654,"E92000001","E19000001","E18000006","E10000003","E07000008","E05013051"
"CB4 3RG",10,544604,260665,"E92000001","E19000001","E18000006","E10000003","E07000008","E05013051"
"CB4 3RH",10,544528,260632,"E92000001","E19000001","E18000006","E10000003","E07000008","E05013051"
"CB4 3RJ",10,544554,260676,"E92000001","E19000001","E18000006","E10000003","E07000008","E05013051"
"CB4 3RL",10,544423,260688,"E92000001","E19000001","E18000006","E10000003","E07000008","E05013051"
"CB4 3RN",10,544494,260572,"E92000001","E19000001","E18000006","E10000003","E07000008","E05013051"
"CB4 3RQ",10,544563,260588,"E92000001","E19000001","E18000006","E10000003","E07000008","E05013051"
"CB4 3RR",10,544457,260443,"E92000001","E19000001","E18000006","E10000003","E07000008","E05013051"
"CB4 3RS",10,544736,260331,"E92000001","E19000001","E18000006","E10000003","E07000008","E05013051"
"CB4 3RT",10,544763,260516,"E92000001","E19000001","E18000006","E10000003","E07000008","E05013051"
"CB4 3RU",10,544818,260618,"E92000001","E19000001","E18000006","E10000003","E07000008","E05013051"
"CB4 3RW",10,544551,260402,"E92000001","E19000001","E18000006","E10000003","E07000008","E05013051"
"CB4 3RX",10,544759,260476,"E92000001","E19000001","E18000006","E10000003","E07000008","E05013051"
"CB4 3RY",10,544826,260531,"E92000001","E19000001","E18000006","E10000003","E07000008","E05013051"
"CB4 3RZ",10,544843,260602,"E92000001","E19000001","E18000006","E10000003","E07000008","E05013051"
"CB4 3SA",10,544760,260392,"E92000001","E19000001","E18000006","E10000003","E07000008","E05013051"
"CB4 3SB",10,544758,260434,"E92000001","E19000001","E18000006","E10000003","E07000008","E05013051"
"CB4 3SD",10,544578,260434,"E92000001","E19000001","E18000006","E10000003","E07000008","E05013051"
"CB4 3SE",10,544626,260493,"E92000001","E19000001","E18000006","E10000003","E07000008","E05013051"
"CB4 3SF",10,544657,260639,"E92000001","E19000001","E18000006","E10000003","E07000008","E05013051"
"CB4 3SG",10,544684,260589,"E92000001","E19000001","E18000006","E10000003","E07000008","E05013051"
"CB4 3SN",10,544399,261062,"E92000001","E19000001","E18000006","E10000003","E07000008","E05013051"
"CB4 3SP",10,544562,260957,"E92000001","E19000001","E18000006","E10000003","E07000008","E05013051"
"CB4 3SQ",10,544569,260549,"E92000001","E19000001","E18000006","E10000003","E07000008","E05013051"
"CB4 3SR",10,544530,260891,"E92000001","E19000001","E18000006","E10000003","E07000008","E05013051"
"CB4 3SS",10,544382,260953,"E92000001","E19000001","E18000006","E10000003","E07000008","E05013051"
"CB4 3SW",10,544579,261015,"E92000001","E19000001","E18000006","E10000003","E07000008","E05013051"
"CB4 3TA",10,544171,260826,"E92000001","E19000001","E18000006","E10000003","E07000008","E05013051"
"CB4 3TB",10,544134,260777,"E92000001","E19000001","E18000006","E10000003","E07000008","E05013051"
"CB4 3TD",10,544223,260871,"E92000001","E19000001","E18000006","E10000003","E07000008","E05013051"
"CB4 3TJ",10,544729,260131,"E92000001","E19000001","E18000006","E10000003","E07000008","E05013051"
"CB4 3XA",10,544551,261239,"E92000001","E19000001","E18000006","E10000003","E07000012","E05011297"
"CB4 3XB",10,544618,261096,"E92000001","E19000001","E18000006","E10000003","E07000012","E05011297"
"CB4 3XD",10,544546,261158,"E92000001","E19000001","E18000006","E10000003","E07000012","E05011297"
"CB4 3XE",10,544505,261076,"E92000001","E19000001","E18000006","E10000003","E07000012","E05011297"
"CB4 3XF",10,544659,261125,"E92000001","E19000001","E18000006","E10000003","E07000012","E05011297"
"CB4 3XG",10,544633,261038,"E92000001","E19000001","E18000006","E10000003","E07000012","E05011297"
"CB4 3XH",10,544668,261152,"E92000001","E19000001","E18000006","E10000003","E07000012","E05011297"
"CB4 3XJ",10,544661,261285,"E92000001","E19000001","E18000006","E10000003","E07000012","E05011297"
"CB4 3XL",10,544464,261359,"E92000001","E19000001","E18000006","E10000003","E07000012","E05011297"
"CB4 3XN",10,544501,261373,"E92000001","E19000001","E18000006","E10000003","E07000012","E05011297"
"CB4 3XP",10,544700,261341,"E92000001","E19000001","E18000006","E10000003","E07000012","E05011297"
"CB4 3XQ",10,544711,261063,"E92000001","E19000001","E18000006","E10000003","E07000012","E05011297"
"CB4 3XW",10,544619,261335,"E92000001","E19000001","E18000006","E10000003","E07000012","E05011297"
"CB4 3YH",10,544039,259680,"E92000001","E19000001","E18000006","E10000003","E07000008","E05013052"
"CB4 3ZG",10,546182,257043,"E92000001","E19000001","E18000006","E10000003","E07000008","E05013054"
"CB5 8AA",10,549118,259269,"E92000001","E19000001","E18000006","E10000003","E07000012","E05011291"
"CB5 8AB",10,544780,258969,"E92000001","E19000001","E18000006","E10000003","E07000008","E05013057"
"CB5 8AD",10,544893,258835,"E92000001","E19000001","E18000006","E10000003","E07000008","E05013057"
"CB5 8AE",10,547902,259441,"E92000001","E19000001","E18000006","E10000003","E07000008","E05013050"
"CB5 8AF",10,544858,258907,"E92000001","E19000001","E18000006","E10000003","E07000008","E05013057"
"CB5 8AG",10,544818,259103,"E92000001","E19000001","E18000006","E10000003","E07000008","E05013057"
"CB5 8AJ",10,544832,259065,"E92000001","E19000001","E18000006","E10000003","E07000008","E05013057"
"CB5 8AL",10,544913,259047,"E92000001","E19000001","E18000006","E10000003","E07000008","E05013057"
"CB5 8AN",10,544847,259056,"E92000001","E19000001","E18000006","E10000003","E07000008","E05013057"
"CB5 8AP",10,544874,258978,"E92000001","E19000001","E18000006","E10000003","E07000008","E05013057"
"CB5 8AQ",10,544815,258989,"E92000001","E19000001","E18000006","E10000003","E07000008","E05013057"
"CB5 8AR",10,544978,258962,"E92000001","E19000001","E18000006","E10000003","E07000008","E05013057"
"CB5 8AS",10,544960,258887,"E92000001","E19000001","E18000006","E10000003","E07000008","E05013057"
"CB5 8AT",10,544870,259013,"E92000001","E19000001","E18000006","E10000003","E07000008","E05013057"
"CB5 8AU",10,547484,259430,"E92000001","E19000001","E18000006","E10000003","E07000008","E05013050"
"CB5 8AW",10,544897,259014,"E92000001","E19000001","E18000006","E10000003","E07000008","E05013057"
"CB5 8AX",10,546366,258873,"E92000001","E19000001","E18000006","E10000003","E07000008","E05013050"
"CB5 8AY",10,546494,258988,"E92000001","E19000001","E18000006","E10000003","E07000008","E05013050"
"CB5 8BA",10,544950,258781,"E92000001","E19000001","E18000006","E10000003","E07000008","E05013057"
"CB5 8BD",10,546370,258921,"E92000001","E19000001","E18000006","E10000003","E07000008","E05013050"
"CB5 8BG",10,549042,259359,"E92000001","E19000001","E18000006","E10000003","E07000012","E05011291"
"CB5 8BJ",10,545073,258881,"E92000001","E19000001","E18000006","E10000003","E07000008","E05013057"
"CB5 8BL",10,545134,259020,"E92000001","E19000001","E18000006","E10000003","E07000008","E05013057"
"CB5 8BN",10,545082,258814,"E92000001","E19000001","E18000006","E10000003","E07000008","E05013057"
"CB5 8BP",10,545139,258809,"E92000001","E19000001","E18000006","E10000003","E07000008","E05013057"
"CB5 8BQ",10,544999,258825,"E92000001","E19000001","E18000006","E10000003","E07000008","E05013057"
"CB5 8BS",10,545339,258754,"E92000001","E19000001","E18000006","E10000003","E07000008","E05013057"
"CB5 8BW",10,545112,258812,"E92000001","E19000001","E18000006","E10000003","E07000008","E05013057"
"CB5 8BX",10,549000,259411,"E92000001","E19000001","E18000006","E10000003","E07000012","E05011291"
"CB5 8DA",10,545518,258727,"E92000001","E19000001","E18000006","E10000003","E07000008","E05013057"
"CB5 8DD",10,545693,258755,"E92000001","E19000001","E18000006","E10000003","E07000008","E05013057"
"CB5 8DE",10,545688,258790,"E92000001","E19000001","E18000006","E10000003","E07000008","E05013057"
"CB5 8DG",10,545673,258851,"E92000001","E19000001","E18000006","E10000003","E07000008","E05013057"
"CB5 8DH",10,545607,258847,"E92000001","E19000001","E18000006","E10000003","E07000008","E05013057"
"CB5 8DJ",10,545673,258916,"E92000001","E19000001","E18000006","E10000003","E07000008","E05013057"
"CB5 8DL",10,545793,258919,"E92000001","E19000001","E18000006","E10000003","E07000008","E05013057"
"CB5 8DN",10,545765,258884,"E92000001","E19000001","E18000006","E10000003","E07000008","E05013057"
"CB5 8DP",10,545911,258860,"E92000001","E19000001","E18000006","E10000003","E07000008","E05013057"
"CB5 8DQ",10,545639,258832,"E92000001","E19000001","E18000006","E10000003","E07000008","E05013057"
"CB5 8DR",10,545830,258883,"E92000001","E19000001","E18000006","E10000003","E07000008","E05013057"
"CB5 8DS",10,545869,258927,"E92000001","E19000001","E18000006","E10000003","E07000008","E05013057"
"CB5 8DT",10,545903,258795,"E92000001","E19000001","E18000006","E10000003","E07000008","E05013057"
"CB5 8DW",10,545889,258869,"E92000001","E19000001","E18000006","E10000003","E07000008","E05013057"
"CB5 8DZ",10,546076,258796,"E92000001","E19000001","E18000006","E10000003","E07000008","E05013057"
"CB5 8EA",10,545969,258903,"E92000001","E19000001","E18000006","E10000003","E07000008","E05013057"
"CB5 8EB",10,547335,259663,"E92000001","E19000001","E18000006","E10000003","E07000008","E05013050"
"CB5 8ED",10,548991,259513,"E92000001","E19000001","E18000006","E10000003","E07000012","E05011291"
"CB5 8EF",10,547772,258755,"E92000001","E19000001","E18000006","E10000003","E07000008","E05013050"
"CB5 8EG",10,545878,258824,"E92000001","E19000001","E18000006","E10000003","E07000008","E05013057"
"CB5 8EH",10,547407,259568,"E92000001","E19000001","E18000006","E10000003","E07000008","E05013050"
"CB5 8EL",10,547518,259630,"E92000001","E19000001","E18000006","E10000003","E07000008","E05013050"
"CB5 8EN",10,546118,258886,"E92000001","E19000001","E18000006","E10000003","E07000008","E05013057"
"CB5 8ER",10,545819,258901,"E92000001","E19000001","E18000006","E10000003","E07000008","E05013057"
"CB5 8ES",10,548936,259293,"E92000001","E19000001","E18000006","E10000003","E07000012","E05011291"
"CB5 8ET",10,547459,259586,"E92000001","E19000001","E18000006","E10000003","E07000008","E05013050"
"CB5 8EU",10,546079,258868,"E92000001","E19000001","E18000006","E10000003","E07000008","E05013057"
"CB5 8EY",10,546614,259540,"E92000001","E19000001","E18000006","E10000003","E07000008","E05013050"
"CB5 8EZ",10,548939,259418,"E92000001","E19000001","E18000006","E10000003","E07000012","E05011291"
"CB5 8FE",10,548888,259342,"E92000001","E19000001","E18000006","E10000003","E07000012","E05011291"
"CB5 8FF",10,546182,257043,"E92000001","E19000001","E18000006","E10000003","E07000008","E05013054"
"CB5 8FR",10,546828,259545,"E92000001","E19000001","E18000006","E10000003","E07000008","E05013050"
"CB5 8FS",10,546103,258936,"E92000001","E19000001","E18000006","E10000003","E07000008","E05013057"
"CB5 8GA",10,546559,259033,"E92000001","E19000001","E18000006","E10000003","E07000008","E05013050"
"CB5 8GB",10,546467,259115,"E92000001","E19000001","E18000006","E10000003","E07000008","E05013050"
"CB5 8HA",10,546273,258892,"E92000001","E19000001","E18000006","E10000003","E07000008","E05013050"
"CB5 8HB",10,546230,258879,"E92000001","E19000001","E18000006","E10000003","E07000008","E05013050"
"CB5 8HE",10,546245,258842,"E92000001","E19000001","E18000006","E10000003","E07000008","E05013050"
"CB5 8HG",10,546614,259395,"E92000001","E19000001","E18000006","E10000003","E07000008","E05013050"
"CB5 8HH",10,546153,258991,"E92000001","E19000001","E18000006","E10000003","E07000008","E05013050"
"CB5 8HJ",10,546408,259184,"E92000001","E19000001","E18000006","E10000003","E07000008","E05013050"
"CB5 8HL",10,546241,259111,"E92000001","E19000001","E18000006","E10000003","E07000008","E05013050"
"CB5 8HN",10,546504,259297,"E92000001","E19000001","E18000006","E10000003","E07000008","E05013050"
"CB5 8HP",10,546458,259053,"E92000001","E19000001","E18000006","E10000003","E07000008","E05013050"
"CB5 8HQ",10,546175,259024,"E92000001","E19000001","E18000006","E10000003","E07000008","E05013050"
"CB5 8HR",10,546416,258979,"E92000001","E19000001","E18000006","E10000003","E07000008","E05013050"
"CB5 8HS",10,546323,259068,"E92000001","E19000001","E18000006","E10000003","E07000008","E05013050"
"CB5 8HT",10,546230,259043,"E92000001","E19000001","E18000006","E10000003","E07000008","E05013050"
"CB5 8HU",10,546359,258995,"E92000001","E19000001","E18000006","E10000003","E07000008","E05013050"
"CB5 8HW",10,546870,259436,"E92000001","E19000001","E18000006","E10000003","E07000008","E05013050"
"CB5 8HX",10,546354,259026,"E92000001","E19000001","E18000006","E10000003","E07000008","E05013050"
"CB5 8HY",10,546920,259583,"E92000001","E19000001","E18000006","E10000003","E07000008","E05013050"
"CB5 8HZ",10,546376,258949,"E92000001","E19000001","E18000006","E10000003","E07000008","E05013050"
"CB5 8JB",10,546553,259419,"E92000001","E19000001","E18000006","E10000003","E07000008","E05013050"
"CB5 8JD",10,546537,259383,"E92000001","E19000001","E18000006","E10000003","E07000008","E05013050"
"CB5 8JE",10,546649,259056,"E92000001","E19000001","E18000006","E10000003","E07000008","E05013050"
"CB5 8JF",10,546481,259232,"E92000001","E19000001","E18000006","E10000003","E07000008","E05013050"
"CB5 8JG",10,546798,259200,"E92000001","E19000001","E18000006","E10000003","E07000008","E05013050"
"CB5 8JH",10,546927,259202,"E92000001","E19000001","E18000006","E10000003","E07000008","E05013050"
"CB5 8JJ",10,546972,259382,"E92000001","E19000001","E18000006","E10000003","E07000008","E05013050"
"CB5 8JL",10,546746,259071,"E92000001","E19000001","E18000006","E10000003","E07000008","E05013050"
"CB5 8JN",10,548898,259564,"E92000001","E19000001","E18000006","E10000003","E07000012","E05011291"
"CB5 8JP",10,546098,259040,"E92000001","E19000001","E18000006","E10000003","E07000008","E05013057"
"CB5 8JQ",10,546569,259468,"E92000001","E19000001","E18000006","E10000003","E07000008","E05013050"
"CB5 8JS",10,547568,259709,"E92000001","E19000001","E18000006","E10000003","E07000008","E05013050"
"CB5 8JW",10,549039,259634,"E92000001","E19000001","E18000006","E10000003","E07000012","E05011291"
"CB5 8JX",10,546008,258917,"E92000001","E19000001","E18000006","E10000003","E07000008","E05013057"
"CB5 8JY",10,545993,258970,"E92000001","E19000001","E18000006","E10000003","E07000008","E05013057"
"CB5 8JZ",10,547022,259517,"E92000001","E19000001","E18000006","E10000003","E07000008","E05013050"
"CB5 8LA",10,547035,259436,"E92000001","E19000001","E18000006","E10000003","E07000008","E05013050"
"CB5 8LB",10,546779,259397,"E92000001","E19000001","E18000006","E10000003","E07000008","E05013050"
"CB5 8LD",10,546695,259275,"E92000001","E19000001","E18000006","E10000003","E07000008","E05013050"
"CB5 8LE",10,549057,259734,"E92000001","E19000001","E18000006","E10000003","E07000012","E05011291"
"CB5 8LF",10,546745,259383,"E92000001","E19000001","E18000006","E10000003","E07000008","E05013050"
"CB5 8LG",10,547234,259452,"E92000001","E19000001","E18000006","E10000003","E07000008","E05013050"
"CB5 8LH",10,549034,259765,"E92000001","E19000001","E18000006","E10000003","E07000012","E05011291"
"CB5 8LJ",10,546763,259490,"E92000001","E19000001","E18000006","E10000003","E07000008","E05013050"
"CB5 8LL",10,547448,259357,"E92000001","E19000001","E18000006","E10000003","E07000008","E05013050"
"CB5 8LN",10,547265,259367,"E92000001","E19000001","E18000006","E10000003","E07000008","E05013050"
"CB5 8LP",10,547739,259311,"E92000001","E19000001","E18000006","E10000003","E07000008","E05013050"
"CB5 8LQ",10,548957,259716,"E92000001","E19000001","E18000006","E10000003","E07000012","E05011291"
"CB5 8LR",10,547632,259292,"E92000001","E19000001","E18000006","E10000003","E07000008","E05013050"
"CB5 8LS",10,547663,259276,"E92000001","E19000001","E18000006","E10000003","E07000008","E05013050"
"CB5 8LT",10,547564,259271,"E92000001","E19000001","E18000006","E10000003","E07000008","E05013050"
"CB5 8LU",10,547480,258970,"E92000001","E19000001","E18000006","E10000003","E07000008","E05013050"
"CB5 8LW",10,546822,259424,"E92000001","E19000001","E18000006","E10000003","E07000008","E05013050"
"CB5 8LX",10,547429,259097,"E92000001","E19000001","E18000006","E10000003","E07000008","E05013050"
"CB5 8LY",10,547570,258813,"E92000001","E19000001","E18000006","E10000003","E07000008","E05013050"
"CB5 8LZ",10,547429,259242,"E92000001","E19000001","E18000006","E10000003","E07000008","E05013050"
"CB5 8NA",10,547610,259191,"E92000001","E19000001","E18000006","E10000003","E07000008","E05013050"
"CB5 8NB",10,547493,259207,"E92000001","E19000001","E18000006","E10000003","E07000008","E05013050"
"CB5 8ND",10,547748,258848,"E92000001","E19000001","E18000006","E10000003","E07000008","E05013050"
"CB5 8NE",10,547641,258906,"E92000001","E19000001","E18000006","E10000003","E07000008","E05013050"
"CB5 8NF",10,547613,258939,"E92000001","E19000001","E18000006","E10000003","E07000008","E05013050"
"CB5 8NG",10,547624,259022,"E92000001","E19000001","E18000006","E10000003","E07000008","E05013050"
"CB5 8NH",10,547578,259071,"E92000001","E19000001","E18000006","E10000003","E07000008","E05013050"
"CB5 8NJ",10,547569,259149,"E92000001","E19000001","E18000006","E10000003","E07000008","E05013050"
"CB5 8NL",10,547705,259082,"E92000001","E19000001","E18000006","E10000003","E07000008","E05013050"
"CB5 8NN",10,547782,259205,"E92000001","E19000001","E18000006","E10000003","E07000008","E05013050"
"CB5 8NP",10,547814,259078,"E92000001","E19000001","E18000006","E10000003","E07000008","E05013050"
"CB5 8NQ",10,547545,259001,"E92000001","E19000001","E18000006","E10000003","E07000008","E05013050"
"CB5 8NR",10,547703,259309,"E92000001","E19000001","E18000006","E10000003","E07000008","E05013050"
"CB5 8NS",10,546721,259499,"E92000001","E19000001","E18000006","E10000003","E07000008","E05013050"
"CB5 8NT",10,547395,259012,"E92000001","E19000001","E18000006","E10000003","E07000008","E05013050"
"CB5 8NU",10,547723,259299,"E92000001","E19000001","E18000006","E10000003","E07000008","E05013050"
"CB5 8NW",10,547810,259170,"E92000001","E19000001","E18000006","E10000003","E07000008","E05013050"
"CB5 8NY",10,546038,258982,"E92000001","E19000001","E18000006","E10000003","E07000008","E05013057"
"CB5 8NZ",10,546082,258995,"E92000001","E19000001","E18000006","E10000003","E07000008","E05013057"
"CB5 8PA",10,547505,259389,"E92000001","E19000001","E18000006","E10000003","E07000008","E05013050"
"CB5 8PB",10,547990,259396,"E92000001","E19000001","E18000006","E10000003","E07000008","E05013050"
"CB5 8PD",10,547447,259857,"E92000001","E19000001","E18000006","E10000003","E07000008","E05013050"
"CB5 8PF",10,547821,259608,"E92000001","E19000001","E18000006","E10000003","E07000008","E05013050"
"CB5 8PH",10,547897,259467,"E92000001","E19000001","E18000006","E10000003","E07000008","E05013050"
"CB5 8PJ",10,548085,259699,"E92000001","E19000001","E18000006","E10000003","E07000008","E05013050"
"CB5 8PL",10,548045,259816,"E92000001","E19000001","E18000006","E10000003","E07000008","E05013050"
"CB5 8PN",10,547974,259828,"E92000001","E19000001","E18000006","E10000003","E07000008","E05013050"
"CB5 8PP",10,548020,259624,"E92000001","E19000001","E18000006","E10000003","E07000008","E05013050"
"CB5 8PQ",10,547803,259814,"E92000001","E19000001","E18000006","E10000003","E07000008","E05013050"
"CB5 8PR",10,548031,259584,"E92000001","E19000001","E18000006","E10000003","E07000008","E05013050"
"CB5 8PS",10,548056,259477,"E92000001","E19000001","E18000006","E10000003","E07000008","E05013050"
"CB5 8PT",10,547932,259545,"E92000001","E19000001","E18000006","E10000003","E07000008","E05013050"
"CB5 8PU",10,547993,259475,"E92000001","E19000001","E18000006","E10000003","E07000008","E05013050"
"CB5 8PW",10,548101,259863,"E92000001","E19000001","E18000006","E10000003","E07000008","E05013050"
"CB5 8PX",10,547639,259902,"E92000001","E19000001","E18000006","E10000003","E07000008","E05013050"
"CB5 8PY",10,547479,259827,"E92000001","E19000001","E18000006","E10000003","E07000008","E05013050"
"CB5 8PZ",10,547455,259438,"E92000001","E19000001","E18000006","E10000003","E07000008","E05013050"
"CB5 8QD",10,547359,259620,"E92000001","E19000001","E18000006","E10000003","E07000008","E05013050"
"CB5 8QE",10,547426,259648,"E92000001","E19000001","E18000006","E10000003","E07000008","E05013050"
"CB5 8QF",10,547533,259686,"E92000001","E19000001","E18000006","E10000003","E07000008","E05013050"
"CB5 8QG",10,547468,259637,"E92000001","E19000001","E18000006","E10000003","E07000008","E05013050"
"CB5 8QH",10,547771,259637,"E92000001","E19000001","E18000006","E10000003","E07000008","E05013050"
"CB5 8QJ",10,547678,259496,"E92000001","E19000001","E18000006","E10000003","E07000008","E05013050"
"CB5 8QL",10,547614,259616,"E92000001","E19000001","E18000006","E10000003","E07000008","E05013050"
"CB5 8QN",10,547505,259465,"E92000001","E19000001","E18000006","E10000003","E07000008","E05013050"
"CB5 8QP",10,547989,259913,"E92000001","E19000001","E18000006","E10000003","E07000008","E05013050"
"CB5 8QQ",10,547556,259629,"E92000001","E19000001","E18000006","E10000003","E07000008","E05013050"
"CB5 8QR",10,548172,259791,"E92000001","E19000001","E18000006","E10000003","E07000008","E05013050"
"CB5 8QS",10,547845,259818,"E92000001","E19000001","E18000006","E10000003","E07000008","E05013050"
"CB5 8QT",10,548177,259927,"E92000001","E19000001","E18000006","E10000003","E07000008","E05013050"
"CB5 8QU",10,547790,259914,"E92000001","E19000001","E18000006","E10000003","E07000008","E05013050"
"CB5 8QW",10,547770,259485,"E92000001","E19000001","E18000006","E10000003","E07000008","E05013050"
"CB5 8QX",10,548146,259944,"E92000001","E19000001","E18000006","E10000003","E07000012","E05011291"
"CB5 8QY",10,548305,259931,"E92000001","E19000001","E18000006","E10000003","E07000012","E05011291"
"CB5 8QZ",10,547852,259718,"E92000001","E19000001","E18000006","E10000003","E07000008","E05013050"
"CB5 8RA",10,547765,259427,"E92000001","E19000001","E18000006","E10000003","E07000008","E05013050"
"CB5 8RB",10,548023,259952,"E92000001","E19000001","E18000006","E10000003","E07000008","E05013050"
"CB5 8RD",10,547963,258533,"E92000001","E19000001","E18000006","E10000003","E07000008","E05013050"
"CB5 8RE",10,548023,258692,"E92000001","E19000001","E18000006","E10000003","E07000008","E05013050"
"CB5 8RG",10,547909,259199,"E92000001","E19000001","E18000006","E10000003","E07000008","E05013050"
"CB5 8RH",10,548048,258890,"E92000001","E19000001","E18000006","E10000003","E07000008","E05013050"
"CB5 8RJ",10,548205,259128,"E92000001","E19000001","E18000006","E10000003","E07000008","E05013050"
"CB5 8RL",10,547951,259185,"E92000001","E19000001","E18000006","E10000003","E07000008","E05013050"
"CB5 8RN",10,548098,259046,"E92000001","E19000001","E18000006","E10000003","E07000008","E05013050"
"CB5 8RQ",10,547946,258908,"E92000001","E19000001","E18000006","E10000003","E07000008","E05013050"
"CB5 8RR",10,548024,258847,"E92000001","E19000001","E18000006","E10000003","E07000008","E05013050"
"CB5 8RS",10,548171,259267,"E92000001","E19000001","E18000006","E10000003","E07000008","E05013050"
"CB5 8RT",10,548534,259187,"E92000001","E19000001","E18000006","E10000003","E07000012","E05011291"
"CB5 8RU",10,547992,259139,"E92000001","E19000001","E18000006","E10000003","E07000008","E05013050"
"CB5 8RW",10,548047,259100,"E92000001","E19000001","E18000006","E10000003","E07000008","E05013050"
"CB5 8RX",10,548721,259113,"E92000001","E19000001","E18000006","E10000003","E07000012","E05011291"
"CB5 8SA",10,548467,259136,"E92000001","E19000001","E18000006","E10000003","E07000012","E05011291"
"CB5 8SB",10,548455,259094,"E92000001","E19000001","E18000006","E10000003","E07000012","E05011291"
"CB5 8SD",10,548360,259152,"E92000001","E19000001","E18000006","E10000003","E07000008","E05013050"
"CB5 8SE",10,548259,259026,"E92000001","E19000001","E18000006","E10000003","E07000008","E05013050"
"CB5 8SF",10,548226,259047,"E92000001","E19000001","E18000006","E10000003","E07000008","E05013050"
"CB5 8SG",10,548215,258889,"E92000001","E19000001","E18000006","E10000003","E07000008","E05013050"
"CB5 8SH",10,548014,258646,"E92000001","E19000001","E18000006","E10000003","E07000008","E05013050"
"CB5 8SL",10,547945,258418,"E92000001","E19000001","E18000006","E10000003","E07000008","E05013050"
"CB5 8SN",10,547618,259901,"E92000001","E19000001","E18000006","E10000003","E07000008","E05013050"
"CB5 8SP",10,548163,259517,"E92000001","E19000001","E18000006","E10000003","E07000008","E05013050"
"CB5 8SQ",10,548604,259248,"E92000001","E19000001","E18000006","E10000003","E07000012","E05011291"
"CB5 8SR",10,548252,259766,"E92000001","E19000001","E18000006","E10000003","E07000008","E05013050"
"CB5 8SS",10,548476,260084,"E92000001","E19000001","E18000006","E10000003","E07000012","E05011291"
"CB5 8ST",10,548376,260281,"E92000001","E19000001","E18000006","E10000003","E07000012","E05011291"
"CB5 8SU",10,548279,260459,"E92000001","E19000001","E18000006","E10000003","E07000012","E05011291"
"CB5 8SW",10,548012,258712,"E92000001","E19000001","E18000006","E10000003","E07000008","E05013050"
"CB5 8SX",10,548263,260862,"E92000001","E19000001","E18000006","E10000003","E07000012","E05011291"
"CB5 8SY",10,548347,260856,"E92000001","E19000001","E18000006","E10000003","E07000012","E05011291"
"CB5 8SZ",10,548704,260542,"E92000001","E19000001","E18000006","E10000003","E07000012","E05011291"
"CB5 8TA",10,548517,261372,"E92000001","E19000001","E18000006","E10000003","E07000012","E05011291"
"CB5 8TB",10,548731,261749,"E92000001","E19000001","E18000006","E10000003","E07000012","E05011291"
"CB5 8TD",10,548813,260702,"E92000001","E19000001","E18000006","E10000003","E07000012","E05011291"
"CB5 8TE",10,548762,260164,"E92000001","E19000001","E18000006","E10000003","E07000012","E05011291"
"CB5 8TF",10,549610,259782,"E92000001","E19000001","E18000006","E10000003","E07000012","E05011291"
"CB5 8TG",10,548804,259142,"E92000001","E19000001","E18000006","E10000003","E07000012","E05011291"
"CB5 8TH",10,546045,258907,"E92000001","E19000001","E18000006","E10000003","E07000008","E05013057"
"CB5 8TJ",10,546015,258876,"E92000001","E19000001","E18000006","E10000003","E07000008","E05013057"
"CB5 8TL",10,548502,259867,"E92000001","E19000001","E18000006","E10000003","E07000008","E05013050"
"CB5 8TN",10,548455,259786,"E92000001","E19000001","E18000006","E10000003","E07000008","E05013050"
"CB5 8TP",10,548389,259862,"E92000001","E19000001","E18000006","E10000003","E07000008","E05013050"
"CB5 8TQ",10,548336,260409,"E92000001","E19000001","E18000006","E10000003","E07000012","E05011291"
"CB5 8TR",10,548502,259827,"E92000001","E19000001","E18000006","E10000003","E07000008","E05013050"
"CB5 8TS",10,548529,259821,"E92000001","E19000001","E18000006","E10000003","E07000008","E05013050"
"CB5 8TT",10,548504,259707,"E92000001","E19000001","E18000006","E10000003","E07000008","E05013050"
"CB5 8TU",10,548371,259744,"E92000001","E19000001","E18000006","E10000003","E07000008","E05013050"
"CB5 8TW",10,548347,259795,"E92000001","E19000001","E18000006","E10000003","E07000008","E05013050"
"CB5 8TX",10,548429,259622,"E92000001","E19000001","E18000006","E10000003","E07000008","E05013050"
"CB5 8TY",10,548386,259608,"E92000001","E19000001","E18000006","E10000003","E07000008","E05013050"
"CB5 8TZ",10,548364,259673,"E92000001","E19000001","E18000006","E10000003","E07000008","E05013050"
"CB5 8UA",10,548365,259710,"E92000001","E19000001","E18000006","E10000003","E07000008","E05013050"
"CB5 8UB",10,548517,259623,"E92000001","E19000001","E18000006","E10000003","E07000008","E05013050"
"CB5 8UD",10,548316,259716,"E92000001","E19000001","E18000006","E10000003","E07000008","E05013050"
"CB5 8UE",10,548464,259618,"E92000001","E19000001","E18000006","E10000003","E07000008","E05013050"
"CB5 8UF",10,548506,259578,"E92000001","E19000001","E18000006","E10000003","E07000008","E05013050"
"CB5 8UG",10,548474,259646,"E92000001","E19000001","E18000006","E10000003","E07000008","E05013050"
"CB5 8UH",10,548572,259545,"E92000001","E19000001","E18000006","E10000003","E07000008","E05013050"
"CB5 8UJ",10,548568,259596,"E92000001","E19000001","E18000006","E10000003","E07000008","E05013050"
"CB5 8UL",10,548695,259863,"E92000001","E19000001","E18000006","E10000003","E07000008","E05013050"
"CB5 8UN",10,548667,259793,"E92000001","E19000001","E18000006","E10000003","E07000008","E05013050"
"CB5 8UP",10,548338,260512,"E92000001","E19000001","E18000006","E10000003","E07000012","E05011291"
"CB5 8UQ",10,548552,259501,"E92000001","E19000001","E18000006","E10000003","E07000008","E05013050"
"CB5 8UR",10,547893,259961,"E92000001","E19000001","E18000006","E10000003","E07000008","E05013050"
"CB5 8US",10,548468,259303,"E92000001","E19000001","E18000006","E10000003","E07000008","E05013050"
"CB5 8UT",10,548504,259422,"E92000001","E19000001","E18000006","E10000003","E07000008","E05013050"
"CB5 8UU",10,548182,258785,"E92000001","E19000001","E18000006","E10000003","E07000008","E05013050"
"CB5 8UW",10,549078,259368,"E92000001","E19000001","E18000006","E10000003","E07000012","E05011291"
"CB5 8UX",10,548144,258778,"E92000001","E19000001","E18000006","E10000003","E07000008","E05013050"
"CB5 8UY",10,548102,258758,"E92000001","E19000001","E18000006","E10000003","E07000008","E05013050"
"CB5 8UZ",10,548064,258736,"E92000001","E19000001","E18000006","E10000003","E07000008","E05013050"
"CB5 8WL",10,547910,259375,"E92000001","E19000001","E18000006","E10000003","E07000008","E05013050"
"CB5 8WR",10,546778,258985,"E92000001","E19000001","E18000006","E10000003","E07000008","E05013050"
"CB5 8WT",10,547376,259672,"E92000001","E19000001","E18000006","E10000003","E07000008","E05013050"
"CB5 8XB",10,549084,259319,"E92000001","E19000001","E18000006","E10000003","E07000012","E05011291"
"CB5 8XD",10,547987,258806,"E92000001","E19000001","E18000006","E10000003","E07000008","E05013050"
"CB5 8XE",10,549087,259801,"E92000001","E19000001","E18000006","E10000003","E07000012","E05011291"
"CB5 8XG",10,547431,259328,"E92000001","E19000001","E18000006","E10000003","E07000008","E05013050"
"CB5 8XH",10,548927,259855,"E92000001","E19000001","E18000006","E10000003","E07000012","E05011291"
"CB5 8XJ",10,548730,260077,"E92000001","E19000001","E18000006","E10000003","E07000012","E05011291"
"CB5 8XL",10,548978,259853,"E92000001","E19000001","E18000006","E10000003","E07000012","E05011291"
"CB5 8XN",10,549050,259831,"E92000001","E19000001","E18000006","E10000003","E07000012","E05011291"
"CB5 8XP",10,549081,259891,"E92000001","E19000001","E18000006","E10000003","E07000012","E05011291"
"CB5 8XQ",10,549008,259862,"E92000001","E19000001","E18000006","E10000003","E07000012","E05011291"
"CB5 8XR",10,548909,259651,"E92000001","E19000001","E18000006","E10000003","E07000012","E05011291"
"CB5 8XS",10,548905,259609,"E92000001","E19000001","E18000006","E10000003","E07000012","E05011291"
"CB5 8XT",10,548951,259549,"E92000001","E19000001","E18000006","E10000003","E07000012","E05011291"
"CB5 8XU",10,549120,259832,"E92000001","E19000001","E18000006","E10000003","E07000012","E05011291"
"CB5 8XW",10,548844,259827,"E92000001","E19000001","E18000006","E10000003","E07000012","E05011291"
"CB5 8XX",10,549201,259790,"E92000001","E19000001","E18000006","E10000003","E07000012","E05011291"
"CB5 8XY",10,549260,259813,"E92000001","E19000001","E18000006","E10000003","E07000012","E05011291"
"CB5 8YH",10,549247,259838,"E92000001","E19000001","E18000006","E10000003","E07000012","E05011291"
"CB5 8YJ",10,549248,259877,"E92000001","E19000001","E18000006","E10000003","E07000012","E05011291"
"CB5 8YN",10,549299,259859,"E92000001","E19000001","E18000006","E10000003","E07000012","E05011291"
"CB5 8ZB",10,548612,260279,"E92000001","E19000001","E18000006","E10000003","E07000012","E05011291"
"CB5 8ZD",10,547284,259494,"E92000001","E19000001","E18000006","E10000003","E07000008","E05013050"
"CB5 8ZE",10,548148,258915,"E92000001","E19000001","E18000006","E10000003","E07000008","E05013050"
"CB5 8ZF",10,548105,259546,"E92000001","E19000001","E18000006","E10000003","E07000008","E05013050"
"CB5 8ZS",10,548104,259131,"E92000001","E19000001","E18000006","E10000003","E07000008","E05013050"
"CB5 8ZT",10,546182,257043,"E92000001","E19000001","E18000006","E10000003","E07000008","E05013054"
"CB6 1AA",10,554050,280525,"E92000001","E19000001","E18000006","E10000003","E07000009","E05011565"
"CB6 1AB",10,557016,286479,"E92000001","E19000001","E18000006","E10000003","E07000009","E05011568"
"CB6 1AD",10,553920,280499,"E92000001","E19000001","E18000006","E10000003","E07000009","E05011565"
"CB6 1AE",10,553957,280614,"E92000001","E19000001","E18000006","E10000003","E07000009","E05011565"
"CB6 1AF",10,553789,280501,"E92000001","E19000001","E18000006","E10000003","E07000009","E05011565"
"CB6 1AG",10,553799,280359,"E92000001","E19000001","E18000006","E10000003","E07000009","E05011565"
"CB6 1AH",10,553809,280395,"E92000001","E19000001","E18000006","E10000003","E07000009","E05011565"
"CB6 1AJ",10,553701,280477,"E92000001","E19000001","E18000006","E10000003","E07000009","E05011565"
"CB6 1AL",10,553698,280435,"E92000001","E19000001","E18000006","E10000003","E07000009","E05011565"
"CB6 1AN",10,553493,280535,"E92000001","E19000001","E18000006","E10000003","E07000009","E05011565"
"CB6 1AP",10,553617,280543,"E92000001","E19000001","E18000006","E10000003","E07000009","E05011565"
"CB6 1AQ",10,553758,280524,"E92000001","E19000001","E18000006","E10000003","E07000009","E05011565"
"CB6 1AR",10,553600,280401,"E92000001","E19000001","E18000006","E10000003","E07000009","E05011565"
"CB6 1AS",10,553658,280325,"E92000001","E19000001","E18000006","E10000003","E07000009","E05011565"
"CB6 1AT",10,553549,280327,"E92000001","E19000001","E18000006","E10000003","E07000009","E05011565"
"CB6 1AU",10,553531,280390,"E92000001","E19000001","E18000006","E10000003","E07000009","E05011565"
"CB6 1AW",10,553660,280449,"E92000001","E19000001","E18000006","E10000003","E07000009","E05011565"
"CB6 1AX",10,553572,280526,"E92000001","E19000001","E18000006","E10000003","E07000009","E05011565"
"CB6 1AY",10,553435,280423,"E92000001","E19000001","E18000006","E10000003","E07000009","E05011565"
"CB6 1AZ",10,553458,280349,"E92000001","E19000001","E18000006","E10000003","E07000009","E05011565"
"CB6 1BA",10,553573,280661,"E92000001","E19000001","E18000006","E10000003","E07000009","E05011565"
"CB6 1BB",10,553666,280768,"E92000001","E19000001","E18000006","E10000003","E07000009","E05011565"
"CB6 1BD",10,553789,280875,"E92000001","E19000001","E18000006","E10000003","E07000009","E05011564"
"CB6 1BE",10,553781,280754,"E92000001","E19000001","E18000006","E10000003","E07000009","E05011565"
"CB6 1BF",10,554247,281038,"E92000001","E19000001","E18000006","E10000003","E07000009","E05011565"
"CB6 1BG",10,553993,280779,"E92000001","E19000001","E18000006","E10000003","E07000009","E05011565"
"CB6 1BH",10,554037,280876,"E92000001","E19000001","E18000006","E10000003","E07000009","E05011565"
"CB6 1BJ",10,553546,280439,"E92000001","E19000001","E18000006","E10000003","E07000009","E05011565"
"CB6 1BL",10,553721,280768,"E92000001","E19000001","E18000006","E10000003","E07000009","E05011565"
"CB6 1BN",10,553849,280531,"E92000001","E19000001","E18000006","E10000003","E07000009","E05011565"
"CB6 1BP",10,554598,281340,"E92000001","E19000001","E18000006","E10000003","E07000009","E05011563"
"CB6 1BQ",10,553908,280901,"E92000001","E19000001","E18000006","E10000003","E07000009","E05011565"
"CB6 1BS",10,554578,281435,"E92000001","E19000001","E18000006","E10000003","E07000009","E05011563"
"CB6 1BT",10,554536,281575,"E92000001","E19000001","E18000006","E10000003","E07000009","E05011563"
"CB6 1BU",10,554620,281651,"E92000001","E19000001","E18000006","E10000003","E07000009","E05011563"
"CB6 1BW",10,554641,281378,"E92000001","E19000001","E18000006","E10000003","E07000009","E05011563"
"CB6 1BX",10,554598,281558,"E92000001","E19000001","E18000006","E10000003","E07000009","E05011563"
"CB6 1BY",10,554606,281460,"E92000001","E19000001","E18000006","E10000003","E07000009","E05011563"
"CB6 1BZ",10,554778,281649,"E92000001","E19000001","E18000006","E10000003","E07000009","E05011563"
"CB6 1DA",10,554184,280739,"E92000001","E19000001","E18000006","E10000003","E07000009","E05011563"
"CB6 1DB",10,554173,280707,"E92000001","E19000001","E18000006","E10000003","E07000009","E05011563"
"CB6 1DD",10,554156,280806,"E92000001","E19000001","E18000006","E10000003","E07000009","E05011565"
"CB6 1DE",10,554320,280996,"E92000001","E19000001","E18000006","E10000003","E07000009","E05011563"
"CB6 1DF",10,554209,281081,"E92000001","E19000001","E18000006","E10000003","E07000009","E05011565"
"CB6 1DG",10,554371,281225,"E92000001","E19000001","E18000006","E10000003","E07000009","E05011564"
"CB6 1DH",10,554428,281219,"E92000001","E19000001","E18000006","E10000003","E07000009","E05011563"
"CB6 1DJ",10,554544,281264,"E92000001","E19000001","E18000006","E10000003","E07000009","E05011563"
"CB6 1DL",10,554490,281331,"E92000001","E19000001","E18000006","E10000003","E07000009","E05011563"
"CB6 1DN",10,554861,281894,"E92000001","E19000001","E18000006","E10000003","E07000009","E05011564"
"CB6 1DP",10,554409,281808,"E92000001","E19000001","E18000006","E10000003","E07000009","E05011564"
"CB6 1DQ",10,554483,281139,"E92000001","E19000001","E18000006","E10000003","E07000009","E05011563"
"CB6 1DR",10,554290,281230,"E92000001","E19000001","E18000006","E10000003","E07000009","E05011564"
"CB6 1DS",10,554089,281032,"E92000001","E19000001","E18000006","E10000003","E07000009","E05011565"
"CB6 1DT",10,554073,280974,"E92000001","E19000001","E18000006","E10000003","E07000009","E05011565"
"CB6 1DU",10,554090,280921,"E92000001","E19000001","E18000006","E10000003","E07000009","E05011565"
"CB6 1DW",10,554488,281624,"E92000001","E19000001","E18000006","E10000003","E07000009","E05011564"
"CB6 1DX",10,554761,281563,"E92000001","E19000001","E18000006","E10000003","E07000009","E05011563"
"CB6 1DY",10,554148,280884,"E92000001","E19000001","E18000006","E10000003","E07000009","E05011565"
"CB6 1DZ",10,554952,281583,"E92000001","E19000001","E18000006","E10000003","E07000009","E05011563"
"CB6 1EA",10,554917,281651,"E92000001","E19000001","E18000006","E10000003","E07000009","E05011563"
"CB6 1EB",10,554892,281459,"E92000001","E19000001","E18000006","E10000003","E07000009","E05011563"
"CB6 1ED",10,554836,281494,"E92000001","E19000001","E18000006","E10000003","E07000009","E05011563"
"CB6 1EE",10,558007,288235,"E92000001","E19000001","E18000006","E10000003","E07000009","E05011568"
"CB6 1EF",10,559395,290240,"E92000001","E19000001","E18000006","E10000003","E07000009","E05011568"
"CB6 1EG",10,559790,291507,"E92000001","E19000001","E18000006","E10000003","E07000009","E05011568"
"CB6 1EH",10,558563,292514,"E92000001","E19000001","E18000006","E10000020","E07000146","E05012332"
"CB6 1EJ",10,555926,291904,"E92000001","E19000001","E18000006","E10000003","E07000009","E05011568"
"CB6 1EL",10,556435,290814,"E92000001","E19000001","E18000006","E10000003","E07000009","E05011568"
"CB6 1EN",10,556512,288712,"E92000001","E19000001","E18000006","E10000003","E07000009","E05011568"
"CB6 1EQ",10,559434,291843,"E92000001","E19000001","E18000006","E10000003","E07000009","E05011568"
"CB6 1ER",10,556851,288265,"E92000001","E19000001","E18000006","E10000003","E07000009","E05011568"
"CB6 1ET",10,556711,287026,"E92000001","E19000001","E18000006","E10000003","E07000009","E05011568"
"CB6 1EW",10,556486,287748,"E92000001","E19000001","E18000006","E10000003","E07000009","E05011568"
"CB6 1EX",10,556219,286698,"E92000001","E19000001","E18000006","E10000003","E07000009","E05011568"
"CB6 1EY",10,556055,286744,"E92000001","E19000001","E18000006","E10000003","E07000009","E05011568"
"CB6 1EZ",10,557412,286681,"E92000001","E19000001","E18000006","E10000003","E07000009","E05011568"
"CB6 1FA",10,556746,286770,"E92000001","E19000001","E18000006","E10000003","E07000009","E05011568"
"CB6 1FB",10,557773,288743,"E92000001","E19000001","E18000006","E10000003","E07000009","E05011568"
"CB6 1FD",10,555962,286993,"E92000001","E19000001","E18000006","E10000003","E07000009","E05011568"
"CB6 1FE",10,557470,286419,"E92000001","E19000001","E18000006","E10000003","E07000009","E05011568"
"CB6 1FF",10,554396,281109,"E92000001","E19000001","E18000006","E10000003","E07000009","E05011563"
"CB6 1FG",10,556064,286845,"E92000001","E19000001","E18000006","E10000003","E07000009","E05011568"
"CB6 1FH",10,555994,286862,"E92000001","E19000001","E18000006","E10000003","E07000009","E05011568"
"CB6 1FJ",10,555882,286863,"E92000001","E19000001","E18000006","E10000003","E07000009","E05011568"
"CB6 1FL",10,555930,286324,"E92000001","E19000001","E18000006","E10000003","E07000009","E05011568"
"CB6 1FN",10,556020,286347,"E92000001","E19000001","E18000006","E10000003","E07000009","E05011568"
"CB6 1FP",10,556001,286609,"E92000001","E19000001","E18000006","E10000003","E07000009","E05011568"
"CB6 1FQ",10,555872,286507,"E92000001","E19000001","E18000006","E10000003","E07000009","E05011568"
"CB6 1FR",10,556013,286527,"E92000001","E19000001","E18000006","E10000003","E07000009","E05011568"
"CB6 1FS",10,555886,286387,"E92000001","E19000001","E18000006","E10000003","E07000009","E05011568"
"CB6 1FT",10,556715,286708,"E92000001","E19000001","E18000006","E10000003","E07000009","E05011568"
"CB6 1FU",10,557627,287586,"E92000001","E19000001","E18000006","E10000003","E07000009","E05011568"
"CB6 1FW",10,556087,287338,"E92000001","E19000001","E18000006","E10000003","E07000009","E05011568"
"CB6 1FX",10,553558,280453,"E92000001","E19000001","E18000006","E10000003","E07000009","E05011565"
"CB6 1FY",10,555570,287296,"E92000001","E19000001","E18000006","E10000003","E07000009","E05011568"
"CB6 1FZ",10,557110,287062,"E92000001","E19000001","E18000006","E10000003","E07000009","E05011568"
"CB6 1GA",10,556159,286342,"E92000001","E19000001","E18000006","E10000003","E07000009","E05011568"
"CB6 1GB",10,556143,286384,"E92000001","E19000001","E18000006","E10000003","E07000009","E05011568"
"CB6 1GD",10,556143,286276,"E92000001","E19000001","E18000006","E10000003","E07000009","E05011568"
"CB6 1GE",10,556257,286331,"E92000001","E19000001","E18000006","E10000003","E07000009","E05011568"
"CB6 1GF",10,556199,286431,"E92000001","E19000001","E18000006","E10000003","E07000009","E05011568"
"CB6 1GG",10,556076,286281,"E92000001","E19000001","E18000006","E10000003","E07000009","E05011568"
"CB6 1GH",10,556109,286498,"E92000001","E19000001","E18000006","E10000003","E07000009","E05011568"
"CB6 1GJ",10,555568,287341,"E92000001","E19000001","E18000006","E10000003","E07000009","E05011568"
"CB6 1GL",10,556176,286472,"E92000001","E19000001","E18000006","E10000003","E07000009","E05011568"
"CB6 1GN",10,556156,286598,"E92000001","E19000001","E18000006","E10000003","E07000009","E05011568"
"CB6 1GQ",10,557352,286220,"E92000001","E19000001","E18000006","E10000003","E07000009","E05011568"
"CB6 1GR",10,555936,286048,"E92000001","E19000001","E18000006","E10000003","E07000009","E05011568"
"CB6 1GS",10,555929,286123,"E92000001","E19000001","E18000006","E10000003","E07000009","E05011568"
"CB6 1GT",10,556322,286561,"E92000001","E19000001","E18000006","E10000003","E07000009","E05011568"
"CB6 1GU",10,556360,286518,"E92000001","E19000001","E18000006","E10000003","E07000009","E05011568"
"CB6 1GW",10,555911,286633,"E92000001","E19000001","E18000006","E10000003","E07000009","E05011568"
"CB6 1GX",10,555675,287286,"E92000001","E19000001","E18000006","E10000003","E07000009","E05011568"
"CB6 1GY",10,556403,286052,"E92000001","E19000001","E18000006","E10000003","E07000009","E05011568"
"CB6 1GZ",10,556973,286819,"E92000001","E19000001","E18000006","E10000003","E07000009","E05011568"
"CB6 1HA",10,555913,286770,"E92000001","E19000001","E18000006","E10000003","E07000009","E05011568"
"CB6 1HB",10,555916,286676,"E92000001","E19000001","E18000006","E10000003","E07000009","E05011568"
"CB6 1HD",10,556476,286679,"E92000001","E19000001","E18000006","E10000003","E07000009","E05011568"
"CB6 1HE",10,556617,286677,"E92000001","E19000001","E18000006","E10000003","E07000009","E05011568"
"CB6 1HF",10,556521,286628,"E92000001","E19000001","E18000006","E10000003","E07000009","E05011568"
"CB6 1HG",10,556439,286255,"E92000001","E19000001","E18000006","E10000003","E07000009","E05011568"
"CB6 1HH",10,556099,286622,"E92000001","E19000001","E18000006","E10000003","E07000009","E05011568"
"CB6 1HJ",10,556328,285709,"E92000001","E19000001","E18000006","E10000003","E07000009","E05011568"
"CB6 1HL",10,556301,285617,"E92000001","E19000001","E18000006","E10000003","E07000009","E05011568"
"CB6 1HN",10,556223,286202,"E92000001","E19000001","E18000006","E10000003","E07000009","E05011568"
"CB6 1HP",10,556501,285368,"E92000001","E19000001","E18000006","E10000003","E07000009","E05011568"
"CB6 1HQ",10,556373,286200,"E92000001","E19000001","E18000006","E10000003","E07000009","E05011568"
"CB6 1HR",10,556164,285755,"E92000001","E19000001","E18000006","E10000003","E07000009","E05011568"
"CB6 1HS",10,556507,286172,"E92000001","E19000001","E18000006","E10000003","E07000009","E05011568"
"CB6 1HT",10,556564,286471,"E92000001","E19000001","E18000006","E10000003","E07000009","E05011568"
"CB6 1HU",10,556652,286476,"E92000001","E19000001","E18000006","E10000003","E07000009","E05011568"
"CB6 1HW",10,556016,285937,"E92000001","E19000001","E18000006","E10000003","E07000009","E05011568"
"CB6 1HX",10,556676,286656,"E92000001","E19000001","E18000006","E10000003","E07000009","E05011568"
"CB6 1HY",10,556368,285884,"E92000001","E19000001","E18000006","E10000003","E07000009","E05011568"
"CB6 1HZ",10,556036,287205,"E92000001","E19000001","E18000006","E10000003","E07000009","E05011568"
"CB6 1JA",10,555638,287270,"E92000001","E19000001","E18000006","E10000003","E07000009","E05011568"
"CB6 1JB",10,556422,287212,"E92000001","E19000001","E18000006","E10000003","E07000009","E05011568"
"CB6 1JD",10,556219,287164,"E92000001","E19000001","E18000006","E10000003","E07000009","E05011568"
"CB6 1JE",10,556034,287023,"E92000001","E19000001","E18000006","E10000003","E07000009","E05011568"
"CB6 1JF",10,556091,286899,"E92000001","E19000001","E18000006","E10000003","E07000009","E05011568"
"CB6 1JG",10,556090,286888,"E92000001","E19000001","E18000006","E10000003","E07000009","E05011568"
"CB6 1JH",10,556492,287124,"E92000001","E19000001","E18000006","E10000003","E07000009","E05011568"
"CB6 1JJ",10,556002,287296,"E92000001","E19000001","E18000006","E10000003","E07000009","E05011568"
"CB6 1JL",10,557575,287483,"E92000001","E19000001","E18000006","E10000003","E07000009","E05011568"
"CB6 1JN",10,556326,287261,"E92000001","E19000001","E18000006","E10000003","E07000009","E05011568"
"CB6 1JP",10,555759,287169,"E92000001","E19000001","E18000006","E10000003","E07000009","E05011568"
"CB6 1JQ",10,556092,286927,"E92000001","E19000001","E18000006","E10000003","E07000009","E05011568"
"CB6 1JR",10,555870,287272,"E92000001","E19000001","E18000006","E10000003","E07000009","E05011568"
"CB6 1JS",10,555916,286954,"E92000001","E19000001","E18000006","E10000003","E07000009","E05011568"
"CB6 1JT",10,555731,286898,"E92000001","E19000001","E18000006","E10000003","E07000009","E05011568"
"CB6 1JU",10,556301,286941,"E92000001","E19000001","E18000006","E10000003","E07000009","E05011568"
"CB6 1JW",10,555662,287448,"E92000001","E19000001","E18000006","E10000003","E07000009","E05011568"
"CB6 1JX",10,556147,286928,"E92000001","E19000001","E18000006","E10000003","E07000009","E05011568"
"CB6 1JY",10,555878,287058,"E92000001","E19000001","E18000006","E10000003","E07000009","E05011568"
"CB6 1JZ",10,555837,287019,"E92000001","E19000001","E18000006","E10000003","E07000009","E05011568"
"CB6 1LA",10,555838,287136,"E92000001","E19000001","E18000006","E10000003","E07000009","E05011568"
"CB6 1LB",10,555956,287186,"E92000001","E19000001","E18000006","E10000003","E07000009","E05011568"
"CB6 1LD",10,556280,286838,"E92000001","E19000001","E18000006","E10000003","E07000009","E05011568"
"CB6 1LE",10,556257,286793,"E92000001","E19000001","E18000006","E10000003","E07000009","E05011568"
"CB6 1LF",10,556320,287060,"E92000001","E19000001","E18000006","E10000003","E07000009","E05011568"
"CB6 1LG",10,556221,287071,"E92000001","E19000001","E18000006","E10000003","E07000009","E05011568"
"CB6 1LH",10,555951,287075,"E92000001","E19000001","E18000006","E10000003","E07000009","E05011568"
"CB6 1LJ",10,555992,287360,"E92000001","E19000001","E18000006","E10000003","E07000009","E05011568"
"CB6 1LL",10,557495,286280,"E92000001","E19000001","E18000006","E10000003","E07000009","E05011568"
"CB6 1LN",10,557438,286254,"E92000001","E19000001","E18000006","E10000003","E07000009","E05011568"
"CB6 1LP",10,557110,286441,"E92000001","E19000001","E18000006","E10000003","E07000009","E05011568"
"CB6 1LQ",10,555809,287422,"E92000001","E19000001","E18000006","E10000003","E07000009","E05011568"
"CB6 1LR",10,557266,286556,"E92000001","E19000001","E18000006","E10000003","E07000009","E05011568"
"CB6 1LS",10,555964,286726,"E92000001","E19000001","E18000006","E10000003","E07000009","E05011568"
"CB6 1LT",10,557413,286480,"E92000001","E19000001","E18000006","E10000003","E07000009","E05011568"
"CB6 1LU",10,556989,286796,"E92000001","E19000001","E18000006","E10000003","E07000009","E05011568"
"CB6 1LW",10,556043,286681,"E92000001","E19000001","E18000006","E10000003","E07000009","E05011568"
"CB6 1LX",10,557017,286745,"E92000001","E19000001","E18000006","E10000003","E07000009","E05011568"
"CB6 1LY",10,557167,286714,"E92000001","E19000001","E18000006","E10000003","E07000009","E05011568"
"CB6 1LZ",10,557406,286568,"E92000001","E19000001","E18000006","E10000003","E07000009","E05011568"
"CB6 1NA",10,557383,286613,"E92000001","E19000001","E18000006","E10000003","E07000009","E05011568"
"CB6 1NB",10,556999,286865,"E92000001","E19000001","E18000006","E10000003","E07000009","E05011568"
"CB6 1ND",10,557039,286792,"E92000001","E19000001","E18000006","E10000003","E07000009","E05011568"
"CB6 1NE",10,556889,286845,"E92000001","E19000001","E18000006","E10000003","E07000009","E05011568"
"CB6 1NF",10,556979,286870,"E92000001","E19000001","E18000006","E10000003","E07000009","E05011568"
"CB6 1NG",10,557173,286777,"E92000001","E19000001","E18000006","E10000003","E07000009","E05011568"
"CB6 1NH",10,557129,286853,"E92000001","E19000001","E18000006","E10000003","E07000009","E05011568"
"CB6 1NJ",10,557133,286764,"E92000001","E19000001","E18000006","E10000003","E07000009","E05011568"
"CB6 1NL",10,557167,286584,"E92000001","E19000001","E18000006","E10000003","E07000009","E05011568"
"CB6 1NN",10,556988,286711,"E92000001","E19000001","E18000006","E10000003","E07000009","E05011568"
"CB6 1NP",10,556686,286575,"E92000001","E19000001","E18000006","E10000003","E07000009","E05011568"
"CB6 1NQ",10,557328,286732,"E92000001","E19000001","E18000006","E10000003","E07000009","E05011568"
"CB6 1NR",10,556706,286668,"E92000001","E19000001","E18000006","E10000003","E07000009","E05011568"
"CB6 1NS",10,557503,286355,"E92000001","E19000001","E18000006","E10000003","E07000009","E05011568"
"CB6 1NT",10,557589,286347,"E92000001","E19000001","E18000006","E10000003","E07000009","E05011568"
"CB6 1NU",10,556799,286615,"E92000001","E19000001","E18000006","E10000003","E07000009","E05011568"
"CB6 1NW",10,556820,286668,"E92000001","E19000001","E18000006","E10000003","E07000009","E05011568"
"CB6 1NX",10,557149,286507,"E92000001","E19000001","E18000006","E10000003","E07000009","E05011568"
"CB6 1NY",10,557336,286462,"E92000001","E19000001","E18000006","E10000003","E07000009","E05011568"
"CB6 1NZ",10,556857,286443,"E92000001","E19000001","E18000006","E10000003","E07000009","E05011568"
"CB6 1PA",10,556934,286839,"E92000001","E19000001","E18000006","E10000003","E07000009","E05011568"
"CB6 1PB",10,555874,286677,"E92000001","E19000001","E18000006","E10000003","E07000009","E05011568"
"CB6 1PD",10,556960,286532,"E92000001","E19000001","E18000006","E10000003","E07000009","E05011568"
"CB6 1PE",10,555194,287526,"E92000001","E19000001","E18000006","E10000003","E07000009","E05011568"
"CB6 1PF",10,556687,286773,"E92000001","E19000001","E18000006","E10000003","E07000009","E05011568"
"CB6 1PG",10,557011,286628,"E92000001","E19000001","E18000006","E10000003","E07000009","E05011568"
"CB6 1PH",10,556779,286792,"E92000001","E19000001","E18000006","E10000003","E07000009","E05011568"
"CB6 1PJ",10,556805,286808,"E92000001","E19000001","E18000006","E10000003","E07000009","E05011568"
"CB6 1PL",10,556804,286874,"E92000001","E19000001","E18000006","E10000003","E07000009","E05011568"
"CB6 1PN",10,556814,286918,"E92000001","E19000001","E18000006","E10000003","E07000009","E05011568"
"CB6 1PP",10,556691,286891,"E92000001","E19000001","E18000006","E10000003","E07000009","E05011568"
"CB6 1PQ",10,556860,286850,"E92000001","E19000001","E18000006","E10000003","E07000009","E05011568"
"CB6 1PR",10,556662,287009,"E92000001","E19000001","E18000006","E10000003","E07000009","E05011568"
"CB6 1PS",10,556651,286881,"E92000001","E19000001","E18000006","E10000003","E07000009","E05011568"
"CB6 1PT",10,556517,286888,"E92000001","E19000001","E18000006","E10000003","E07000009","E05011568"
"CB6 1PU",10,556634,287252,"E92000001","E19000001","E18000006","E10000003","E07000009","E05011568"
"CB6 1PW",10,556755,286867,"E92000001","E19000001","E18000006","E10000003","E07000009","E05011568"
"CB6 1PX",10,556706,287252,"E92000001","E19000001","E18000006","E10000003","E07000009","E05011568"
"CB6 1PY",10,556787,287243,"E92000001","E19000001","E18000006","E10000003","E07000009","E05011568"
"CB6 1PZ",10,556748,287053,"E92000001","E19000001","E18000006","E10000003","E07000009","E05011568"
"CB6 1QA",10,556896,287008,"E92000001","E19000001","E18000006","E10000003","E07000009","E05011568"
"CB6 1QD",10,556931,287073,"E92000001","E19000001","E18000006","E10000003","E07000009","E05011568"
"CB6 1QE",10,556998,286905,"E92000001","E19000001","E18000006","E10000003","E07000009","E05011568"
"CB6 1QF",10,557345,287121,"E92000001","E19000001","E18000006","E10000003","E07000009","E05011568"
"CB6 1QG",10,557607,287552,"E92000001","E19000001","E18000006","E10000003","E07000009","E05011568"
"CB6 1QH",10,557153,287044,"E92000001","E19000001","E18000006","E10000003","E07000009","E05011568"
"CB6 1QJ",10,556905,286979,"E92000001","E19000001","E18000006","E10000003","E07000009","E05011568"
"CB6 1QL",10,556727,286733,"E92000001","E19000001","E18000006","E10000003","E07000009","E05011568"
"CB6 1QQ",10,556492,286761,"E92000001","E19000001","E18000006","E10000003","E07000009","E05011568"
"CB6 1QX",10,554530,281866,"E92000001","E19000001","E18000006","E10000003","E07000009","E05011564"
"CB6 1QZ",10,555082,286173,"E92000001","E19000001","E18000006","E10000003","E07000009","E05011568"
"CB6 1RA",10,554787,287716,"E92000001","E19000001","E18000006","E10000003","E07000009","E05011568"
"CB6 1RD",10,554724,287703,"E92000001","E19000001","E18000006","E10000003","E07000009","E05011568"
"CB6 1RG",10,553803,288713,"E92000001","E19000001","E18000006","E10000003","E07000009","E05011568"
"CB6 1RH",10,554705,288159,"E92000001","E19000001","E18000006","E10000003","E07000009","E05011568"
"CB6 1RJ",10,554072,288339,"E92000001","E19000001","E18000006","E10000003","E07000009","E05011568"
"CB6 1RL",10,554971,290112,"E92000001","E19000001","E18000006","E10000003","E07000009","E05011568"
"CB6 1RN",10,553573,288594,"E92000001","E19000001","E18000006","E10000003","E07000009","E05011568"
"CB6 1RP",10,553958,289401,"E92000001","E19000001","E18000006","E10000003","E07000009","E05011568"
"CB6 1RQ",10,553262,290133,"E92000001","E19000001","E18000006","E10000003","E07000009","E05011568"
"CB6 1RR",10,554537,291381,"E92000001","E19000001","E18000006","E10000003","E07000009","E05011568"
"CB6 1RS",10,555004,285748,"E92000001","E19000001","E18000006","E10000003","E07000009","E05011568"
"CB6 1RT",10,556652,284650,"E92000001","E19000001","E18000006","E10000003","E07000009","E05011568"
"CB6 1RU",10,555586,283851,"E92000001","E19000001","E18000006","E10000003","E07000009","E05011564"
"CB6 1RW",10,554057,289603,"E92000001","E19000001","E18000006","E10000003","E07000009","E05011568"
"CB6 1RX",10,555007,283514,"E92000001","E19000001","E18000006","E10000003","E07000009","E05011564"
"CB6 1RY",10,554874,283047,"E92000001","E19000001","E18000006","E10000003","E07000009","E05011564"
"CB6 1RZ",10,554947,283118,"E92000001","E19000001","E18000006","E10000003","E07000009","E05011564"
"CB6 1SA",10,554732,282921,"E92000001","E19000001","E18000006","E10000003","E07000009","E05011564"
"CB6 1SB",10,554773,283180,"E92000001","E19000001","E18000006","E10000003","E07000009","E05011564"
"CB6 1SD",10,554571,281899,"E92000001","E19000001","E18000006","E10000003","E07000009","E05011564"
"CB6 1SE",10,555295,287570,"E92000001","E19000001","E18000006","E10000003","E07000009","E05011568"
"CB6 1SF",10,555829,285014,"E92000001","E19000001","E18000006","E10000003","E07000009","E05011568"
"CB6 1SG",10,554285,282912,"E92000001","E19000001","E18000006","E10000003","E07000009","E05011564"
"CB6 1SP",10,554728,282551,"E92000001","E19000001","E18000006","E10000003","E07000009","E05011564"
"CB6 1SQ",10,555850,286151,"E92000001","E19000001","E18000006","E10000003","E07000009","E05011568"
"CB6 1SS",10,555681,286161,"E92000001","E19000001","E18000006","E10000003","E07000009","E05011568"
"CB6 1ST",10,552846,290948,"E92000001","E19000001","E18000006","E10000003","E07000009","E05011568"
"CB6 1SX",10,555748,286070,"E92000001","E19000001","E18000006","E10000003","E07000009","E05011568"
"CB6 1SY",10,555777,286180,"E92000001","E19000001","E18000006","E10000003","E07000009","E05011568"
"CB6 1TA",10,553859,280413,"E92000001","E19000001","E18000006","E10000003","E07000009","E05011565"
"CB6 1TB",10,555593,286104,"E92000001","E19000001","E18000006","E10000003","E07000009","E05011568"
"CB6 1TD",10,555054,281535,"E92000001","E19000001","E18000006","E10000003","E07000009","E05011563"
"CB6 1TE",10,553542,280621,"E92000001","E19000001","E18000006","E10000003","E07000009","E05011565"
"CB6 1TF",10,555576,286188,"E92000001","E19000001","E18000006","E10000003","E07000009","E05011568"
"CB6 1TG",10,556595,287171,"E92000001","E19000001","E18000006","E10000003","E07000009","E05011568"
"CB6 1TH",10,555017,281446,"E92000001","E19000001","E18000006","E10000003","E07000009","E05011563"
"CB6 1TJ",10,554931,281460,"E92000001","E19000001","E18000006","E10000003","E07000009","E05011563"
"CB6 1TL",10,554962,281454,"E92000001","E19000001","E18000006","E10000003","E07000009","E05011563"
"CB6 1TN",10,555464,286189,"E92000001","E19000001","E18000006","E10000003","E07000009","E05011568"
"CB6 1TP",10,554038,280690,"E92000001","E19000001","E18000006","E10000003","E07000009","E05011565"
"CB6 1TQ",10,555428,286057,"E92000001","E19000001","E18000006","E10000003","E07000009","E05011568"
"CB6 1TR",10,555436,286052,"E92000001","E19000001","E18000006","E10000003","E07000009","E05011568"
"CB6 1TS",10,556969,286475,"E92000001","E19000001","E18000006","E10000003","E07000009","E05011568"
"CB6 1TT",10,556366,285867,"E92000001","E19000001","E18000006","E10000003","E07000009","E05011568"
"CB6 1TU",10,559518,291785,"E92000001","E19000001","E18000006","E10000003","E07000009","E05011568"
"CB6 1TW",10,555552,287496,"E92000001","E19000001","E18000006","E10000003","E07000009","E05011568"
"CB6 1TX",10,553357,292104,"E92000001","E19000001","E18000006","E10000003","E07000009","E05011568"
"CB6 1TY",10,553418,292635,"E92000001","E19000001","E18000006","E10000020","E07000146","E05012351"
"CB6 1TZ",10,553585,292860,"E92000001","E19000001","E18000006","E10000020","E07000146","E05012351"
"CB6 1UF",10,553746,293069,"E92000001","E19000001","E18000006","E10000020","E07000146","E05012351"
"CB6 1UG",10,554719,294604,"E92000001","E19000001","E18000006","E10000020","E07000146","E05012351"
"CB6 1UH",10,556001,296637,"E92000001","E19000001","E18000006","E10000020","E07000146","E05012351"
"CB6 1WA",10,554628,280226,"E92000001","E19000001","E18000006","E10000003","E07000009","E05011563"
"CB6 1WD",10,554628,280226,"E92000001","E19000001","E18000006","E10000003","E07000009","E05011563"
"CB6 1XD",10,556585,286284,"E92000001","E19000001","E18000006","E10000003","E07000009","E05011568"
"CB6 1XH",10,556637,286361,"E92000001","E19000001","E18000006","E10000003","E07000009","E05011568"
"CB6 1XX",10,555319,286687,"E92000001","E19000001","E18000006","E10000003","E07000009","E05011568"
"CB6 2AA",10,546510,279079,"E92000001","E19000001","E18000006","E10000003","E07000009","E05011572"
"CB6 2AB",10,545765,279203,"E92000001","E19000001","E18000006","E10000003","E07000009","E05011572"
"CB6 2AE",10,545700,280483,"E92000001","E19000001","E18000006","E10000003","E07000009","E05011572"
"CB6 2AF",10,545259,280471,"E92000001","E19000001","E18000006","E10000003","E07000009","E05011572"
"CB6 2AG",10,544540,280464,"E92000001","E19000001","E18000006","E10000003","E07000009","E05011572"
"CB6 2AH",10,544103,280602,"E92000001","E19000001","E18000006","E10000003","E07000009","E05011572"
"CB6 2AJ",10,544174,280939,"E92000001","E19000001","E18000006","E10000003","E07000009","E05011572"
"CB6 2AL",10,543990,280841,"E92000001","E19000001","E18000006","E10000003","E07000009","E05011572"
"CB6 2AN",10,544005,280971,"E92000001","E19000001","E18000006","E10000003","E07000009","E05011572"
"CB6 2AP",10,544478,280992,"E92000001","E19000001","E18000006","E10000003","E07000009","E05011572"
"CB6 2AQ",10,544167,280691,"E92000001","E19000001","E18000006","E10000003","E07000009","E05011572"
"CB6 2AR",10,544240,281154,"E92000001","E19000001","E18000006","E10000003","E07000009","E05011572"
"CB6 2AT",10,543914,281291,"E92000001","E19000001","E18000006","E10000003","E07000009","E05011572"
"CB6 2AU",10,543417,281067,"E92000001","E19000001","E18000006","E10000003","E07000009","E05011572"
"CB6 2AW",10,544299,280838,"E92000001","E19000001","E18000006","E10000003","E07000009","E05011572"
"CB6 2AX",10,544292,282436,"E92000001","E19000001","E18000006","E10000003","E07000009","E05011572"
"CB6 2AY",10,542331,283319,"E92000001","E19000001","E18000006","E10000003","E07000010","E05015421"
"CB6 2AZ",10,542701,282346,"E92000001","E19000001","E18000006","E10000003","E07000009","E05011572"
"CB6 2BB",10,543262,279094,"E92000001","E19000001","E18000006","E10000003","E07000009","E05011572"
"CB6 2BD",10,542951,279616,"E92000001","E19000001","E18000006","E10000003","E07000009","E05011572"
"CB6 2BE",10,542339,279970,"E92000001","E19000001","E18000006","E10000003","E07000009","E05011572"
"CB6 2BG",10,542037,280842,"E92000001","E19000001","E18000006","E10000003","E07000009","E05011572"
"CB6 2BH",10,542125,279465,"E92000001","E19000001","E18000006","E10000003","E07000009","E05011572"
"CB6 2BJ",10,540888,279008,"E92000001","E19000001","E18000006","E10000003","E07000009","E05011572"
"CB6 2BN",10,544356,280745,"E92000001","E19000001","E18000006","E10000003","E07000009","E05011572"
"CB6 2BP",10,544257,280726,"E92000001","E19000001","E18000006","E10000003","E07000009","E05011572"
"CB6 2BQ",10,540255,281107,"E92000001","E19000001","E18000006","E10000003","E07000009","E05011572"
"CB6 2BS",10,544686,279341,"E92000001","E19000001","E18000006","E10000003","E07000009","E05011572"
"CB6 2BT",10,544251,280667,"E92000001","E19000001","E18000006","E10000003","E07000009","E05011572"
"CB6 2BU",10,546896,281956,"E92000001","E19000001","E18000006","E10000003","E07000009","E05011562"
"CB6 2BW",10,542809,282580,"E92000001","E19000001","E18000006","E10000003","E07000009","E05011572"
"CB6 2BY",10,544264,280922,"E92000001","E19000001","E18000006","E10000003","E07000009","E05011572"
"CB6 2BZ",10,552409,281031,"E92000001","E19000001","E18000006","E10000003","E07000009","E05011562"
"CB6 2DA",10,550695,281947,"E92000001","E19000001","E18000006","E10000003","E07000009","E05011562"
"CB6 2DB",10,549014,282018,"E92000001","E19000001","E18000006","E10000003","E07000009","E05011562"
"CB6 2DD",10,546811,282252,"E92000001","E19000001","E18000006","E10000003","E07000009","E05011562"
"CB6 2DE",10,546921,282117,"E92000001","E19000001","E18000006","E10000003","E07000009","E05011562"
"CB6 2DF",10,547287,282176,"E92000001","E19000001","E18000006","E10000003","E07000009","E05011562"
"CB6 2DG",10,548077,281785,"E92000001","E19000001","E18000006","E10000003","E07000009","E05011562"
"CB6 2DH",10,548540,281651,"E92000001","E19000001","E18000006","E10000003","E07000009","E05011562"
"CB6 2DJ",10,548824,282092,"E92000001","E19000001","E18000006","E10000003","E07000009","E05011562"
"CB6 2DL",10,548830,282128,"E92000001","E19000001","E18000006","E10000003","E07000009","E05011562"
"CB6 2DN",10,549039,282495,"E92000001","E19000001","E18000006","E10000003","E07000009","E05011562"
"CB6 2DP",10,548561,284024,"E92000001","E19000001","E18000006","E10000003","E07000009","E05011562"
"CB6 2DQ",10,548329,281216,"E92000001","E19000001","E18000006","E10000003","E07000009","E05011562"
"CB6 2DR",10,548429,284766,"E92000001","E19000001","E18000006","E10000003","E07000009","E05011562"
"CB6 2DS",10,546915,282021,"E92000001","E19000001","E18000006","E10000003","E07000009","E05011562"
"CB6 2DT",10,549984,283743,"E92000001","E19000001","E18000006","E10000003","E07000009","E05011562"
"CB6 2DU",10,550878,284191,"E92000001","E19000001","E18000006","E10000003","E07000009","E05011562"
"CB6 2DW",10,548659,283690,"E92000001","E19000001","E18000006","E10000003","E07000009","E05011562"
"CB6 2DX",10,550722,284227,"E92000001","E19000001","E18000006","E10000003","E07000009","E05011562"
"CB6 2DY",10,549798,285972,"E92000001","E19000001","E18000006","E10000003","E07000009","E05011562"
"CB6 2DZ",10,548560,286142,"E92000001","E19000001","E18000006","E10000003","E07000009","E05011562"
"CB6 2EA",10,552296,283785,"E92000001","E19000001","E18000006","E10000003","E07000009","E05011562"
"CB6 2EB",10,548644,286366,"E92000001","E19000001","E18000006","E10000003","E07000009","E05011562"
"CB6 2ED",10,549707,286266,"E92000001","E19000001","E18000006","E10000003","E07000009","E05011562"
"CB6 2EE",10,549809,286390,"E92000001","E19000001","E18000006","E10000003","E07000009","E05011562"
"CB6 2EF",10,550441,286413,"E92000001","E19000001","E18000006","E10000003","E07000009","E05011562"
"CB6 2EG",10,549917,286701,"E92000001","E19000001","E18000006","E10000003","E07000009","E05011562"
"CB6 2EH",10,550829,288043,"E92000001","E19000001","E18000006","E10000003","E07000009","E05011562"
"CB6 2EJ",10,550764,289152,"E92000001","E19000001","E18000006","E10000003","E07000009","E05011562"
"CB6 2EL",10,551919,290500,"E92000001","E19000001","E18000006","E10000003","E07000009","E05011562"
"CB6 2EN",10,551606,288523,"E92000001","E19000001","E18000006","E10000003","E07000009","E05011562"
"CB6 2EP",10,552116,288164,"E92000001","E19000001","E18000006","E10000003","E07000009","E05011562"
"CB6 2EQ",10,550924,287536,"E92000001","E19000001","E18000006","E10000003","E07000009","E05011562"
"CB6 2ER",10,552151,287272,"E92000001","E19000001","E18000006","E10000003","E07000009","E05011562"
"CB6 2ES",10,552732,286916,"E92000001","E19000001","E18000006","E10000003","E07000009","E05011562"
"CB6 2EU",10,549629,286352,"E92000001","E19000001","E18000006","E10000003","E07000009","E05011562"
"CB6 2EW",10,551526,287595,"E92000001","E19000001","E18000006","E10000003","E07000009","E05011562"
"CB6 2EY",10,543562,278558,"E92000001","E19000001","E18000006","E10000003","E07000009","E05011572"
"CB6 2EZ",10,552089,283928,"E92000001","E19000001","E18000006","E10000003","E07000009","E05011562"
"CB6 2FA",10,550072,278576,"E92000001","E19000001","E18000006","E10000003","E07000009","E05011571"
"CB6 2FB",10,544230,278701,"E92000001","E19000001","E18000006","E10000003","E07000009","E05011572"
"CB6 2FD",10,544493,279073,"E92000001","E19000001","E18000006","E10000003","E07000009","E05011572"
"CB6 2FE",10,553236,281519,"E92000001","E19000001","E18000006","E10000003","E07000009","E05011565"
"CB6 2FF",10,543590,282755,"E92000001","E19000001","E18000006","E10000003","E07000009","E05011572"
"CB6 2FG",10,554202,281569,"E92000001","E19000001","E18000006","E10000003","E07000009","E05011564"
"CB6 2FH",10,550603,278350,"E92000001","E19000001","E18000006","E10000003","E07000009","E05011571"
"CB6 2FJ",10,546478,282242,"E92000001","E19000001","E18000006","E10000003","E07000009","E05011562"
"CB6 2FN",10,554108,281551,"E92000001","E19000001","E18000006","E10000003","E07000009","E05011564"
"CB6 2FP",10,554361,281586,"E92000001","E19000001","E18000006","E10000003","E07000009","E05011564"
"CB6 2FQ",10,554201,281520,"E92000001","E19000001","E18000006","E10000003","E07000009","E05011564"
"CB6 2FR",10,554408,281674,"E92000001","E19000001","E18000006","E10000003","E07000009","E05011564"
"CB6 2FS",10,554381,281508,"E92000001","E19000001","E18000006","E10000003","E07000009","E05011564"
"CB6 2FT",10,554316,281666,"E92000001","E19000001","E18000006","E10000003","E07000009","E05011564"
"CB6 2FU",10,553857,281605,"E92000001","E19000001","E18000006","E10000003","E07000009","E05011564"
"CB6 2FW",10,553989,281536,"E92000001","E19000001","E18000006","E10000003","E07000009","E05011564"
"CB6 2FX",10,549104,278710,"E92000001","E19000001","E18000006","E10000003","E07000009","E05011571"
"CB6 2FY",10,548328,280858,"E92000001","E19000001","E18000006","E10000003","E07000009","E05011572"
"CB6 2FZ",10,545355,278685,"E92000001","E19000001","E18000006","E10000003","E07000009","E05011572"
"CB6 2GA",10,550086,279017,"E92000001","E19000001","E18000006","E10000003","E07000009","E05011571"
"CB6 2GB",10,550147,278983,"E92000001","E19000001","E18000006","E10000003","E07000009","E05011571"
"CB6 2GD",10,549980,279174,"E92000001","E19000001","E18000006","E10000003","E07000009","E05011571"
"CB6 2GE",10,549933,279165,"E92000001","E19000001","E18000006","E10000003","E07000009","E05011571"
"CB6 2GF",10,549982,279244,"E92000001","E19000001","E18000006","E10000003","E07000009","E05011571"
"CB6 2GG",10,549819,279131,"E92000001","E19000001","E18000006","E10000003","E07000009","E05011571"
"CB6 2GH",10,544065,280743,"E92000001","E19000001","E18000006","E10000003","E07000009","E05011572"
"CB6 2GJ",10,543984,280681,"E92000001","E19000001","E18000006","E10000003","E07000009","E05011572"
"CB6 2GL",10,544493,279440,"E92000001","E19000001","E18000006","E10000003","E07000009","E05011572"
"CB6 2GN",10,544501,279475,"E92000001","E19000001","E18000006","E10000003","E07000009","E05011572"
"CB6 2GP",10,553598,284159,"E92000001","E19000001","E18000006","E10000003","E07000009","E05011562"
"CB6 2GQ",10,544429,279363,"E92000001","E19000001","E18000006","E10000003","E07000009","E05011572"
"CB6 2GR",10,544403,279405,"E92000001","E19000001","E18000006","E10000003","E07000009","E05011572"
"CB6 2GW",10,546578,280191,"E92000001","E19000001","E18000006","E10000003","E07000009","E05011572"
"CB6 2GY",10,549615,286402,"E92000001","E19000001","E18000006","E10000003","E07000009","E05011562"
"CB6 2GZ",10,550280,279284,"E92000001","E19000001","E18000006","E10000003","E07000009","E05011571"
"CB6 2HA",10,549459,278748,"E92000001","E19000001","E18000006","E10000003","E07000009","E05011571"
"CB6 2HB",10,550358,279246,"E92000001","E19000001","E18000006","E10000003","E07000009","E05011571"
"CB6 2HD",10,550471,279214,"E92000001","E19000001","E18000006","E10000003","E07000009","E05011571"
"CB6 2HF",10,550039,279250,"E92000001","E19000001","E18000006","E10000003","E07000009","E05011571"
"CB6 2HG",10,550671,278680,"E92000001","E19000001","E18000006","E10000003","E07000009","E05011571"
"CB6 2HH",10,550324,278911,"E92000001","E19000001","E18000006","E10000003","E07000009","E05011571"
"CB6 2HJ",10,550587,278820,"E92000001","E19000001","E18000006","E10000003","E07000009","E05011571"
"CB6 2HL",10,551090,278734,"E92000001","E19000001","E18000006","E10000003","E07000009","E05011565"
"CB6 2HN",10,550697,278621,"E92000001","E19000001","E18000006","E10000003","E07000009","E05011571"
"CB6 2HP",10,549752,278810,"E92000001","E19000001","E18000006","E10000003","E07000009","E05011571"
"CB6 2HQ",10,550197,278830,"E92000001","E19000001","E18000006","E10000003","E07000009","E05011571"
"CB6 2HR",10,549589,278965,"E92000001","E19000001","E18000006","E10000003","E07000009","E05011571"
"CB6 2HS",10,549538,278700,"E92000001","E19000001","E18000006","E10000003","E07000009","E05011571"
"CB6 2HT",10,549364,278833,"E92000001","E19000001","E18000006","E10000003","E07000009","E05011571"
"CB6 2HU",10,549479,278940,"E92000001","E19000001","E18000006","E10000003","E07000009","E05011571"
"CB6 2HX",10,548981,278780,"E92000001","E19000001","E18000006","E10000003","E07000009","E05011571"
"CB6 2HY",10,550089,279234,"E92000001","E19000001","E18000006","E10000003","E07000009","E05011571"
"CB6 2HZ",10,549934,279584,"E92000001","E19000001","E18000006","E10000003","E07000009","E05011571"
"CB6 2JA",10,550532,279169,"E92000001","E19000001","E18000006","E10000003","E07000009","E05011571"
"CB6 2JB",10,550375,279040,"E92000001","E19000001","E18000006","E10000003","E07000009","E05011571"
"CB6 2JD",10,550550,279092,"E92000001","E19000001","E18000006","E10000003","E07000009","E05011571"
"CB6 2JE",10,550341,278224,"E92000001","E19000001","E18000006","E10000003","E07000009","E05011571"
"CB6 2JF",10,550954,277226,"E92000001","E19000001","E18000006","E10000003","E07000009","E05011571"
"CB6 2JG",10,549701,278920,"E92000001","E19000001","E18000006","E10000003","E07000009","E05011571"
"CB6 2JH",10,550167,279074,"E92000001","E19000001","E18000006","E10000003","E07000009","E05011571"
"CB6 2JJ",10,550499,278924,"E92000001","E19000001","E18000006","E10000003","E07000009","E05011571"
"CB6 2JL",10,550814,279432,"E92000001","E19000001","E18000006","E10000003","E07000009","E05011571"
"CB6 2JN",10,550769,278617,"E92000001","E19000001","E18000006","E10000003","E07000009","E05011571"
"CB6 2JP",10,550057,278886,"E92000001","E19000001","E18000006","E10000003","E07000009","E05011571"
"CB6 2JQ",10,549632,279005,"E92000001","E19000001","E18000006","E10000003","E07000009","E05011571"
"CB6 2JR",10,549762,278704,"E92000001","E19000001","E18000006","E10000003","E07000009","E05011571"
"CB6 2JS",10,550730,278479,"E92000001","E19000001","E18000006","E10000003","E07000009","E05011571"
"CB6 2JT",10,550662,278478,"E92000001","E19000001","E18000006","E10000003","E07000009","E05011571"
"CB6 2JU",10,550771,278522,"E92000001","E19000001","E18000006","E10000003","E07000009","E05011571"
"CB6 2JW",10,550472,278979,"E92000001","E19000001","E18000006","E10000003","E07000009","E05011571"
"CB6 2JX",10,550009,278869,"E92000001","E19000001","E18000006","E10000003","E07000009","E05011571"
"CB6 2LA",10,546337,279866,"E92000001","E19000001","E18000006","E10000003","E07000009","E05011572"
"CB6 2LB",10,546312,280168,"E92000001","E19000001","E18000006","E10000003","E07000009","E05011572"
"CB6 2LD",10,546057,280405,"E92000001","E19000001","E18000006","E10000003","E07000009","E05011572"
"CB6 2LE",10,546157,280810,"E92000001","E19000001","E18000006","E10000003","E07000009","E05011572"
"CB6 2LF",10,546167,279940,"E92000001","E19000001","E18000006","E10000003","E07000009","E05011572"
"CB6 2LG",10,546013,279917,"E92000001","E19000001","E18000006","E10000003","E07000009","E05011572"
"CB6 2LH",10,546660,280087,"E92000001","E19000001","E18000006","E10000003","E07000009","E05011572"
"CB6 2LJ",10,546834,280202,"E92000001","E19000001","E18000006","E10000003","E07000009","E05011572"
"CB6 2LL",10,546517,280246,"E92000001","E19000001","E18000006","E10000003","E07000009","E05011572"
"CB6 2LN",10,546578,280381,"E92000001","E19000001","E18000006","E10000003","E07000009","E05011572"
"CB6 2LP",10,546820,279957,"E92000001","E19000001","E18000006","E10000003","E07000009","E05011572"
"CB6 2LQ",10,546526,280019,"E92000001","E19000001","E18000006","E10000003","E07000009","E05011572"
"CB6 2LR",10,546100,279874,"E92000001","E19000001","E18000006","E10000003","E07000009","E05011572"
"CB6 2LU",10,549225,278729,"E92000001","E19000001","E18000006","E10000003","E07000009","E05011571"
"CB6 2LX",10,550453,278693,"E92000001","E19000001","E18000006","E10000003","E07000009","E05011571"
"CB6 2LY",10,548988,282313,"E92000001","E19000001","E18000006","E10000003","E07000009","E05011562"
"CB6 2NA",10,544621,278771,"E92000001","E19000001","E18000006","E10000003","E07000009","E05011572"
"CB6 2NB",10,543962,278675,"E92000001","E19000001","E18000006","E10000003","E07000009","E05011572"
"CB6 2ND",10,543754,278618,"E92000001","E19000001","E18000006","E10000003","E07000009","E05011572"
"CB6 2NE",10,544476,278698,"E92000001","E19000001","E18000006","E10000003","E07000009","E05011572"
"CB6 2NF",10,544606,278624,"E92000001","E19000001","E18000006","E10000003","E07000009","E05011572"
"CB6 2NG",10,544613,278706,"E92000001","E19000001","E18000006","E10000003","E07000009","E05011572"
"CB6 2NH",10,544694,278706,"E92000001","E19000001","E18000006","E10000003","E07000009","E05011572"
"CB6 2NJ",10,544759,278601,"E92000001","E19000001","E18000006","E10000003","E07000009","E05011572"
"CB6 2NL",10,544373,278780,"E92000001","E19000001","E18000006","E10000003","E07000009","E05011572"
"CB6 2NN",10,544385,278758,"E92000001","E19000001","E18000006","E10000003","E07000009","E05011572"
"CB6 2NP",10,544007,278683,"E92000001","E19000001","E18000006","E10000003","E07000009","E05011572"
"CB6 2NQ",10,544518,278762,"E92000001","E19000001","E18000006","E10000003","E07000009","E05011572"
"CB6 2NR",10,543719,278725,"E92000001","E19000001","E18000006","E10000003","E07000009","E05011572"
"CB6 2NS",10,543948,278645,"E92000001","E19000001","E18000006","E10000003","E07000009","E05011572"
"CB6 2NT",10,543872,278843,"E92000001","E19000001","E18000006","E10000003","E07000009","E05011572"
"CB6 2NU",10,543774,278816,"E92000001","E19000001","E18000006","E10000003","E07000009","E05011572"
"CB6 2NW",10,544078,278752,"E92000001","E19000001","E18000006","E10000003","E07000009","E05011572"
"CB6 2NX",10,543681,278586,"E92000001","E19000001","E18000006","E10000003","E07000009","E05011572"
"CB6 2NY",10,543378,278574,"E92000001","E19000001","E18000006","E10000003","E07000009","E05011572"
"CB6 2NZ",10,543157,278595,"E92000001","E19000001","E18000006","E10000003","E07000009","E05011572"
"CB6 2PA",10,542848,278358,"E92000001","E19000001","E18000006","E10000003","E07000009","E05011572"
"CB6 2PB",10,543651,278493,"E92000001","E19000001","E18000006","E10000003","E07000009","E05011572"
"CB6 2PD",10,544160,278620,"E92000001","E19000001","E18000006","E10000003","E07000009","E05011572"
"CB6 2PE",10,543506,278547,"E92000001","E19000001","E18000006","E10000003","E07000009","E05011572"
"CB6 2PG",10,544097,278688,"E92000001","E19000001","E18000006","E10000003","E07000009","E05011572"
"CB6 2PH",10,544419,278929,"E92000001","E19000001","E18000006","E10000003","E07000009","E05011572"
"CB6 2PJ",10,543867,278684,"E92000001","E19000001","E18000006","E10000003","E07000009","E05011572"
"CB6 2PL",10,543790,278632,"E92000001","E19000001","E18000006","E10000003","E07000009","E05011572"
"CB6 2PP",10,544342,278914,"E92000001","E19000001","E18000006","E10000003","E07000009","E05011572"
"CB6 2PQ",10,544407,278639,"E92000001","E19000001","E18000006","E10000003","E07000009","E05011572"
"CB6 2PR",10,544498,278941,"E92000001","E19000001","E18000006","E10000003","E07000009","E05011572"
"CB6 2PS",10,544450,278997,"E92000001","E19000001","E18000006","E10000003","E07000009","E05011572"
"CB6 2PT",10,544414,279119,"E92000001","E19000001","E18000006","E10000003","E07000009","E05011572"
"CB6 2PU",10,544533,279123,"E92000001","E19000001","E18000006","E10000003","E07000009","E05011572"
"CB6 2PW",10,543597,278583,"E92000001","E19000001","E18000006","E10000003","E07000009","E05011572"
"CB6 2PX",10,544438,279225,"E92000001","E19000001","E18000006","E10000003","E07000009","E05011572"
"CB6 2PY",10,544547,279004,"E92000001","E19000001","E18000006","E10000003","E07000009","E05011572"
"CB6 2PZ",10,544658,279261,"E92000001","E19000001","E18000006","E10000003","E07000009","E05011572"
"CB6 2QA",10,544551,279341,"E92000001","E19000001","E18000006","E10000003","E07000009","E05011572"
"CB6 2QB",10,544774,279378,"E92000001","E19000001","E18000006","E10000003","E07000009","E05011572"
"CB6 2QD",10,544895,279231,"E92000001","E19000001","E18000006","E10000003","E07000009","E05011572"
"CB6 2QE",10,545375,279789,"E92000001","E19000001","E18000006","E10000003","E07000009","E05011572"
"CB6 2QF",10,544761,279250,"E92000001","E19000001","E18000006","E10000003","E07000009","E05011572"
"CB6 2QG",10,544889,279295,"E92000001","E19000001","E18000006","E10000003","E07000009","E05011572"
"CB6 2QJ",10,544292,278907,"E92000001","E19000001","E18000006","E10000003","E07000009","E05011572"
"CB6 2QL",10,544199,278850,"E92000001","E19000001","E18000006","E10000003","E07000009","E05011572"
"CB6 2QN",10,544970,279314,"E92000001","E19000001","E18000006","E10000003","E07000009","E05011572"
"CB6 2QP",10,545059,279295,"E92000001","E19000001","E18000006","E10000003","E07000009","E05011572"
"CB6 2QQ",10,544314,279010,"E92000001","E19000001","E18000006","E10000003","E07000009","E05011572"
"CB6 2QR",10,544660,279085,"E92000001","E19000001","E18000006","E10000003","E07000009","E05011572"
"CB6 2QT",10,544890,279596,"E92000001","E19000001","E18000006","E10000003","E07000009","E05011572"
"CB6 2QU",10,544288,279173,"E92000001","E19000001","E18000006","E10000003","E07000009","E05011572"
"CB6 2QW",10,544518,279249,"E92000001","E19000001","E18000006","E10000003","E07000009","E05011572"
"CB6 2QX",10,544324,279199,"E92000001","E19000001","E18000006","E10000003","E07000009","E05011572"
"CB6 2QY",10,544222,279081,"E92000001","E19000001","E18000006","E10000003","E07000009","E05011572"
"CB6 2QZ",10,544257,279162,"E92000001","E19000001","E18000006","E10000003","E07000009","E05011572"
"CB6 2RA",10,544483,278822,"E92000001","E19000001","E18000006","E10000003","E07000009","E05011572"
"CB6 2RB",10,544651,278892,"E92000001","E19000001","E18000006","E10000003","E07000009","E05011572"
"CB6 2RD",10,544651,278804,"E92000001","E19000001","E18000006","E10000003","E07000009","E05011572"
"CB6 2RE",10,544788,278723,"E92000001","E19000001","E18000006","E10000003","E07000009","E05011572"
"CB6 2RF",10,544872,278694,"E92000001","E19000001","E18000006","E10000003","E07000009","E05011572"
"CB6 2RG",10,544819,278863,"E92000001","E19000001","E18000006","E10000003","E07000009","E05011572"
"CB6 2RH",10,544893,279013,"E92000001","E19000001","E18000006","E10000003","E07000009","E05011572"
"CB6 2RJ",10,544752,279107,"E92000001","E19000001","E18000006","E10000003","E07000009","E05011572"
"CB6 2RL",10,544975,278936,"E92000001","E19000001","E18000006","E10000003","E07000009","E05011572"
"CB6 2RN",10,545229,278650,"E92000001","E19000001","E18000006","E10000003","E07000009","E05011572"
"CB6 2RP",10,545016,279049,"E92000001","E19000001","E18000006","E10000003","E07000009","E05011572"
"CB6 2RQ",10,544835,279078,"E92000001","E19000001","E18000006","E10000003","E07000009","E05011572"
"CB6 2RR",10,544674,279000,"E92000001","E19000001","E18000006","E10000003","E07000009","E05011572"
"CB6 2RS",10,544597,278992,"E92000001","E19000001","E18000006","E10000003","E07000009","E05011572"
"CB6 2RT",10,544589,279065,"E92000001","E19000001","E18000006","E10000003","E07000009","E05011572"
"CB6 2RU",10,545358,278526,"E92000001","E19000001","E18000006","E10000003","E07000009","E05011572"
"CB6 2RW",10,544039,278873,"E92000001","E19000001","E18000006","E10000003","E07000009","E05011572"
"CB6 2RX",10,544829,278807,"E92000001","E19000001","E18000006","E10000003","E07000009","E05011572"
"CB6 2RY",10,552456,283847,"E92000001","E19000001","E18000006","E10000003","E07000009","E05011562"
"CB6 2RZ",10,552805,283933,"E92000001","E19000001","E18000006","E10000003","E07000009","E05011562"
"CB6 2SA",10,553187,283561,"E92000001","E19000001","E18000006","E10000003","E07000009","E05011562"
"CB6 2SB",10,549382,278719,"E92000001","E19000001","E18000006","E10000003","E07000009","E05011571"
"CB6 2SD",10,554590,282243,"E92000001","E19000001","E18000006","E10000003","E07000009","E05011564"
"CB6 2SE",10,552188,283958,"E92000001","E19000001","E18000006","E10000003","E07000009","E05011562"
"CB6 2SF",10,553093,284224,"E92000001","E19000001","E18000006","E10000003","E07000009","E05011562"
"CB6 2SG",10,546310,279843,"E92000001","E19000001","E18000006","E10000003","E07000009","E05011572"
"CB6 2SH",10,553085,281562,"E92000001","E19000001","E18000006","E10000003","E07000009","E05011565"
"CB6 2SJ",10,553637,282489,"E92000001","E19000001","E18000006","E10000003","E07000009","E05011564"
"CB6 2SL",10,552877,283898,"E92000001","E19000001","E18000006","E10000003","E07000009","E05011562"
"CB6 2SN",10,553102,283618,"E92000001","E19000001","E18000006","E10000003","E07000009","E05011562"
"CB6 2SP",10,553227,283473,"E92000001","E19000001","E18000006","E10000003","E07000009","E05011562"
"CB6 2SQ",10,552261,283754,"E92000001","E19000001","E18000006","E10000003","E07000009","E05011562"
"CB6 2SR",10,552564,283857,"E92000001","E19000001","E18000006","E10000003","E07000009","E05011562"
"CB6 2SS",10,552224,283707,"E92000001","E19000001","E18000006","E10000003","E07000009","E05011562"
"CB6 2ST",10,552447,284005,"E92000001","E19000001","E18000006","E10000003","E07000009","E05011562"
"CB6 2SW",10,553117,283402,"E92000001","E19000001","E18000006","E10000003","E07000009","E05011562"
"CB6 2SX",10,552124,283873,"E92000001","E19000001","E18000006","E10000003","E07000009","E05011562"
"CB6 2SY",10,552489,284179,"E92000001","E19000001","E18000006","E10000003","E07000009","E05011562"
"CB6 2SZ",10,552264,283839,"E92000001","E19000001","E18000006","E10000003","E07000009","E05011562"
"CB6 2TA",10,551980,283751,"E92000001","E19000001","E18000006","E10000003","E07000009","E05011562"
"CB6 2TB",10,551909,283840,"E92000001","E19000001","E18000006","E10000003","E07000009","E05011562"
"CB6 2TD",10,551913,283984,"E92000001","E19000001","E18000006","E10000003","E07000009","E05011562"
"CB6 2TE",10,552532,283866,"E92000001","E19000001","E18000006","E10000003","E07000009","E05011562"
"CB6 2TF",10,552064,284004,"E92000001","E19000001","E18000006","E10000003","E07000009","E05011562"
"CB6 2TG",10,552206,283984,"E92000001","E19000001","E18000006","E10000003","E07000009","E05011562"
"CB6 2TH",10,552193,283802,"E92000001","E19000001","E18000006","E10000003","E07000009","E05011562"
"CB6 2TJ",10,552088,283790,"E92000001","E19000001","E18000006","E10000003","E07000009","E05011562"
"CB6 2TL",10,552204,283625,"E92000001","E19000001","E18000006","E10000003","E07000009","E05011562"
"CB6 2TN",10,552332,283819,"E92000001","E19000001","E18000006","E10000003","E07000009","E05011562"
"CB6 2TP",10,552478,283910,"E92000001","E19000001","E18000006","E10000003","E07000009","E05011562"
"CB6 2TQ",10,552244,284058,"E92000001","E19000001","E18000006","E10000003","E07000009","E05011562"
"CB6 2TR",10,552428,283908,"E92000001","E19000001","E18000006","E10000003","E07000009","E05011562"
"CB6 2TS",10,552963,284382,"E92000001","E19000001","E18000006","E10000003","E07000009","E05011562"
"CB6 2TT",10,552833,284362,"E92000001","E19000001","E18000006","E10000003","E07000009","E05011562"
"CB6 2TU",10,553010,284279,"E92000001","E19000001","E18000006","E10000003","E07000009","E05011562"
"CB6 2TW",10,552548,283938,"E92000001","E19000001","E18000006","E10000003","E07000009","E05011562"
"CB6 2TX",10,552971,285033,"E92000001","E19000001","E18000006","E10000003","E07000009","E05011562"
"CB6 2TY",10,551861,286095,"E92000001","E19000001","E18000006","E10000003","E07000009","E05011562"
"CB6 2TZ",10,553517,285600,"E92000001","E19000001","E18000006","E10000003","E07000009","E05011562"
"CB6 2UA",10,554311,286354,"E92000001","E19000001","E18000006","E10000003","E07000009","E05011562"
"CB6 2UB",10,553973,286409,"E92000001","E19000001","E18000006","E10000003","E07000009","E05011562"
"CB6 2UD",10,553552,286525,"E92000001","E19000001","E18000006","E10000003","E07000009","E05011562"
"CB6 2UE",10,552961,286539,"E92000001","E19000001","E18000006","E10000003","E07000009","E05011562"
"CB6 2UF",10,553231,284486,"E92000001","E19000001","E18000006","E10000003","E07000009","E05011562"
"CB6 2UG",10,553558,284807,"E92000001","E19000001","E18000006","E10000003","E07000009","E05011562"
"CB6 2UH",10,552663,284057,"E92000001","E19000001","E18000006","E10000003","E07000009","E05011562"
"CB6 2UJ",10,552741,284059,"E92000001","E19000001","E18000006","E10000003","E07000009","E05011562"
"CB6 2UL",10,552637,283970,"E92000001","E19000001","E18000006","E10000003","E07000009","E05011562"
"CB6 2UN",10,549434,279039,"E92000001","E19000001","E18000006","E10000003","E07000009","E05011572"
"CB6 2UQ",10,553217,284039,"E92000001","E19000001","E18000006","E10000003","E07000009","E05011562"
"CB6 2UR",10,552675,283170,"E92000001","E19000001","E18000006","E10000003","E07000009","E05011562"
"CB6 2UX",10,549615,279095,"E92000001","E19000001","E18000006","E10000003","E07000009","E05011571"
"CB6 2UY",50,549654,279131,"E92000001","E19000001","E18000006","E10000003","E07000009","E05011571"
"CB6 2WA",10,550509,284685,"E92000001","E19000001","E18000006","E10000003","E07000009","E05011562"
"CB6 2WE",10,553870,281348,"E92000001","E19000001","E18000006","E10000003","E07000009","E05011564"
"CB6 2WG",10,554628,280226,"E92000001","E19000001","E18000006","E10000003","E07000009","E05011563"
"CB6 2WH",10,553523,281380,"E92000001","E19000001","E18000006","E10000003","E07000009","E05011564"
"CB6 2WJ",10,553811,281325,"E92000001","E19000001","E18000006","E10000003","E07000009","E05011564"
"CB6 2WL",10,553794,281351,"E92000001","E19000001","E18000006","E10000003","E07000009","E05011564"
"CB6 2WN",10,553662,281330,"E92000001","E19000001","E18000006","E10000003","E07000009","E05011564"
"CB6 2WR",10,554131,281356,"E92000001","E19000001","E18000006","E10000003","E07000009","E05011564"
"CB6 2WS",10,554195,281197,"E92000001","E19000001","E18000006","E10000003","E07000009","E05011564"
"CB6 2WT",10,552151,283950,"E92000001","E19000001","E18000006","E10000003","E07000009","E05011562"
"CB6 2WU",10,554107,281161,"E92000001","E19000001","E18000006","E10000003","E07000009","E05011564"
"CB6 2WW",10,553660,281350,"E92000001","E19000001","E18000006","E10000003","E07000009","E05011564"
"CB6 2WX",10,553972,281271,"E92000001","E19000001","E18000006","E10000003","E07000009","E05011564"
"CB6 2WY",10,554216,281398,"E92000001","E19000001","E18000006","E10000003","E07000009","E05011564"
"CB6 2WZ",10,554214,281350,"E92000001","E19000001","E18000006","E10000003","E07000009","E05011564"
"CB6 2XA",10,553947,281373,"E92000001","E19000001","E18000006","E10000003","E07000009","E05011564"
"CB6 2XB",10,549915,278978,"E92000001","E19000001","E18000006","E10000003","E07000009","E05011571"
"CB6 2XD",10,549825,278917,"E92000001","E19000001","E18000006","E10000003","E07000009","E05011571"
"CB6 2XE",10,549821,279021,"E92000001","E19000001","E18000006","E10000003","E07000009","E05011571"
"CB6 2XF",10,550046,278994,"E92000001","E19000001","E18000006","E10000003","E07000009","E05011571"
"CB6 2XH",10,554004,281184,"E92000001","E19000001","E18000006","E10000003","E07000009","E05011564"
"CB6 2XJ",10,554046,281197,"E92000001","E19000001","E18000006","E10000003","E07000009","E05011564"
"CB6 2XW",10,554628,280226,"E92000001","E19000001","E18000006","E10000003","E07000009","E05011563"
"CB6 2YD",10,554014,281678,"E92000001","E19000001","E18000006","E10000003","E07000009","E05011564"
"CB6 2YE",10,553936,281707,"E92000001","E19000001","E18000006","E10000003","E07000009","E05011564"
"CB6 2YF",10,553797,281621,"E92000001","E19000001","E18000006","E10000003","E07000009","E05011564"
"CB6 2YG",10,553846,281544,"E92000001","E19000001","E18000006","E10000003","E07000009","E05011564"
"CB6 2YH",10,553771,281499,"E92000001","E19000001","E18000006","E10000003","E07000009","E05011564"
"CB6 2YJ",10,553830,281472,"E92000001","E19000001","E18000006","E10000003","E07000009","E05011564"
"CB6 2YL",10,553897,281548,"E92000001","E19000001","E18000006","E10000003","E07000009","E05011564"
"CB6 2YP",10,544354,280616,"E92000001","E19000001","E18000006","E10000003","E07000009","E05011572"
"CB6 2YR",10,544351,280545,"E92000001","E19000001","E18000006","E10000003","E07000009","E05011572"
"CB6 2YS",10,554540,282355,"E92000001","E19000001","E18000006","E10000003","E07000009","E05011564"
"CB6 2YU",10,554571,282359,"E92000001","E19000001","E18000006","E10000003","E07000009","E05011564"
"CB6 2YW",10,554518,282370,"E92000001","E19000001","E18000006","E10000003","E07000009","E05011564"
"CB6 2YX",10,554565,282165,"E92000001","E19000001","E18000006","E10000003","E07000009","E05011564"
"CB6 2YY",10,554522,282425,"E92000001","E19000001","E18000006","E10000003","E07000009","E05011564"
"CB6 3AA",10,553343,280597,"E92000001","E19000001","E18000006","E10000003","E07000009","E05011565"
"CB6 3AB",10,553337,280699,"E92000001","E19000001","E18000006","E10000003","E07000009","E05011565"
"CB6 3AD",10,553142,280768,"E92000001","E19000001","E18000006","E10000003","E07000009","E05011565"
"CB6 3AE",10,552934,280837,"E92000001","E19000001","E18000006","E10000003","E07000009","E05011565"
"CB6 3AG",10,553292,280784,"E92000001","E19000001","E18000006","E10000003","E07000009","E05011565"
"CB6 3AH",10,553295,280882,"E92000001","E19000001","E18000006","E10000003","E07000009","E05011565"
"CB6 3AJ",10,553270,280949,"E92000001","E19000001","E18000006","E10000003","E07000009","E05011565"
"CB6 3AL",10,553128,280611,"E92000001","E19000001","E18000006","E10000003","E07000009","E05011565"
"CB6 3AN",10,553277,280550,"E92000001","E19000001","E18000006","E10000003","E07000009","E05011565"
"CB6 3AP",10,553236,280495,"E92000001","E19000001","E18000006","E10000003","E07000009","E05011565"
"CB6 3AQ",10,553234,280847,"E92000001","E19000001","E18000006","E10000003","E07000009","E05011565"
"CB6 3AR",10,553203,280436,"E92000001","E19000001","E18000006","E10000003","E07000009","E05011565"
"CB6 3AS",10,553322,280372,"E92000001","E19000001","E18000006","E10000003","E07000009","E05011565"
"CB6 3AT",10,553213,280397,"E92000001","E19000001","E18000006","E10000003","E07000009","E05011565"
"CB6 3AU",10,553387,280902,"E92000001","E19000001","E18000006","E10000003","E07000009","E05011565"
"CB6 3AW",10,553349,280491,"E92000001","E19000001","E18000006","E10000003","E07000009","E05011565"
"CB6 3AX",10,553095,280391,"E92000001","E19000001","E18000006","E10000003","E07000009","E05011565"
"CB6 3AY",10,553432,280298,"E92000001","E19000001","E18000006","E10000003","E07000009","E05011565"
"CB6 3AZ",10,553613,280262,"E92000001","E19000001","E18000006","E10000003","E07000009","E05011565"
"CB6 3BA",10,553331,280795,"E92000001","E19000001","E18000006","E10000003","E07000009","E05011565"
"CB6 3BB",10,553434,280229,"E92000001","E19000001","E18000006","E10000003","E07000009","E05011565"
"CB6 3BE",10,553267,280157,"E92000001","E19000001","E18000006","E10000003","E07000009","E05011565"
"CB6 3BF",10,553367,280240,"E92000001","E19000001","E18000006","E10000003","E07000009","E05011565"
"CB6 3BG",10,553211,280116,"E92000001","E19000001","E18000006","E10000003","E07000009","E05011565"
"CB6 3BH",10,553186,280003,"E92000001","E19000001","E18000006","E10000003","E07000009","E05011565"
"CB6 3BJ",10,553221,279993,"E92000001","E19000001","E18000006","E10000003","E07000009","E05011565"
"CB6 3BL",10,553106,279983,"E92000001","E19000001","E18000006","E10000003","E07000009","E05011565"
"CB6 3BN",10,553231,280080,"E92000001","E19000001","E18000006","E10000003","E07000009","E05011565"
"CB6 3BP",10,553117,280173,"E92000001","E19000001","E18000006","E10000003","E07000009","E05011565"
"CB6 3BQ",10,553505,280232,"E92000001","E19000001","E18000006","E10000003","E07000009","E05011565"
"CB6 3BS",10,553107,280224,"E92000001","E19000001","E18000006","E10000003","E07000009","E05011565"
"CB6 3BT",10,553013,280261,"E92000001","E19000001","E18000006","E10000003","E07000009","E05011565"
"CB6 3BU",10,553068,280317,"E92000001","E19000001","E18000006","E10000003","E07000009","E05011565"
"CB6 3BW",10,552842,279955,"E92000001","E19000001","E18000006","E10000003","E07000009","E05011565"
"CB6 3BX",10,553261,280271,"E92000001","E19000001","E18000006","E10000003","E07000009","E05011565"
"CB6 3BY",10,553576,280237,"E92000001","E19000001","E18000006","E10000003","E07000009","E05011565"
"CB6 3BZ",10,552839,280052,"E92000001","E19000001","E18000006","E10000003","E07000009","E05011565"
"CB6 3DA",10,553037,280440,"E92000001","E19000001","E18000006","E10000003","E07000009","E05011565"
"CB6 3DB",10,553367,280736,"E92000001","E19000001","E18000006","E10000003","E07000009","E05011565"
"CB6 3DE",10,553218,279630,"E92000001","E19000001","E18000006","E10000003","E07000009","E05011565"
"CB6 3DH",10,553230,280776,"E92000001","E19000001","E18000006","E10000003","E07000009","E05011565"
"CB6 3DL",10,552977,279697,"E92000001","E19000001","E18000006","E10000003","E07000009","E05011565"
"CB6 3DN",10,552916,279783,"E92000001","E19000001","E18000006","E10000003","E07000009","E05011565"
"CB6 3DP",10,553132,279709,"E92000001","E19000001","E18000006","E10000003","E07000009","E05011565"
"CB6 3DQ",10,553504,280298,"E92000001","E19000001","E18000006","E10000003","E07000009","E05011565"
"CB6 3DR",10,553149,279842,"E92000001","E19000001","E18000006","E10000003","E07000009","E05011565"
"CB6 3DS",10,553192,279846,"E92000001","E19000001","E18000006","E10000003","E07000009","E05011565"
"CB6 3DT",10,553092,279740,"E92000001","E19000001","E18000006","E10000003","E07000009","E05011565"
"CB6 3DU",10,553083,279831,"E92000001","E19000001","E18000006","E10000003","E07000009","E05011565"
"CB6 3DW",10,552985,279776,"E92000001","E19000001","E18000006","E10000003","E07000009","E05011565"
"CB6 3DX",10,553249,279834,"E92000001","E19000001","E18000006","E10000003","E07000009","E05011565"
"CB6 3DY",10,553585,281002,"E92000001","E19000001","E18000006","E10000003","E07000009","E05011565"
"CB6 3DZ",10,553447,281065,"E92000001","E19000001","E18000006","E10000003","E07000009","E05011565"
"CB6 3EA",10,553538,280920,"E92000001","E19000001","E18000006","E10000003","E07000009","E05011565"
"CB6 3EB",10,553514,281009,"E92000001","E19000001","E18000006","E10000003","E07000009","E05011565"
"CB6 3ED",10,553542,280804,"E92000001","E19000001","E18000006","E10000003","E07000009","E05011565"
"CB6 3EE",10,553467,280780,"E92000001","E19000001","E18000006","E10000003","E07000009","E05011565"
"CB6 3EF",10,553452,280928,"E92000001","E19000001","E18000006","E10000003","E07000009","E05011565"
"CB6 3EG",10,553421,280825,"E92000001","E19000001","E18000006","E10000003","E07000009","E05011565"
"CB6 3EJ",10,552757,279707,"E92000001","E19000001","E18000006","E10000003","E07000009","E05011565"
"CB6 3EL",10,552712,279577,"E92000001","E19000001","E18000006","E10000003","E07000009","E05011565"
"CB6 3EN",10,552683,279639,"E92000001","E19000001","E18000006","E10000003","E07000009","E05011565"
"CB6 3EQ",10,553547,280764,"E92000001","E19000001","E18000006","E10000003","E07000009","E05011565"
"CB6 3ES",50,553538,280920,"E92000001","E19000001","E18000006","E10000003","E07000009","E05011565"
"CB6 3EU",10,552798,280003,"E92000001","E19000001","E18000006","E10000003","E07000009","E05011565"
"CB6 3EW",10,552826,279615,"E92000001","E19000001","E18000006","E10000003","E07000009","E05011565"
"CB6 3EX",10,552707,279970,"E92000001","E19000001","E18000006","E10000003","E07000009","E05011565"
"CB6 3EY",10,552700,279949,"E92000001","E19000001","E18000006","E10000003","E07000009","E05011565"
"CB6 3FA",10,551533,278892,"E92000001","E19000001","E18000006","E10000003","E07000009","E05011565"
"CB6 3FJ",10,552588,279927,"E92000001","E19000001","E18000006","E10000003","E07000009","E05011565"
"CB6 3FL",10,548371,274958,"E92000001","E19000001","E18000006","E10000003","E07000009","E05011571"
"CB6 3FN",10,552566,279833,"E92000001","E19000001","E18000006","E10000003","E07000009","E05011565"
"CB6 3FQ",10,552599,279977,"E92000001","E19000001","E18000006","E10000003","E07000009","E05011565"
"CB6 3FS",10,550162,272329,"E92000001","E19000001","E18000006","E10000003","E07000009","E05011571"
"CB6 3FT",10,551638,272004,"E92000001","E19000001","E18000006","E10000003","E07000009","E05011571"
"CB6 3FU",10,546751,273780,"E92000001","E19000001","E18000006","E10000003","E07000009","E05011567"
"CB6 3FW",10,553190,280645,"E92000001","E19000001","E18000006","E10000003","E07000009","E05011565"
"CB6 3FX",10,551523,274621,"E92000001","E19000001","E18000006","E10000003","E07000009","E05011571"
"CB6 3FY",10,552754,279911,"E92000001","E19000001","E18000006","E10000003","E07000009","E05011565"
"CB6 3FZ",10,546470,275603,"E92000001","E19000001","E18000006","E10000003","E07000009","E05011567"
"CB6 3GF",10,551194,275999,"E92000001","E19000001","E18000006","E10000003","E07000009","E05011571"
"CB6 3GG",10,552917,279655,"E92000001","E19000001","E18000006","E10000003","E07000009","E05011565"
"CB6 3GH",10,551653,274421,"E92000001","E19000001","E18000006","E10000003","E07000009","E05011571"
"CB6 3GJ",10,551610,274417,"E92000001","E19000001","E18000006","E10000003","E07000009","E05011571"
"CB6 3GL",10,551752,274531,"E92000001","E19000001","E18000006","E10000003","E07000009","E05011571"
"CB6 3GN",10,551425,278503,"E92000001","E19000001","E18000006","E10000003","E07000009","E05011565"
"CB6 3GQ",10,551569,274381,"E92000001","E19000001","E18000006","E10000003","E07000009","E05011571"
"CB6 3GR",10,551560,274303,"E92000001","E19000001","E18000006","E10000003","E07000009","E05011571"
"CB6 3GS",10,553249,276337,"E92000001","E19000001","E18000006","E10000003","E07000009","E05011571"
"CB6 3GT",10,544878,275761,"E92000001","E19000001","E18000006","E10000003","E07000009","E05011567"
"CB6 3GU",10,551061,274105,"E92000001","E19000001","E18000006","E10000003","E07000009","E05011571"
"CB6 3GW",10,552884,276706,"E92000001","E19000001","E18000006","E10000003","E07000009","E05011571"
"CB6 3GX",10,553244,281118,"E92000001","E19000001","E18000006","E10000003","E07000009","E05011565"
"CB6 3GY",50,549597,278379,"E92000001","E19000001","E18000006","E10000003","E07000009","E05011571"
"CB6 3GZ",10,545950,275640,"E92000001","E19000001","E18000006","E10000003","E07000009","E05011567"
"CB6 3HA",10,553237,276249,"E92000001","E19000001","E18000006","E10000003","E07000009","E05011571"
"CB6 3HB",10,553401,276007,"E92000001","E19000001","E18000006","E10000003","E07000009","E05011571"
"CB6 3HD",10,553163,276218,"E92000001","E19000001","E18000006","E10000003","E07000009","E05011571"
"CB6 3HE",10,553111,276203,"E92000001","E19000001","E18000006","E10000003","E07000009","E05011571"
"CB6 3HF",10,553224,276146,"E92000001","E19000001","E18000006","E10000003","E07000009","E05011571"
"CB6 3HG",10,552955,276513,"E92000001","E19000001","E18000006","E10000003","E07000009","E05011571"
"CB6 3HH",10,552864,276953,"E92000001","E19000001","E18000006","E10000003","E07000009","E05011571"
"CB6 3HJ",10,552834,277167,"E92000001","E19000001","E18000006","E10000003","E07000009","E05011571"
"CB6 3HL",10,553200,277585,"E92000001","E19000001","E18000006","E10000003","E07000009","E05011565"
"CB6 3HN",10,553038,278292,"E92000001","E19000001","E18000006","E10000003","E07000009","E05011565"
"CB6 3HP",10,552186,275940,"E92000001","E19000001","E18000006","E10000003","E07000009","E05011571"
"CB6 3HQ",10,552876,276470,"E92000001","E19000001","E18000006","E10000003","E07000009","E05011571"
"CB6 3HR",10,553528,274555,"E92000001","E19000001","E18000006","E10000003","E07000009","E05011571"
"CB6 3HS",10,553337,276223,"E92000001","E19000001","E18000006","E10000003","E07000009","E05011571"
"CB6 3HT",10,546520,276177,"E92000001","E19000001","E18000006","E10000003","E07000009","E05011567"
"CB6 3HW",10,552439,276599,"E92000001","E19000001","E18000006","E10000003","E07000009","E05011571"
"CB6 3HX",10,551343,274508,"E92000001","E19000001","E18000006","E10000003","E07000009","E05011571"
"CB6 3HY",10,552910,276015,"E92000001","E19000001","E18000006","E10000003","E07000009","E05011571"
"CB6 3HZ",10,553415,275927,"E92000001","E19000001","E18000006","E10000003","E07000009","E05011571"
"CB6 3JA",10,551287,274846,"E92000001","E19000001","E18000006","E10000003","E07000009","E05011571"
"CB6 3JB",10,552990,276276,"E92000001","E19000001","E18000006","E10000003","E07000009","E05011571"
"CB6 3JD",10,552856,276310,"E92000001","E19000001","E18000006","E10000003","E07000009","E05011571"
"CB6 3JE",10,552904,276344,"E92000001","E19000001","E18000006","E10000003","E07000009","E05011571"
"CB6 3JF",10,551542,274375,"E92000001","E19000001","E18000006","E10000003","E07000009","E05011571"
"CB6 3JG",10,551310,274503,"E92000001","E19000001","E18000006","E10000003","E07000009","E05011571"
"CB6 3JH",10,551272,274990,"E92000001","E19000001","E18000006","E10000003","E07000009","E05011571"
"CB6 3JJ",10,551257,275071,"E92000001","E19000001","E18000006","E10000003","E07000009","E05011571"
"CB6 3JL",10,551347,274724,"E92000001","E19000001","E18000006","E10000003","E07000009","E05011571"
"CB6 3JN",10,551480,274831,"E92000001","E19000001","E18000006","E10000003","E07000009","E05011571"
"CB6 3JP",10,551410,274981,"E92000001","E19000001","E18000006","E10000003","E07000009","E05011571"
"CB6 3JQ",10,551225,274781,"E92000001","E19000001","E18000006","E10000003","E07000009","E05011571"
"CB6 3JR",10,551535,275024,"E92000001","E19000001","E18000006","E10000003","E07000009","E05011571"
"CB6 3JS",10,551542,274921,"E92000001","E19000001","E18000006","E10000003","E07000009","E05011571"
"CB6 3JT",10,551419,274576,"E92000001","E19000001","E18000006","E10000003","E07000009","E05011571"
"CB6 3JU",10,551453,274552,"E92000001","E19000001","E18000006","E10000003","E07000009","E05011571"
"CB6 3JW",10,551430,274862,"E92000001","E19000001","E18000006","E10000003","E07000009","E05011571"
"CB6 3JX",10,551570,274603,"E92000001","E19000001","E18000006","E10000003","E07000009","E05011571"
"CB6 3JY",10,551534,274495,"E92000001","E19000001","E18000006","E10000003","E07000009","E05011571"
"CB6 3JZ",10,551343,274422,"E92000001","E19000001","E18000006","E10000003","E07000009","E05011571"
"CB6 3LA",10,551234,274465,"E92000001","E19000001","E18000006","E10000003","E07000009","E05011571"
"CB6 3LB",10,551095,274314,"E92000001","E19000001","E18000006","E10000003","E07000009","E05011571"
"CB6 3LD",10,551231,274575,"E92000001","E19000001","E18000006","E10000003","E07000009","E05011571"
"CB6 3LE",10,551209,274213,"E92000001","E19000001","E18000006","E10000003","E07000009","E05011571"
"CB6 3LF",10,551544,272933,"E92000001","E19000001","E18000006","E10000003","E07000009","E05011571"
"CB6 3LG",10,552369,271955,"E92000001","E19000001","E18000006","E10000003","E07000009","E05011571"
"CB6 3LH",10,545982,275822,"E92000001","E19000001","E18000006","E10000003","E07000009","E05011567"
"CB6 3LJ",10,552215,273388,"E92000001","E19000001","E18000006","E10000003","E07000009","E05011571"
"CB6 3LL",10,551020,274448,"E92000001","E19000001","E18000006","E10000003","E07000009","E05011571"
"CB6 3LN",10,550808,274497,"E92000001","E19000001","E18000006","E10000003","E07000009","E05011571"
"CB6 3LP",10,550839,274351,"E92000001","E19000001","E18000006","E10000003","E07000009","E05011571"
"CB6 3LR",10,550604,273801,"E92000001","E19000001","E18000006","E10000003","E07000009","E05011571"
"CB6 3LS",10,550993,274223,"E92000001","E19000001","E18000006","E10000003","E07000009","E05011571"
"CB6 3LT",10,551044,274173,"E92000001","E19000001","E18000006","E10000003","E07000009","E05011571"
"CB6 3LU",10,550091,272939,"E92000001","E19000001","E18000006","E10000003","E07000009","E05011571"
"CB6 3LW",10,550771,274302,"E92000001","E19000001","E18000006","E10000003","E07000009","E05011571"
"CB6 3LX",10,548116,275162,"E92000001","E19000001","E18000006","E10000003","E07000009","E05011571"
"CB6 3LY",10,551417,274783,"E92000001","E19000001","E18000006","E10000003","E07000009","E05011571"
"CB6 3LZ",10,550979,274104,"E92000001","E19000001","E18000006","E10000003","E07000009","E05011571"
"CB6 3NA",10,551149,274265,"E92000001","E19000001","E18000006","E10000003","E07000009","E05011571"
"CB6 3NB",10,551118,274201,"E92000001","E19000001","E18000006","E10000003","E07000009","E05011571"
"CB6 3ND",10,551123,274499,"E92000001","E19000001","E18000006","E10000003","E07000009","E05011571"
"CB6 3NE",10,551357,274427,"E92000001","E19000001","E18000006","E10000003","E07000009","E05011571"
"CB6 3NF",10,551375,275044,"E92000001","E19000001","E18000006","E10000003","E07000009","E05011571"
"CB6 3NG",10,551166,274304,"E92000001","E19000001","E18000006","E10000003","E07000009","E05011571"
"CB6 3NN",10,552438,279288,"E92000001","E19000001","E18000006","E10000003","E07000009","E05011565"
"CB6 3NR",10,551461,278863,"E92000001","E19000001","E18000006","E10000003","E07000009","E05011565"
"CB6 3NU",10,552947,276607,"E92000001","E19000001","E18000006","E10000003","E07000009","E05011571"
"CB6 3NW",10,551395,278506,"E92000001","E19000001","E18000006","E10000003","E07000009","E05011565"
"CB6 3NX",10,551737,278856,"E92000001","E19000001","E18000006","E10000003","E07000009","E05011565"
"CB6 3NY",10,551563,274669,"E92000001","E19000001","E18000006","E10000003","E07000009","E05011571"
"CB6 3NZ",10,544607,273408,"E92000001","E19000001","E18000006","E10000003","E07000009","E05011567"
"CB6 3PA",10,542407,275893,"E92000001","E19000001","E18000006","E10000003","E07000009","E05011567"
"CB6 3PB",10,540311,275077,"E92000001","E19000001","E18000006","E10000003","E07000009","E05011567"
"CB6 3PD",10,541913,274642,"E92000001","E19000001","E18000006","E10000003","E07000009","E05011567"
"CB6 3PE",10,547468,277116,"E92000001","E19000001","E18000006","E10000003","E07000009","E05011567"
"CB6 3PF",10,542761,272778,"E92000001","E19000001","E18000006","E10000003","E07000009","E05011567"
"CB6 3PG",10,544482,273284,"E92000001","E19000001","E18000006","E10000003","E07000009","E05011567"
"CB6 3PH",10,544441,273296,"E92000001","E19000001","E18000006","E10000003","E07000009","E05011567"
"CB6 3PJ",10,544670,273281,"E92000001","E19000001","E18000006","E10000003","E07000009","E05011567"
"CB6 3PL",10,544439,273496,"E92000001","E19000001","E18000006","E10000003","E07000009","E05011567"
"CB6 3PN",10,545387,274304,"E92000001","E19000001","E18000006","E10000003","E07000009","E05011567"
"CB6 3PP",10,546117,274892,"E92000001","E19000001","E18000006","E10000003","E07000009","E05011567"
"CB6 3PQ",10,544631,273537,"E92000001","E19000001","E18000006","E10000003","E07000009","E05011567"
"CB6 3PR",10,546022,274987,"E92000001","E19000001","E18000006","E10000003","E07000009","E05011567"
"CB6 3PS",10,546497,276725,"E92000001","E19000001","E18000006","E10000003","E07000009","E05011567"
"CB6 3PT",10,546673,276481,"E92000001","E19000001","E18000006","E10000003","E07000009","E05011567"
"CB6 3PU",10,548152,274119,"E92000001","E19000001","E18000006","E10000003","E07000009","E05011571"
"CB6 3PW",10,546043,274779,"E92000001","E19000001","E18000006","E10000003","E07000009","E05011567"
"CB6 3PX",10,547834,271839,"E92000001","E19000001","E18000006","E10000003","E07000009","E05011571"
"CB6 3PY",10,548674,276031,"E92000001","E19000001","E18000006","E10000003","E07000009","E05011571"
"CB6 3PZ",10,548461,276489,"E92000001","E19000001","E18000006","E10000003","E07000009","E05011571"
"CB6 3QA",10,548136,275070,"E92000001","E19000001","E18000006","E10000003","E07000009","E05011571"
"CB6 3QB",10,550573,276090,"E92000001","E19000001","E18000006","E10000003","E07000009","E05011571"
"CB6 3QD",10,551509,276326,"E92000001","E19000001","E18000006","E10000003","E07000009","E05011571"
"CB6 3QE",10,547999,278105,"E92000001","E19000001","E18000006","E10000003","E07000009","E05011572"
"CB6 3QF",10,546115,274727,"E92000001","E19000001","E18000006","E10000003","E07000009","E05011567"
"CB6 3QG",10,547723,278580,"E92000001","E19000001","E18000006","E10000003","E07000009","E05011572"
"CB6 3QJ",10,548279,274827,"E92000001","E19000001","E18000006","E10000003","E07000009","E05011571"
"CB6 3QL",10,548008,278677,"E92000001","E19000001","E18000006","E10000003","E07000009","E05011572"
"CB6 3QN",10,551576,276391,"E92000001","E19000001","E18000006","E10000003","E07000009","E05011571"
"CB6 3QR",10,552686,279779,"E92000001","E19000001","E18000006","E10000003","E07000009","E05011565"
"CB6 3QS",10,552804,279805,"E92000001","E19000001","E18000006","E10000003","E07000009","E05011565"
"CB6 3QT",10,552811,279683,"E92000001","E19000001","E18000006","E10000003","E07000009","E05011565"
"CB6 3QU",10,546608,274753,"E92000001","E19000001","E18000006","E10000003","E07000009","E05011567"
"CB6 3QW",10,546585,274815,"E92000001","E19000001","E18000006","E10000003","E07000009","E05011567"
"CB6 3QX",10,548342,274904,"E92000001","E19000001","E18000006","E10000003","E07000009","E05011571"
"CB6 3QY",10,548342,274904,"E92000001","E19000001","E18000006","E10000003","E07000009","E05011571"
"CB6 3QZ",10,551065,274516,"E92000001","E19000001","E18000006","E10000003","E07000009","E05011571"
"CB6 3RA",10,548196,274945,"E92000001","E19000001","E18000006","E10000003","E07000009","E05011571"
"CB6 3RB",10,548495,274879,"E92000001","E19000001","E18000006","E10000003","E07000009","E05011571"
"CB6 3RD",10,548195,274865,"E92000001","E19000001","E18000006","E10000003","E07000009","E05011571"
"CB6 3RE",10,547767,275025,"E92000001","E19000001","E18000006","E10000003","E07000009","E05011571"
"CB6 3RF",10,546147,275530,"E92000001","E19000001","E18000006","E10000003","E07000009","E05011567"
"CB6 3RG",10,547560,274958,"E92000001","E19000001","E18000006","E10000003","E07000009","E05011571"
"CB6 3RH",10,548173,275101,"E92000001","E19000001","E18000006","E10000003","E07000009","E05011571"
"CB6 3RJ",10,548288,275000,"E92000001","E19000001","E18000006","E10000003","E07000009","E05011571"
"CB6 3RL",10,548344,275025,"E92000001","E19000001","E18000006","E10000003","E07000009","E05011571"
"CB6 3RN",10,548235,274470,"E92000001","E19000001","E18000006","E10000003","E07000009","E05011571"
"CB6 3RP",10,548467,275303,"E92000001","E19000001","E18000006","E10000003","E07000009","E05011571"
"CB6 3RQ",10,548009,275020,"E92000001","E19000001","E18000006","E10000003","E07000009","E05011571"
"CB6 3RR",10,548687,275246,"E92000001","E19000001","E18000006","E10000003","E07000009","E05011571"
"CB6 3RS",10,548425,275103,"E92000001","E19000001","E18000006","E10000003","E07000009","E05011571"
"CB6 3RT",10,548305,275270,"E92000001","E19000001","E18000006","E10000003","E07000009","E05011571"
"CB6 3RU",10,548426,275358,"E92000001","E19000001","E18000006","E10000003","E07000009","E05011571"
"CB6 3RW",10,548478,274799,"E92000001","E19000001","E18000006","E10000003","E07000009","E05011571"
"CB6 3RX",10,549058,274923,"E92000001","E19000001","E18000006","E10000003","E07000009","E05011571"
"CB6 3RY",10,549782,274894,"E92000001","E19000001","E18000006","E10000003","E07000009","E05011571"
"CB6 3SA",10,549243,274871,"E92000001","E19000001","E18000006","E10000003","E07000009","E05011571"
"CB6 3SB",10,549337,275279,"E92000001","E19000001","E18000006","E10000003","E07000009","E05011571"
"CB6 3SD",10,548992,274651,"E92000001","E19000001","E18000006","E10000003","E07000009","E05011571"
"CB6 3SE",10,548131,275269,"E92000001","E19000001","E18000006","E10000003","E07000009","E05011571"
"CB6 3SF",10,546767,275155,"E92000001","E19000001","E18000006","E10000003","E07000009","E05011567"
"CB6 3SG",10,552876,280107,"E92000001","E19000001","E18000006","E10000003","E07000009","E05011565"
"CB6 3SH",10,548263,275141,"E92000001","E19000001","E18000006","E10000003","E07000009","E05011571"
"CB6 3SJ",10,548222,275026,"E92000001","E19000001","E18000006","E10000003","E07000009","E05011571"
"CB6 3SL",10,548249,275345,"E92000001","E19000001","E18000006","E10000003","E07000009","E05011571"
"CB6 3SN",10,552677,280155,"E92000001","E19000001","E18000006","E10000003","E07000009","E05011565"
"CB6 3SP",10,546708,275403,"E92000001","E19000001","E18000006","E10000003","E07000009","E05011567"
"CB6 3SQ",10,548680,274852,"E92000001","E19000001","E18000006","E10000003","E07000009","E05011571"
"CB6 3SR",10,546558,275407,"E92000001","E19000001","E18000006","E10000003","E07000009","E05011567"
"CB6 3SS",10,546645,275540,"E92000001","E19000001","E18000006","E10000003","E07000009","E05011567"
"CB6 3ST",10,546724,275143,"E92000001","E19000001","E18000006","E10000003","E07000009","E05011567"
"CB6 3SU",10,546558,275121,"E92000001","E19000001","E18000006","E10000003","E07000009","E05011567"
"CB6 3SW",10,552614,280180,"E92000001","E19000001","E18000006","E10000003","E07000009","E05011565"
"CB6 3SX",10,546808,275060,"E92000001","E19000001","E18000006","E10000003","E07000009","E05011567"
"CB6 3SY",10,546781,275179,"E92000001","E19000001","E18000006","E10000003","E07000009","E05011567"
"CB6 3SZ",10,547126,275615,"E92000001","E19000001","E18000006","E10000003","E07000009","E05011567"
"CB6 3TA",10,546312,275509,"E92000001","E19000001","E18000006","E10000003","E07000009","E05011567"
"CB6 3TB",10,546291,275630,"E92000001","E19000001","E18000006","E10000003","E07000009","E05011567"
"CB6 3TD",10,545830,275535,"E92000001","E19000001","E18000006","E10000003","E07000009","E05011567"
"CB6 3TE",10,545928,275581,"E92000001","E19000001","E18000006","E10000003","E07000009","E05011567"
"CB6 3TF",10,545790,275413,"E92000001","E19000001","E18000006","E10000003","E07000009","E05011567"
"CB6 3TG",10,545703,275646,"E92000001","E19000001","E18000006","E10000003","E07000009","E05011567"
"CB6 3TH",10,545348,275587,"E92000001","E19000001","E18000006","E10000003","E07000009","E05011567"
"CB6 3TJ",10,544770,275789,"E92000001","E19000001","E18000006","E10000003","E07000009","E05011567"
"CB6 3TL",10,544356,275987,"E92000001","E19000001","E18000006","E10000003","E07000009","E05011567"
"CB6 3TN",10,546571,275509,"E92000001","E19000001","E18000006","E10000003","E07000009","E05011567"
"CB6 3TP",10,546383,275473,"E92000001","E19000001","E18000006","E10000003","E07000009","E05011567"
"CB6 3TQ",10,545235,275546,"E92000001","E19000001","E18000006","E10000003","E07000009","E05011567"
"CB6 3TR",10,546484,275535,"E92000001","E19000001","E18000006","E10000003","E07000009","E05011567"
"CB6 3TS",10,545831,275635,"E92000001","E19000001","E18000006","E10000003","E07000009","E05011567"
"CB6 3TT",10,546321,275448,"E92000001","E19000001","E18000006","E10000003","E07000009","E05011567"
"CB6 3TU",10,542280,274821,"E92000001","E19000001","E18000006","E10000003","E07000009","E05011567"
"CB6 3TW",10,546072,275761,"E92000001","E19000001","E18000006","E10000003","E07000009","E05011567"
"CB6 3TX",10,546331,275144,"E92000001","E19000001","E18000006","E10000003","E07000009","E05011567"
"CB6 3TY",10,546504,275044,"E92000001","E19000001","E18000006","E10000003","E07000009","E05011567"
"CB6 3TZ",10,546385,275125,"E92000001","E19000001","E18000006","E10000003","E07000009","E05011567"
"CB6 3UA",10,546472,275193,"E92000001","E19000001","E18000006","E10000003","E07000009","E05011567"
"CB6 3UB",10,546163,275005,"E92000001","E19000001","E18000006","E10000003","E07000009","E05011567"
"CB6 3UD",10,546259,275018,"E92000001","E19000001","E18000006","E10000003","E07000009","E05011567"
"CB6 3UE",10,546498,275023,"E92000001","E19000001","E18000006","E10000003","E07000009","E05011567"
"CB6 3UF",10,546521,274924,"E92000001","E19000001","E18000006","E10000003","E07000009","E05011567"
"CB6 3UG",10,546221,274828,"E92000001","E19000001","E18000006","E10000003","E07000009","E05011567"
"CB6 3UH",10,546417,274657,"E92000001","E19000001","E18000006","E10000003","E07000009","E05011567"
"CB6 3UL",10,546496,274592,"E92000001","E19000001","E18000006","E10000003","E07000009","E05011567"
"CB6 3UN",10,546204,274895,"E92000001","E19000001","E18000006","E10000003","E07000009","E05011567"
"CB6 3UP",10,546494,274767,"E92000001","E19000001","E18000006","E10000003","E07000009","E05011567"
"CB6 3UQ",10,546379,274909,"E92000001","E19000001","E18000006","E10000003","E07000009","E05011567"
"CB6 3UR",10,546312,275078,"E92000001","E19000001","E18000006","E10000003","E07000009","E05011567"
"CB6 3US",10,548414,274793,"E92000001","E19000001","E18000006","E10000003","E07000009","E05011571"
"CB6 3UT",10,546718,274977,"E92000001","E19000001","E18000006","E10000003","E07000009","E05011567"
"CB6 3UU",10,546784,274968,"E92000001","E19000001","E18000006","E10000003","E07000009","E05011567"
"CB6 3UW",10,546204,274943,"E92000001","E19000001","E18000006","E10000003","E07000009","E05011567"
"CB6 3UX",10,546633,274635,"E92000001","E19000001","E18000006","E10000003","E07000009","E05011567"
"CB6 3UZ",10,544552,273212,"E92000001","E19000001","E18000006","E10000003","E07000009","E05011567"
"CB6 3WA",10,553061,280657,"E92000001","E19000001","E18000006","E10000003","E07000009","E05011565"
"CB6 3WB",10,553061,280777,"E92000001","E19000001","E18000006","E10000003","E07000009","E05011565"
"CB6 3WD",10,552940,280513,"E92000001","E19000001","E18000006","E10000003","E07000009","E05011565"
"CB6 3WE",10,552908,280744,"E92000001","E19000001","E18000006","E10000003","E07000009","E05011565"
"CB6 3WF",10,552953,280769,"E92000001","E19000001","E18000006","E10000003","E07000009","E05011565"
"CB6 3WH",10,553355,281249,"E92000001","E19000001","E18000006","E10000003","E07000009","E05011565"
"CB6 3WJ",10,553041,281008,"E92000001","E19000001","E18000006","E10000003","E07000009","E05011565"
"CB6 3WL",10,553203,281138,"E92000001","E19000001","E18000006","E10000003","E07000009","E05011565"
"CB6 3WN",10,553143,280982,"E92000001","E19000001","E18000006","E10000003","E07000009","E05011565"
"CB6 3WP",10,553326,281130,"E92000001","E19000001","E18000006","E10000003","E07000009","E05011565"
"CB6 3WQ",10,552778,280373,"E92000001","E19000001","E18000006","E10000003","E07000009","E05011565"
"CB6 3WR",10,553472,281187,"E92000001","E19000001","E18000006","E10000003","E07000009","E05011565"
"CB6 3WS",10,552916,280476,"E92000001","E19000001","E18000006","E10000003","E07000009","E05011565"
"CB6 3WT",10,552838,280589,"E92000001","E19000001","E18000006","E10000003","E07000009","E05011565"
"CB6 3WU",10,552788,280562,"E92000001","E19000001","E18000006","E10000003","E07000009","E05011565"
"CB6 3WW",10,552877,280237,"E92000001","E19000001","E18000006","E10000003","E07000009","E05011565"
"CB6 3WX",10,552768,280425,"E92000001","E19000001","E18000006","E10000003","E07000009","E05011565"
"CB6 3WY",10,552936,280319,"E92000001","E19000001","E18000006","E10000003","E07000009","E05011565"
"CB6 3XA",10,546358,275390,"E92000001","E19000001","E18000006","E10000003","E07000009","E05011567"
"CB6 3XB",10,546268,275153,"E92000001","E19000001","E18000006","E10000003","E07000009","E05011567"
"CB6 3XD",10,546479,275855,"E92000001","E19000001","E18000006","E10000003","E07000009","E05011567"
"CB6 3XE",10,546543,276008,"E92000001","E19000001","E18000006","E10000003","E07000009","E05011567"
"CB6 3XG",10,546656,276118,"E92000001","E19000001","E18000006","E10000003","E07000009","E05011567"
"CB6 3XL",10,546497,275789,"E92000001","E19000001","E18000006","E10000003","E07000009","E05011567"
"CB6 3XN",10,551367,274475,"E92000001","E19000001","E18000006","E10000003","E07000009","E05011571"
"CB6 3XR",10,551490,274751,"E92000001","E19000001","E18000006","E10000003","E07000009","E05011571"
"CB6 3XS",10,548342,274904,"E92000001","E19000001","E18000006","E10000003","E07000009","E05011571"
"CB6 3YE",10,553170,276138,"E92000001","E19000001","E18000006","E10000003","E07000009","E05011571"
"CB6 3YH",10,553009,279876,"E92000001","E19000001","E18000006","E10000003","E07000009","E05011565"
"CB6 3YJ",10,553060,279932,"E92000001","E19000001","E18000006","E10000003","E07000009","E05011565"
"CB7 4AA",10,554390,280233,"E92000001","E19000001","E18000006","E10000003","E07000009","E05011563"
"CB7 4AB",10,554258,280680,"E92000001","E19000001","E18000006","E10000003","E07000009","E05011563"
"CB7 4AD",10,554814,280533,"E92000001","E19000001","E18000006","E10000003","E07000009","E05011563"
"CB7 4AF",10,554355,280219,"E92000001","E19000001","E18000006","E10000003","E07000009","E05011563"
"CB7 4AH",10,554372,280068,"E92000001","E19000001","E18000006","E10000003","E07000009","E05011563"
"CB7 4AJ",10,554403,280031,"E92000001","E19000001","E18000006","E10000003","E07000009","E05011563"
"CB7 4AL",10,553840,280401,"E92000001","E19000001","E18000006","E10000003","E07000009","E05011565"
"CB7 4AN",10,554311,280250,"E92000001","E19000001","E18000006","E10000003","E07000009","E05011563"
"CB7 4AQ",10,554467,280158,"E92000001","E19000001","E18000006","E10000003","E07000009","E05011563"
"CB7 4AR",10,554499,280097,"E92000001","E19000001","E18000006","E10000003","E07000009","E05011563"
"CB7 4AS",10,554527,280216,"E92000001","E19000001","E18000006","E10000003","E07000009","E05011563"
"CB7 4AT",10,554607,280160,"E92000001","E19000001","E18000006","E10000003","E07000009","E05011563"
"CB7 4AU",10,554568,280054,"E92000001","E19000001","E18000006","E10000003","E07000009","E05011563"
"CB7 4AY",10,554609,280070,"E92000001","E19000001","E18000006","E10000003","E07000009","E05011563"
"CB7 4AZ",10,554537,280059,"E92000001","E19000001","E18000006","E10000003","E07000009","E05011563"
"CB7 4BA",10,554528,279954,"E92000001","E19000001","E18000006","E10000003","E07000009","E05011563"
"CB7 4BB",10,554436,279944,"E92000001","E19000001","E18000006","E10000003","E07000009","E05011563"
"CB7 4BD",10,554318,279897,"E92000001","E19000001","E18000006","E10000003","E07000009","E05011563"
"CB7 4BE",10,554268,279867,"E92000001","E19000001","E18000006","E10000003","E07000009","E05011563"
"CB7 4BG",10,554308,279969,"E92000001","E19000001","E18000006","E10000003","E07000009","E05011563"
"CB7 4BH",10,554317,280023,"E92000001","E19000001","E18000006","E10000003","E07000009","E05011563"
"CB7 4BJ",10,554359,279853,"E92000001","E19000001","E18000006","E10000003","E07000009","E05011563"
"CB7 4BL",10,554320,279794,"E92000001","E19000001","E18000006","E10000003","E07000009","E05011563"
"CB7 4BN",10,554365,279719,"E92000001","E19000001","E18000006","E10000003","E07000009","E05011563"
"CB7 4BP",10,554388,279614,"E92000001","E19000001","E18000006","E10000003","E07000009","E05011563"
"CB7 4BQ",10,554249,279813,"E92000001","E19000001","E18000006","E10000003","E07000009","E05011563"
"CB7 4BS",10,554235,279647,"E92000001","E19000001","E18000006","E10000003","E07000009","E05011565"
"CB7 4BU",10,554259,279728,"E92000001","E19000001","E18000006","E10000003","E07000009","E05011563"
"CB7 4BW",10,554316,279628,"E92000001","E19000001","E18000006","E10000003","E07000009","E05011563"
"CB7 4BX",10,554108,279673,"E92000001","E19000001","E18000006","E10000003","E07000009","E05011565"
"CB7 4BY",10,554041,279698,"E92000001","E19000001","E18000006","E10000003","E07000009","E05011565"
"CB7 4BZ",10,554085,279813,"E92000001","E19000001","E18000006","E10000003","E07000009","E05011565"
"CB7 4DA",10,554116,279831,"E92000001","E19000001","E18000006","E10000003","E07000009","E05011563"
"CB7 4DB",10,553900,279951,"E92000001","E19000001","E18000006","E10000003","E07000009","E05011565"
"CB7 4DD",10,553764,280016,"E92000001","E19000001","E18000006","E10000003","E07000009","E05011565"
"CB7 4DE",10,553829,279997,"E92000001","E19000001","E18000006","E10000003","E07000009","E05011565"
"CB7 4DF",10,553954,279995,"E92000001","E19000001","E18000006","E10000003","E07000009","E05011565"
"CB7 4DG",10,553977,279915,"E92000001","E19000001","E18000006","E10000003","E07000009","E05011565"
"CB7 4DH",10,554001,280146,"E92000001","E19000001","E18000006","E10000003","E07000009","E05011565"
"CB7 4DJ",10,554230,279425,"E92000001","E19000001","E18000006","E10000003","E07000009","E05011565"
"CB7 4DL",10,554129,280176,"E92000001","E19000001","E18000006","E10000003","E07000009","E05011563"
"CB7 4DN",10,554241,280137,"E92000001","E19000001","E18000006","E10000003","E07000009","E05011563"
"CB7 4DR",10,553915,280006,"E92000001","E19000001","E18000006","E10000003","E07000009","E05011565"
"CB7 4DS",10,554150,280321,"E92000001","E19000001","E18000006","E10000003","E07000009","E05011563"
"CB7 4DT",10,554106,279506,"E92000001","E19000001","E18000006","E10000003","E07000009","E05011565"
"CB7 4DU",10,554506,280780,"E92000001","E19000001","E18000006","E10000003","E07000009","E05011563"
"CB7 4DW",10,554061,280175,"E92000001","E19000001","E18000006","E10000003","E07000009","E05011563"
"CB7 4DX",10,553861,279895,"E92000001","E19000001","E18000006","E10000003","E07000009","E05011565"
"CB7 4DY",10,554475,279377,"E92000001","E19000001","E18000006","E10000003","E07000009","E05011563"
"CB7 4EA",10,553990,279270,"E92000001","E19000001","E18000006","E10000003","E07000009","E05011565"
"CB7 4EB",10,554683,280158,"E92000001","E19000001","E18000006","E10000003","E07000009","E05011563"
"CB7 4ED",10,554639,280360,"E92000001","E19000001","E18000006","E10000003","E07000009","E05011563"
"CB7 4EE",10,554107,280508,"E92000001","E19000001","E18000006","E10000003","E07000009","E05011563"
"CB7 4EF",10,554719,280447,"E92000001","E19000001","E18000006","E10000003","E07000009","E05011563"
"CB7 4EG",10,554026,280424,"E92000001","E19000001","E18000006","E10000003","E07000009","E05011565"
"CB7 4EH",10,554076,279262,"E92000001","E19000001","E18000006","E10000003","E07000009","E05011565"
"CB7 4EJ",10,554042,280379,"E92000001","E19000001","E18000006","E10000003","E07000009","E05011563"
"CB7 4EL",10,554039,280335,"E92000001","E19000001","E18000006","E10000003","E07000009","E05011563"
"CB7 4EN",10,554010,280360,"E92000001","E19000001","E18000006","E10000003","E07000009","E05011565"
"CB7 4EP",10,553975,280355,"E92000001","E19000001","E18000006","E10000003","E07000009","E05011565"
"CB7 4EQ",10,553497,280099,"E92000001","E19000001","E18000006","E10000003","E07000009","E05011565"
"CB7 4ER",10,553938,280370,"E92000001","E19000001","E18000006","E10000003","E07000009","E05011565"
"CB7 4ES",10,553927,280402,"E92000001","E19000001","E18000006","E10000003","E07000009","E05011565"
"CB7 4EW",10,553989,280326,"E92000001","E19000001","E18000006","E10000003","E07000009","E05011565"
"CB7 4EX",10,553932,278989,"E92000001","E19000001","E18000006","E10000003","E07000009","E05011565"
"CB7 4EY",10,553769,280277,"E92000001","E19000001","E18000006","E10000003","E07000009","E05011565"
"CB7 4EZ",10,554407,279965,"E92000001","E19000001","E18000006","E10000003","E07000009","E05011563"
"CB7 4FA",10,554783,280377,"E92000001","E19000001","E18000006","E10000003","E07000009","E05011563"
"CB7 4FD",10,554741,282123,"E92000001","E19000001","E18000006","E10000003","E07000009","E05011564"
"CB7 4FE",10,554873,282092,"E92000001","E19000001","E18000006","E10000003","E07000009","E05011564"
"CB7 4FF",10,554793,281959,"E92000001","E19000001","E18000006","E10000003","E07000009","E05011564"
"CB7 4FG",10,554735,281925,"E92000001","E19000001","E18000006","E10000003","E07000009","E05011564"
"CB7 4FJ",10,554421,280166,"E92000001","E19000001","E18000006","E10000003","E07000009","E05011563"
"CB7 4FN",10,554283,279786,"E92000001","E19000001","E18000006","E10000003","E07000009","E05011563"
"CB7 4FQ",10,554652,281781,"E92000001","E19000001","E18000006","E10000003","E07000009","E05011564"
"CB7 4FU",10,555334,281664,"E92000001","E19000001","E18000006","E10000003","E07000009","E05011564"
"CB7 4FW",10,554367,279928,"E92000001","E19000001","E18000006","E10000003","E07000009","E05011563"
"CB7 4FZ",10,555330,281705,"E92000001","E19000001","E18000006","E10000003","E07000009","E05011564"
"CB7 4GA",10,554042,279396,"E92000001","E19000001","E18000006","E10000003","E07000009","E05011565"
"CB7 4GB",10,554443,280026,"E92000001","E19000001","E18000006","E10000003","E07000009","E05011563"
"CB7 4GD",10,554930,281015,"E92000001","E19000001","E18000006","E10000003","E07000009","E05011563"
"CB7 4GE",10,554418,280118,"E92000001","E19000001","E18000006","E10000003","E07000009","E05011563"
"CB7 4GF",10,554467,280066,"E92000001","E19000001","E18000006","E10000003","E07000009","E05011563"
"CB7 4GH",10,554173,279684,"E92000001","E19000001","E18000006","E10000003","E07000009","E05011565"
"CB7 4GQ",10,555250,281254,"E92000001","E19000001","E18000006","E10000003","E07000009","E05011564"
"CB7 4GR",10,555460,281289,"E92000001","E19000001","E18000006","E10000003","E07000009","E05011564"
"CB7 4GS",10,554101,279095,"E92000001","E19000001","E18000006","E10000003","E07000009","E05011565"
"CB7 4HA",10,553506,280120,"E92000001","E19000001","E18000006","E10000003","E07000009","E05011565"
"CB7 4HD",10,553774,280222,"E92000001","E19000001","E18000006","E10000003","E07000009","E05011565"
"CB7 4HF",10,553732,280215,"E92000001","E19000001","E18000006","E10000003","E07000009","E05011565"
"CB7 4HG",10,554416,280194,"E92000001","E19000001","E18000006","E10000003","E07000009","E05011563"
"CB7 4HH",10,553653,280220,"E92000001","E19000001","E18000006","E10000003","E07000009","E05011565"
"CB7 4HJ",10,553540,280007,"E92000001","E19000001","E18000006","E10000003","E07000009","E05011565"
"CB7 4HL",10,553522,280059,"E92000001","E19000001","E18000006","E10000003","E07000009","E05011565"
"CB7 4HQ",10,553666,280129,"E92000001","E19000001","E18000006","E10000003","E07000009","E05011565"
"CB7 4HT",10,553418,279795,"E92000001","E19000001","E18000006","E10000003","E07000009","E05011565"
"CB7 4HU",10,553309,279639,"E92000001","E19000001","E18000006","E10000003","E07000009","E05011565"
"CB7 4HW",10,553354,279825,"E92000001","E19000001","E18000006","E10000003","E07000009","E05011565"
"CB7 4HX",10,553426,279716,"E92000001","E19000001","E18000006","E10000003","E07000009","E05011565"
"CB7 4HY",10,553307,279822,"E92000001","E19000001","E18000006","E10000003","E07000009","E05011565"
"CB7 4HZ",10,553598,279915,"E92000001","E19000001","E18000006","E10000003","E07000009","E05011565"
"CB7 4JA",10,553735,280110,"E92000001","E19000001","E18000006","E10000003","E07000009","E05011565"
"CB7 4JB",10,553743,280171,"E92000001","E19000001","E18000006","E10000003","E07000009","E05011565"
"CB7 4JD",10,553830,280162,"E92000001","E19000001","E18000006","E10000003","E07000009","E05011565"
"CB7 4JE",10,553801,280083,"E92000001","E19000001","E18000006","E10000003","E07000009","E05011565"
"CB7 4JF",10,553892,280104,"E92000001","E19000001","E18000006","E10000003","E07000009","E05011565"
"CB7 4JG",10,553879,280202,"E92000001","E19000001","E18000006","E10000003","E07000009","E05011565"
"CB7 4JH",10,553944,280358,"E92000001","E19000001","E18000006","E10000003","E07000009","E05011565"
"CB7 4JJ",10,553359,279535,"E92000001","E19000001","E18000006","E10000003","E07000009","E05011565"
"CB7 4JL",10,553873,280052,"E92000001","E19000001","E18000006","E10000003","E07000009","E05011565"
"CB7 4JN",10,553433,280035,"E92000001","E19000001","E18000006","E10000003","E07000009","E05011565"
"CB7 4JP",10,555522,281636,"E92000001","E19000001","E18000006","E10000003","E07000009","E05011564"
"CB7 4JR",10,554221,280351,"E92000001","E19000001","E18000006","E10000003","E07000009","E05011563"
"CB7 4JS",10,554839,280645,"E92000001","E19000001","E18000006","E10000003","E07000009","E05011563"
"CB7 4JU",10,554137,280328,"E92000001","E19000001","E18000006","E10000003","E07000009","E05011563"
"CB7 4JW",10,554036,279261,"E92000001","E19000001","E18000006","E10000003","E07000009","E05011565"
"CB7 4LB",10,554055,280348,"E92000001","E19000001","E18000006","E10000003","E07000009","E05011563"
"CB7 4LF",10,554209,280337,"E92000001","E19000001","E18000006","E10000003","E07000009","E05011563"
"CB7 4LH",10,555550,281405,"E92000001","E19000001","E18000006","E10000003","E07000009","E05011564"
"CB7 4LJ",10,554079,280365,"E92000001","E19000001","E18000006","E10000003","E07000009","E05011563"
"CB7 4LN",10,554115,280384,"E92000001","E19000001","E18000006","E10000003","E07000009","E05011563"
"CB7 4LP",10,554075,280398,"E92000001","E19000001","E18000006","E10000003","E07000009","E05011563"
"CB7 4LQ",10,554143,280349,"E92000001","E19000001","E18000006","E10000003","E07000009","E05011563"
"CB7 4LR",10,554086,280427,"E92000001","E19000001","E18000006","E10000003","E07000009","E05011563"
"CB7 4LS",10,554151,280442,"E92000001","E19000001","E18000006","E10000003","E07000009","E05011563"
"CB7 4LT",10,554200,280334,"E92000001","E19000001","E18000006","E10000003","E07000009","E05011563"
"CB7 4LU",10,554155,280486,"E92000001","E19000001","E18000006","E10000003","E07000009","E05011563"
"CB7 4LX",10,555393,281313,"E92000001","E19000001","E18000006","E10000003","E07000009","E05011564"
"CB7 4LY",10,554230,280329,"E92000001","E19000001","E18000006","E10000003","E07000009","E05011563"
"CB7 4LZ",10,554162,280409,"E92000001","E19000001","E18000006","E10000003","E07000009","E05011563"
"CB7 4NA",10,554190,280395,"E92000001","E19000001","E18000006","E10000003","E07000009","E05011563"
"CB7 4NB",10,554194,280364,"E92000001","E19000001","E18000006","E10000003","E07000009","E05011563"
"CB7 4NE",10,554172,280391,"E92000001","E19000001","E18000006","E10000003","E07000009","E05011563"
"CB7 4NF",10,555301,281259,"E92000001","E19000001","E18000006","E10000003","E07000009","E05011564"
"CB7 4NL",10,555436,281345,"E92000001","E19000001","E18000006","E10000003","E07000009","E05011564"
"CB7 4NP",10,554322,280305,"E92000001","E19000001","E18000006","E10000003","E07000009","E05011563"
"CB7 4NR",10,553093,278981,"E92000001","E19000001","E18000006","E10000003","E07000009","E05011565"
"CB7 4NT",10,554268,280330,"E92000001","E19000001","E18000006","E10000003","E07000009","E05011563"
"CB7 4NU",10,554283,280367,"E92000001","E19000001","E18000006","E10000003","E07000009","E05011563"
"CB7 4NY",10,554251,280309,"E92000001","E19000001","E18000006","E10000003","E07000009","E05011563"
"CB7 4PB",10,554234,280373,"E92000001","E19000001","E18000006","E10000003","E07000009","E05011563"
"CB7 4PE",10,554272,280513,"E92000001","E19000001","E18000006","E10000003","E07000009","E05011563"
"CB7 4PF",10,554628,280226,"E92000001","E19000001","E18000006","E10000003","E07000009","E05011563"
"CB7 4PG",10,554239,280487,"E92000001","E19000001","E18000006","E10000003","E07000009","E05011563"
"CB7 4PJ",10,555374,281339,"E92000001","E19000001","E18000006","E10000003","E07000009","E05011564"
"CB7 4PL",10,554190,280551,"E92000001","E19000001","E18000006","E10000003","E07000009","E05011563"
"CB7 4PN",10,554453,280628,"E92000001","E19000001","E18000006","E10000003","E07000009","E05011563"
"CB7 4PP",10,554552,280675,"E92000001","E19000001","E18000006","E10000003","E07000009","E05011563"
"CB7 4PQ",10,554315,280549,"E92000001","E19000001","E18000006","E10000003","E07000009","E05011563"
"CB7 4PR",10,554589,280750,"E92000001","E19000001","E18000006","E10000003","E07000009","E05011563"
"CB7 4PS",10,554357,280810,"E92000001","E19000001","E18000006","E10000003","E07000009","E05011563"
"CB7 4PT",10,554453,280798,"E92000001","E19000001","E18000006","E10000003","E07000009","E05011563"
"CB7 4PW",10,554567,280813,"E92000001","E19000001","E18000006","E10000003","E07000009","E05011563"
"CB7 4PX",10,554192,280473,"E92000001","E19000001","E18000006","E10000003","E07000009","E05011563"
"CB7 4PY",10,554280,280578,"E92000001","E19000001","E18000006","E10000003","E07000009","E05011563"
"CB7 4QA",10,555264,281517,"E92000001","E19000001","E18000006","E10000003","E07000009","E05011564"
"CB7 4QB",10,554702,281915,"E92000001","E19000001","E18000006","E10000003","E07000009","E05011564"
"CB7 4QD",10,554656,281972,"E92000001","E19000001","E18000006","E10000003","E07000009","E05011564"
"CB7 4QE",10,554478,280266,"E92000001","E19000001","E18000006","E10000003","E07000009","E05011563"
"CB7 4QF",10,554528,280502,"E92000001","E19000001","E18000006","E10000003","E07000009","E05011563"
"CB7 4QG",10,554473,280367,"E92000001","E19000001","E18000006","E10000003","E07000009","E05011563"
"CB7 4QH",10,554471,280447,"E92000001","E19000001","E18000006","E10000003","E07000009","E05011563"
"CB7 4QJ",10,554444,280519,"E92000001","E19000001","E18000006","E10000003","E07000009","E05011563"
"CB7 4QL",10,555347,281508,"E92000001","E19000001","E18000006","E10000003","E07000009","E05011564"
"CB7 4QN",10,554335,280335,"E92000001","E19000001","E18000006","E10000003","E07000009","E05011563"
"CB7 4QP",10,554424,280543,"E92000001","E19000001","E18000006","E10000003","E07000009","E05011563"
"CB7 4QQ",10,554617,280491,"E92000001","E19000001","E18000006","E10000003","E07000009","E05011563"
"CB7 4QR",10,554578,280636,"E92000001","E19000001","E18000006","E10000003","E07000009","E05011563"
"CB7 4QS",10,555350,281477,"E92000001","E19000001","E18000006","E10000003","E07000009","E05011564"
"CB7 4QT",10,554606,280604,"E92000001","E19000001","E18000006","E10000003","E07000009","E05011563"
"CB7 4QW",10,555290,281444,"E92000001","E19000001","E18000006","E10000003","E07000009","E05011564"
"CB7 4QX",10,555084,281350,"E92000001","E19000001","E18000006","E10000003","E07000009","E05011564"
"CB7 4QY",10,554693,280562,"E92000001","E19000001","E18000006","E10000003","E07000009","E05011563"
"CB7 4QZ",10,554669,280748,"E92000001","E19000001","E18000006","E10000003","E07000009","E05011563"
"CB7 4RA",10,555162,281759,"E92000001","E19000001","E18000006","E10000003","E07000009","E05011564"
"CB7 4RB",10,555006,281337,"E92000001","E19000001","E18000006","E10000003","E07000009","E05011563"
"CB7 4RD",10,554575,280934,"E92000001","E19000001","E18000006","E10000003","E07000009","E05011563"
"CB7 4RE",10,554416,281008,"E92000001","E19000001","E18000006","E10000003","E07000009","E05011563"
"CB7 4RF",10,554612,281002,"E92000001","E19000001","E18000006","E10000003","E07000009","E05011563"
"CB7 4RG",10,554450,281076,"E92000001","E19000001","E18000006","E10000003","E07000009","E05011563"
"CB7 4RH",10,554669,281095,"E92000001","E19000001","E18000006","E10000003","E07000009","E05011563"
"CB7 4RJ",10,554597,281122,"E92000001","E19000001","E18000006","E10000003","E07000009","E05011563"
"CB7 4RL",10,554874,281116,"E92000001","E19000001","E18000006","E10000003","E07000009","E05011563"
"CB7 4RN",10,554669,281231,"E92000001","E19000001","E18000006","E10000003","E07000009","E05011563"
"CB7 4RP",10,554756,281240,"E92000001","E19000001","E18000006","E10000003","E07000009","E05011563"
"CB7 4RQ",10,554708,281059,"E92000001","E19000001","E18000006","E10000003","E07000009","E05011563"
"CB7 4RR",10,554800,281233,"E92000001","E19000001","E18000006","E10000003","E07000009","E05011563"
"CB7 4RS",10,555133,281996,"E92000001","E19000001","E18000006","E10000003","E07000009","E05011564"
"CB7 4RT",10,555057,282065,"E92000001","E19000001","E18000006","E10000003","E07000009","E05011564"
"CB7 4RU",10,555056,281940,"E92000001","E19000001","E18000006","E10000003","E07000009","E05011564"
"CB7 4RW",10,554763,281358,"E92000001","E19000001","E18000006","E10000003","E07000009","E05011563"
"CB7 4RX",10,555121,281768,"E92000001","E19000001","E18000006","E10000003","E07000009","E05011564"
"CB7 4RY",10,555072,281667,"E92000001","E19000001","E18000006","E10000003","E07000009","E05011564"
"CB7 4RZ",10,555034,281986,"E92000001","E19000001","E18000006","E10000003","E07000009","E05011564"
"CB7 4SA",10,554967,282046,"E92000001","E19000001","E18000006","E10000003","E07000009","E05011564"
"CB7 4SB",10,554834,281097,"E92000001","E19000001","E18000006","E10000003","E07000009","E05011563"
"CB7 4SD",10,554498,281073,"E92000001","E19000001","E18000006","E10000003","E07000009","E05011563"
"CB7 4SE",10,554785,280601,"E92000001","E19000001","E18000006","E10000003","E07000009","E05011563"
"CB7 4SF",10,554909,281165,"E92000001","E19000001","E18000006","E10000003","E07000009","E05011563"
"CB7 4SH",10,556928,281507,"E92000001","E19000001","E18000006","E10000003","E07000009","E05011564"
"CB7 4SJ",10,560362,282982,"E92000001","E19000001","E18000006","E10000003","E07000009","E05011564"
"CB7 4SL",10,561619,283863,"E92000001","E19000001","E18000006","E10000003","E07000009","E05011564"
"CB7 4SN",10,560535,283955,"E92000001","E19000001","E18000006","E10000003","E07000009","E05011564"
"CB7 4SP",10,564021,284083,"E92000001","E19000001","E18000006","E10000003","E07000009","E05011564"
"CB7 4SQ",10,554338,280282,"E92000001","E19000001","E18000006","E10000003","E07000009","E05011563"
"CB7 4SR",10,563717,283736,"E92000001","E19000001","E18000006","E10000003","E07000009","E05011564"
"CB7 4SS",10,564039,285773,"E92000001","E19000001","E18000006","E10000003","E07000009","E05011568"
"CB7 4ST",10,563961,285067,"E92000001","E19000001","E18000006","E10000003","E07000009","E05011568"
"CB7 4SU",10,562112,285101,"E92000001","E19000001","E18000006","E10000003","E07000009","E05011564"
"CB7 4SW",10,560720,282891,"E92000001","E19000001","E18000006","E10000003","E07000009","E05011564"
"CB7 4SX",10,554035,279486,"E92000001","E19000001","E18000006","E10000003","E07000009","E05011565"
"CB7 4SY",10,560202,286227,"E92000001","E19000001","E18000006","E10000003","E07000009","E05011568"
"CB7 4TA",10,557703,286856,"E92000001","E19000001","E18000006","E10000003","E07000009","E05011568"
"CB7 4TB",10,558135,288047,"E92000001","E19000001","E18000006","E10000003","E07000009","E05011568"
"CB7 4TD",10,559617,290258,"E92000001","E19000001","E18000006","E10000003","E07000009","E05011568"
"CB7 4TE",10,560449,288255,"E92000001","E19000001","E18000006","E10000003","E07000009","E05011568"
"CB7 4TF",10,559876,287151,"E92000001","E19000001","E18000006","E10000003","E07000009","E05011568"
"CB7 4TG",10,561837,289073,"E92000001","E19000001","E18000006","E10000003","E07000009","E05011568"
"CB7 4TH",10,554991,280906,"E92000001","E19000001","E18000006","E10000003","E07000009","E05011563"
"CB7 4TJ",10,554918,280839,"E92000001","E19000001","E18000006","E10000003","E07000009","E05011563"
"CB7 4TL",10,554949,280891,"E92000001","E19000001","E18000006","E10000003","E07000009","E05011563"
"CB7 4TN",10,554992,280995,"E92000001","E19000001","E18000006","E10000003","E07000009","E05011563"
"CB7 4TP",10,555060,280960,"E92000001","E19000001","E18000006","E10000003","E07000009","E05011563"
"CB7 4TQ",10,560810,283845,"E92000001","E19000001","E18000006","E10000003","E07000009","E05011564"
"CB7 4TR",10,555037,280885,"E92000001","E19000001","E18000006","E10000003","E07000009","E05011563"
"CB7 4TS",10,555098,280874,"E92000001","E19000001","E18000006","E10000003","E07000009","E05011563"
"CB7 4TT",10,555195,280893,"E92000001","E19000001","E18000006","E10000003","E07000009","E05011563"
"CB7 4TU",10,555116,280986,"E92000001","E19000001","E18000006","E10000003","E07000009","E05011563"
"CB7 4TW",10,555147,280969,"E92000001","E19000001","E18000006","E10000003","E07000009","E05011563"
"CB7 4TX",10,555168,280828,"E92000001","E19000001","E18000006","E10000003","E07000009","E05011563"
"CB7 4TY",10,555690,281534,"E92000001","E19000001","E18000006","E10000003","E07000009","E05011564"
"CB7 4TZ",10,556254,281481,"E92000001","E19000001","E18000006","E10000003","E07000009","E05011564"
"CB7 4UA",10,556207,281483,"E92000001","E19000001","E18000006","E10000003","E07000009","E05011564"
"CB7 4UB",10,556261,281082,"E92000001","E19000001","E18000006","E10000003","E07000009","E05011564"
"CB7 4UD",10,557756,282840,"E92000001","E19000001","E18000006","E10000003","E07000009","E05011564"
"CB7 4UE",10,557048,283048,"E92000001","E19000001","E18000006","E10000003","E07000009","E05011564"
"CB7 4UF",10,557850,283923,"E92000001","E19000001","E18000006","E10000003","E07000009","E05011564"
"CB7 4UG",10,557342,284456,"E92000001","E19000001","E18000006","E10000003","E07000009","E05011564"
"CB7 4UJ",10,558769,282163,"E92000001","E19000001","E18000006","E10000003","E07000009","E05011564"
"CB7 4UL",10,559209,282051,"E92000001","E19000001","E18000006","E10000003","E07000009","E05011564"
"CB7 4UN",10,559525,282431,"E92000001","E19000001","E18000006","E10000003","E07000009","E05011564"
"CB7 4UP",10,559506,282914,"E92000001","E19000001","E18000006","E10000003","E07000009","E05011564"
"CB7 4UQ",10,556898,281606,"E92000001","E19000001","E18000006","E10000003","E07000009","E05011564"
"CB7 4UR",10,559213,283585,"E92000001","E19000001","E18000006","E10000003","E07000009","E05011564"
"CB7 4US",10,554972,281713,"E92000001","E19000001","E18000006","E10000003","E07000009","E05011564"
"CB7 4UT",10,559222,281934,"E92000001","E19000001","E18000006","E10000003","E07000009","E05011564"
"CB7 4UU",10,559553,281924,"E92000001","E19000001","E18000006","E10000003","E07000009","E05011564"
"CB7 4UW",10,559675,282610,"E92000001","E19000001","E18000006","E10000003","E07000009","E05011564"
"CB7 4UY",10,559300,282225,"E92000001","E19000001","E18000006","E10000003","E07000009","E05011564"
"CB7 4WH",10,554159,280365,"E92000001","E19000001","E18000006","E10000003","E07000009","E05011563"
"CB7 4WJ",10,553521,280144,"E92000001","E19000001","E18000006","E10000003","E07000009","E05011565"
"CB7 4XJ",10,557464,281129,"E92000001","E19000001","E18000006","E10000003","E07000009","E05011564"
"CB7 4XS",10,553283,279914,"E92000001","E19000001","E18000006","E10000003","E07000009","E05011565"
"CB7 4YF",10,555179,281569,"E92000001","E19000001","E18000006","E10000003","E07000009","E05011564"
"CB7 4YG",10,555263,281550,"E92000001","E19000001","E18000006","E10000003","E07000009","E05011564"
"CB7 4YH",10,555162,281057,"E92000001","E19000001","E18000006","E10000003","E07000009","E05011563"
"CB7 4YJ",10,555156,281142,"E92000001","E19000001","E18000006","E10000003","E07000009","E05011563"
"CB7 4YL",10,555195,281143,"E92000001","E19000001","E18000006","E10000003","E07000009","E05011563"
"CB7 4YS",10,555501,281586,"E92000001","E19000001","E18000006","E10000003","E07000009","E05011564"
"CB7 4YY",10,554205,280421,"E92000001","E19000001","E18000006","E10000003","E07000009","E05011563"
"CB7 4ZB",10,555370,281609,"E92000001","E19000001","E18000006","E10000003","E07000009","E05011564"
"CB7 4ZE",10,553964,279173,"E92000001","E19000001","E18000006","E10000003","E07000009","E05011565"
"CB7 4ZH",10,554310,280392,"E92000001","E19000001","E18000006","E10000003","E07000009","E05011563"
"CB7 5AA",10,559575,272791,"E92000001","E19000001","E18000006","E10000003","E07000009","E05011570"
"CB7 5AB",10,559788,272805,"E92000001","E19000001","E18000006","E10000003","E07000009","E05011570"
"CB7 5AD",10,559972,272845,"E92000001","E19000001","E18000006","E10000003","E07000009","E05011570"
"CB7 5AE",10,560208,272605,"E92000001","E19000001","E18000006","E10000003","E07000009","E05011570"
"CB7 5AF",10,559992,272647,"E92000001","E19000001","E18000006","E10000003","E07000009","E05011570"
"CB7 5AG",10,559934,272706,"E92000001","E19000001","E18000006","E10000003","E07000009","E05011570"
"CB7 5AH",10,560074,272349,"E92000001","E19000001","E18000006","E10000003","E07000009","E05011570"
"CB7 5AJ",10,560732,271877,"E92000001","E19000001","E18000006","E10000003","E07000009","E05011570"
"CB7 5AL",10,560565,271945,"E92000001","E19000001","E18000006","E10000003","E07000009","E05011570"
"CB7 5AN",10,559713,272533,"E92000001","E19000001","E18000006","E10000003","E07000009","E05011570"
"CB7 5AP",10,559822,272478,"E92000001","E19000001","E18000006","E10000003","E07000009","E05011570"
"CB7 5AQ",10,559819,272600,"E92000001","E19000001","E18000006","E10000003","E07000009","E05011570"
"CB7 5AR",10,559873,272376,"E92000001","E19000001","E18000006","E10000003","E07000009","E05011570"
"CB7 5AS",10,560837,271564,"E92000001","E19000001","E18000006","E10000003","E07000009","E05011570"
"CB7 5AT",10,560918,271695,"E92000001","E19000001","E18000006","E10000003","E07000009","E05011570"
"CB7 5AU",10,560704,271710,"E92000001","E19000001","E18000006","E10000003","E07000009","E05011570"
"CB7 5AW",10,559662,272191,"E92000001","E19000001","E18000006","E10000003","E07000009","E05011570"
"CB7 5AX",10,560742,271698,"E92000001","E19000001","E18000006","E10000003","E07000009","E05011570"
"CB7 5AY",10,560578,271738,"E92000001","E19000001","E18000006","E10000003","E07000009","E05011570"
"CB7 5AZ",10,560572,271670,"E92000001","E19000001","E18000006","E10000003","E07000009","E05011570"
"CB7 5BA",10,560387,272379,"E92000001","E19000001","E18000006","E10000003","E07000009","E05011570"
"CB7 5BB",10,559748,272855,"E92000001","E19000001","E18000006","E10000003","E07000009","E05011570"
"CB7 5BD",10,559738,272933,"E92000001","E19000001","E18000006","E10000003","E07000009","E05011570"
"CB7 5BE",10,560295,272376,"E92000001","E19000001","E18000006","E10000003","E07000009","E05011570"
"CB7 5BF",10,563716,273876,"E92000001","E19000001","E18000006","E10000003","E07000009","E05011566"
"CB7 5BG",10,560840,271767,"E92000001","E19000001","E18000006","E10000003","E07000009","E05011570"
"CB7 5BH",10,559290,273524,"E92000001","E19000001","E18000006","E10000003","E07000009","E05011570"
"CB7 5BJ",10,559352,273627,"E92000001","E19000001","E18000006","E10000003","E07000009","E05011569"
"CB7 5BL",10,559088,273603,"E92000001","E19000001","E18000006","E10000003","E07000009","E05011569"
"CB7 5BN",10,559151,273854,"E92000001","E19000001","E18000006","E10000003","E07000009","E05011569"
"CB7 5BP",10,560770,271788,"E92000001","E19000001","E18000006","E10000003","E07000009","E05011570"
"CB7 5BQ",10,559479,273718,"E92000001","E19000001","E18000006","E10000003","E07000009","E05011569"
"CB7 5BS",10,559247,273767,"E92000001","E19000001","E18000006","E10000003","E07000009","E05011569"
"CB7 5BT",10,559310,273741,"E92000001","E19000001","E18000006","E10000003","E07000009","E05011569"
"CB7 5BU",10,559399,273838,"E92000001","E19000001","E18000006","E10000003","E07000009","E05011569"
"CB7 5BW",10,559157,273932,"E92000001","E19000001","E18000006","E10000003","E07000009","E05011569"
"CB7 5BX",10,559456,273793,"E92000001","E19000001","E18000006","E10000003","E07000009","E05011569"
"CB7 5BY",10,559354,273968,"E92000001","E19000001","E18000006","E10000003","E07000009","E05011569"
"CB7 5BZ",10,559360,274043,"E92000001","E19000001","E18000006","E10000003","E07000009","E05011569"
"CB7 5DA",10,560426,272544,"E92000001","E19000001","E18000006","E10000003","E07000009","E05011570"
"CB7 5DB",10,559150,274217,"E92000001","E19000001","E18000006","E10000003","E07000009","E05011569"
"CB7 5DD",10,558893,274463,"E92000001","E19000001","E18000006","E10000003","E07000009","E05011569"
"CB7 5DE",10,558580,274915,"E92000001","E19000001","E18000006","E10000003","E07000009","E05011569"
"CB7 5DF",10,559366,274448,"E92000001","E19000001","E18000006","E10000003","E07000009","E05011569"
"CB7 5DG",10,559326,274495,"E92000001","E19000001","E18000006","E10000003","E07000009","E05011569"
"CB7 5DH",10,559706,274032,"E92000001","E19000001","E18000006","E10000003","E07000009","E05011569"
"CB7 5DJ",10,559208,273502,"E92000001","E19000001","E18000006","E10000003","E07000009","E05011569"
"CB7 5DL",10,559128,273459,"E92000001","E19000001","E18000006","E10000003","E07000009","E05011569"
"CB7 5DN",10,559090,273474,"E92000001","E19000001","E18000006","E10000003","E07000009","E05011569"
"CB7 5DP",10,560156,272443,"E92000001","E19000001","E18000006","E10000003","E07000009","E05011570"
"CB7 5DQ",10,559360,274193,"E92000001","E19000001","E18000006","E10000003","E07000009","E05011569"
"CB7 5DR",10,559337,273279,"E92000001","E19000001","E18000006","E10000003","E07000009","E05011570"
"CB7 5DS",10,559322,273327,"E92000001","E19000001","E18000006","E10000003","E07000009","E05011570"
"CB7 5DT",10,558946,274177,"E92000001","E19000001","E18000006","E10000003","E07000009","E05011569"
"CB7 5DU",10,559355,273368,"E92000001","E19000001","E18000006","E10000003","E07000009","E05011570"
"CB7 5DW",10,558407,274109,"E92000001","E19000001","E18000006","E10000003","E07000009","E05011569"
"CB7 5DX",10,559415,273405,"E92000001","E19000001","E18000006","E10000003","E07000009","E05011570"
"CB7 5DY",10,559211,273383,"E92000001","E19000001","E18000006","E10000003","E07000009","E05011569"
"CB7 5DZ",10,558954,273262,"E92000001","E19000001","E18000006","E10000003","E07000009","E05011569"
"CB7 5EA",10,559002,273424,"E92000001","E19000001","E18000006","E10000003","E07000009","E05011569"
"CB7 5EB",10,558944,273424,"E92000001","E19000001","E18000006","E10000003","E07000009","E05011569"
"CB7 5ED",10,559163,273265,"E92000001","E19000001","E18000006","E10000003","E07000009","E05011570"
"CB7 5EE",10,558825,273519,"E92000001","E19000001","E18000006","E10000003","E07000009","E05011569"
"CB7 5EF",10,558933,273634,"E92000001","E19000001","E18000006","E10000003","E07000009","E05011569"
"CB7 5EG",10,558607,274015,"E92000001","E19000001","E18000006","E10000003","E07000009","E05011569"
"CB7 5EH",10,558860,273996,"E92000001","E19000001","E18000006","E10000003","E07000009","E05011569"
"CB7 5EJ",10,559003,274068,"E92000001","E19000001","E18000006","E10000003","E07000009","E05011569"
"CB7 5EL",10,558259,274313,"E92000001","E19000001","E18000006","E10000003","E07000009","E05011569"
"CB7 5EN",10,558450,274239,"E92000001","E19000001","E18000006","E10000003","E07000009","E05011569"
"CB7 5EP",10,557558,274813,"E92000001","E19000001","E18000006","E10000003","E07000009","E05011569"
"CB7 5EQ",10,558919,273885,"E92000001","E19000001","E18000006","E10000003","E07000009","E05011569"
"CB7 5ER",10,557432,274632,"E92000001","E19000001","E18000006","E10000003","E07000009","E05011569"
"CB7 5ES",10,559076,274142,"E92000001","E19000001","E18000006","E10000003","E07000009","E05011569"
"CB7 5ET",10,559476,274550,"E92000001","E19000001","E18000006","E10000003","E07000009","E05011569"
"CB7 5EU",10,558937,273189,"E92000001","E19000001","E18000006","E10000003","E07000009","E05011569"
"CB7 5EW",10,558281,273926,"E92000001","E19000001","E18000006","E10000003","E07000009","E05011569"
"CB7 5EX",10,559022,273606,"E92000001","E19000001","E18000006","E10000003","E07000009","E05011569"
"CB7 5EY",10,559248,273321,"E92000001","E19000001","E18000006","E10000003","E07000009","E05011570"
"CB7 5EZ",10,559632,272892,"E92000001","E19000001","E18000006","E10000003","E07000009","E05011570"
"CB7 5FA",10,556655,280082,"E92000001","E19000001","E18000006","E10000003","E07000009","E05011563"
"CB7 5FB",10,559795,272509,"E92000001","E19000001","E18000006","E10000003","E07000009","E05011570"
"CB7 5FD",10,559109,273742,"E92000001","E19000001","E18000006","E10000003","E07000009","E05011569"
"CB7 5FE",10,558987,273831,"E92000001","E19000001","E18000006","E10000003","E07000009","E05011569"
"CB7 5FF",10,559630,272576,"E92000001","E19000001","E18000006","E10000003","E07000009","E05011570"
"CB7 5FG",10,558647,274382,"E92000001","E19000001","E18000006","E10000003","E07000009","E05011569"
"CB7 5FH",10,558813,274410,"E92000001","E19000001","E18000006","E10000003","E07000009","E05011569"
"CB7 5FJ",10,559476,273340,"E92000001","E19000001","E18000006","E10000003","E07000009","E05011570"
"CB7 5FL",10,559261,273369,"E92000001","E19000001","E18000006","E10000003","E07000009","E05011570"
"CB7 5FN",10,559031,272912,"E92000001","E19000001","E18000006","E10000003","E07000009","E05011570"
"CB7 5FP",10,560095,272375,"E92000001","E19000001","E18000006","E10000003","E07000009","E05011570"
"CB7 5FQ",10,559806,272706,"E92000001","E19000001","E18000006","E10000003","E07000009","E05011570"
"CB7 5FR",10,558640,274078,"E92000001","E19000001","E18000006","E10000003","E07000009","E05011569"
"CB7 5FS",10,558893,274241,"E92000001","E19000001","E18000006","E10000003","E07000009","E05011569"
"CB7 5FT",10,558918,274326,"E92000001","E19000001","E18000006","E10000003","E07000009","E05011569"
"CB7 5FU",10,560093,272590,"E92000001","E19000001","E18000006","E10000003","E07000009","E05011570"
"CB7 5FW",10,559049,273882,"E92000001","E19000001","E18000006","E10000003","E07000009","E05011569"
"CB7 5FX",10,558973,274295,"E92000001","E19000001","E18000006","E10000003","E07000009","E05011569"
"CB7 5FY",10,560653,271534,"E92000001","E19000001","E18000006","E10000003","E07000009","E05011570"
"CB7 5FZ",10,559447,272840,"E92000001","E19000001","E18000006","E10000003","E07000009","E05011570"
"CB7 5GA",10,562479,270886,"E92000001","E19000001","E18000006","E10000003","E07000009","E05011566"
"CB7 5GB",10,564971,274604,"E92000001","E19000001","E18000006","E10000003","E07000009","E05011566"
"CB7 5GD",10,559423,274505,"E92000001","E19000001","E18000006","E10000003","E07000009","E05011569"
"CB7 5GE",10,558711,274200,"E92000001","E19000001","E18000006","E10000003","E07000009","E05011569"
"CB7 5GF",10,564360,273907,"E92000001","E19000001","E18000006","E10000003","E07000009","E05011566"
"CB7 5GG",10,564404,273933,"E92000001","E19000001","E18000006","E10000003","E07000009","E05011566"
"CB7 5GH",10,564431,273901,"E92000001","E19000001","E18000006","E10000003","E07000009","E05011566"
"CB7 5GJ",10,564880,275942,"E92000001","E19000001","E18000006","E10000029","E07000245","E05012801"
"CB7 5GL",10,564958,275826,"E92000001","E19000001","E18000006","E10000029","E07000245","E05012801"
"CB7 5GN",10,558659,274528,"E92000001","E19000001","E18000006","E10000003","E07000009","E05011569"
"CB7 5GP",10,558606,274319,"E92000001","E19000001","E18000006","E10000003","E07000009","E05011569"
"CB7 5GQ",10,558669,274288,"E92000001","E19000001","E18000006","E10000003","E07000009","E05011569"
"CB7 5GR",10,567536,269137,"E92000001","E19000001","E18000006","E10000003","E07000009","E05011566"
"CB7 5GT",10,554627,276495,"E92000001","E19000001","E18000006","E10000003","E07000009","E05011569"
"CB7 5GU",10,559333,272872,"E92000001","E19000001","E18000006","E10000003","E07000009","E05011570"
"CB7 5GW",10,566277,270027,"E92000001","E19000001","E18000006","E10000003","E07000009","E05011566"
"CB7 5GX",10,559556,273777,"E92000001","E19000001","E18000006","E10000003","E07000009","E05011569"
"CB7 5GY",10,559291,273128,"E92000001","E19000001","E18000006","E10000003","E07000009","E05011570"
"CB7 5GZ",10,559322,273080,"E92000001","E19000001","E18000006","E10000003","E07000009","E05011570"
"CB7 5HA",10,559412,273054,"E92000001","E19000001","E18000006","E10000003","E07000009","E05011570"
"CB7 5HB",10,559451,272930,"E92000001","E19000001","E18000006","E10000003","E07000009","E05011570"
"CB7 5HD",10,559470,272954,"E92000001","E19000001","E18000006","E10000003","E07000009","E05011570"
"CB7 5HE",10,559434,273075,"E92000001","E19000001","E18000006","E10000003","E07000009","E05011570"
"CB7 5HF",10,558349,275338,"E92000001","E19000001","E18000006","E10000003","E07000009","E05011569"
"CB7 5HH",10,559207,273046,"E92000001","E19000001","E18000006","E10000003","E07000009","E05011570"
"CB7 5HJ",10,559165,273028,"E92000001","E19000001","E18000006","E10000003","E07000009","E05011570"
"CB7 5HL",10,558920,273159,"E92000001","E19000001","E18000006","E10000003","E07000009","E05011569"
"CB7 5HN",10,562391,270879,"E92000001","E19000001","E18000006","E10000003","E07000009","E05011566"
"CB7 5HP",10,559230,272813,"E92000001","E19000001","E18000006","E10000003","E07000009","E05011570"
"CB7 5HQ",10,559417,272957,"E92000001","E19000001","E18000006","E10000003","E07000009","E05011570"
"CB7 5HR",10,559187,272906,"E92000001","E19000001","E18000006","E10000003","E07000009","E05011570"
"CB7 5HS",10,559060,273204,"E92000001","E19000001","E18000006","E10000003","E07000009","E05011570"
"CB7 5HT",10,558874,273082,"E92000001","E19000001","E18000006","E10000003","E07000009","E05011569"
"CB7 5HU",10,558947,273060,"E92000001","E19000001","E18000006","E10000003","E07000009","E05011569"
"CB7 5HW",10,559250,272938,"E92000001","E19000001","E18000006","E10000003","E07000009","E05011570"
"CB7 5HX",10,558826,272814,"E92000001","E19000001","E18000006","E10000003","E07000009","E05011570"
"CB7 5HY",10,556416,271226,"E92000001","E19000001","E18000006","E10000003","E07000009","E05011570"
"CB7 5HZ",10,559508,272999,"E92000001","E19000001","E18000006","E10000003","E07000009","E05011570"
"CB7 5JA",10,559572,273160,"E92000001","E19000001","E18000006","E10000003","E07000009","E05011570"
"CB7 5JB",10,559418,273311,"E92000001","E19000001","E18000006","E10000003","E07000009","E05011570"
"CB7 5JD",10,559663,273371,"E92000001","E19000001","E18000006","E10000003","E07000009","E05011570"
"CB7 5JE",10,559663,273292,"E92000001","E19000001","E18000006","E10000003","E07000009","E05011570"
"CB7 5JF",10,559558,273412,"E92000001","E19000001","E18000006","E10000003","E07000009","E05011570"
"CB7 5JG",10,559417,273264,"E92000001","E19000001","E18000006","E10000003","E07000009","E05011570"
"CB7 5JH",10,559831,273321,"E92000001","E19000001","E18000006","E10000003","E07000009","E05011570"
"CB7 5JJ",10,560316,273331,"E92000001","E19000001","E18000006","E10000003","E07000009","E05011570"
"CB7 5JL",10,560566,273551,"E92000001","E19000001","E18000006","E10000003","E07000009","E05011570"
"CB7 5JN",10,558754,273098,"E92000001","E19000001","E18000006","E10000003","E07000009","E05011569"
"CB7 5JP",10,559199,274331,"E92000001","E19000001","E18000006","E10000003","E07000009","E05011569"
"CB7 5JQ",10,559421,273223,"E92000001","E19000001","E18000006","E10000003","E07000009","E05011570"
"CB7 5JR",10,559770,272521,"E92000001","E19000001","E18000006","E10000003","E07000009","E05011570"
"CB7 5JS",10,559510,274057,"E92000001","E19000001","E18000006","E10000003","E07000009","E05011569"
"CB7 5JT",10,562719,270816,"E92000001","E19000001","E18000006","E10000003","E07000009","E05011566"
"CB7 5JU",10,562469,271093,"E92000001","E19000001","E18000006","E10000003","E07000009","E05011566"
"CB7 5JW",10,559486,273099,"E92000001","E19000001","E18000006","E10000003","E07000009","E05011570"
"CB7 5JX",10,562751,270735,"E92000001","E19000001","E18000006","E10000003","E07000009","E05011566"
"CB7 5JY",10,562179,271225,"E92000001","E19000001","E18000006","E10000003","E07000009","E05011566"
"CB7 5JZ",10,562638,270229,"E92000001","E19000001","E18000006","E10000003","E07000009","E05011566"
"CB7 5LA",10,562089,271154,"E92000001","E19000001","E18000006","E10000003","E07000009","E05011566"
"CB7 5LB",10,562111,271009,"E92000001","E19000001","E18000006","E10000003","E07000009","E05011566"
"CB7 5LD",10,561874,271169,"E92000001","E19000001","E18000006","E10000003","E07000009","E05011566"
"CB7 5LE",10,561632,271378,"E92000001","E19000001","E18000006","E10000003","E07000009","E05011566"
"CB7 5LF",10,562559,270796,"E92000001","E19000001","E18000006","E10000003","E07000009","E05011566"
"CB7 5LG",10,562620,270720,"E92000001","E19000001","E18000006","E10000003","E07000009","E05011566"
"CB7 5LH",10,562513,270498,"E92000001","E19000001","E18000006","E10000003","E07000009","E05011566"
"CB7 5LJ",10,562733,270362,"E92000001","E19000001","E18000006","E10000003","E07000009","E05011566"
"CB7 5LL",10,562811,269639,"E92000001","E19000001","E18000006","E10000003","E07000009","E05011566"
"CB7 5LN",10,563193,268863,"E92000001","E19000001","E18000006","E10000003","E07000009","E05011566"
"CB7 5LP",10,561749,269850,"E92000001","E19000001","E18000006","E10000003","E07000009","E05011566"
"CB7 5LQ",10,562599,270394,"E92000001","E19000001","E18000006","E10000003","E07000009","E05011566"
"CB7 5LR",10,561636,270596,"E92000001","E19000001","E18000006","E10000003","E07000009","E05011566"
"CB7 5LS",10,561273,271031,"E92000001","E19000001","E18000006","E10000003","E07000009","E05011566"
"CB7 5LT",10,560112,270920,"E92000001","E19000001","E18000006","E10000003","E07000009","E05011566"
"CB7 5LU",10,562380,271294,"E92000001","E19000001","E18000006","E10000003","E07000009","E05011566"
"CB7 5LW",10,562326,270147,"E92000001","E19000001","E18000006","E10000003","E07000009","E05011566"
"CB7 5LX",10,562684,272569,"E92000001","E19000001","E18000006","E10000003","E07000009","E05011566"
"CB7 5LY",10,561950,271236,"E92000001","E19000001","E18000006","E10000003","E07000009","E05011566"
"CB7 5LZ",10,562485,270841,"E92000001","E19000001","E18000006","E10000003","E07000009","E05011566"
"CB7 5NA",10,554628,280226,"E92000001","E19000001","E18000006","E10000003","E07000009","E05011563"
"CB7 5NB",10,562571,270638,"E92000001","E19000001","E18000006","E10000003","E07000009","E05011566"
"CB7 5ND",10,562532,271158,"E92000001","E19000001","E18000006","E10000003","E07000009","E05011566"
"CB7 5NE",10,563177,270418,"E92000001","E19000001","E18000006","E10000003","E07000009","E05011566"
"CB7 5NF",10,563028,270640,"E92000001","E19000001","E18000006","E10000003","E07000009","E05011566"
"CB7 5NG",10,562872,270869,"E92000001","E19000001","E18000006","E10000003","E07000009","E05011566"
"CB7 5NH",10,563113,270548,"E92000001","E19000001","E18000006","E10000003","E07000009","E05011566"
"CB7 5NJ",10,563156,270795,"E92000001","E19000001","E18000006","E10000003","E07000009","E05011566"
"CB7 5NL",10,563426,270916,"E92000001","E19000001","E18000006","E10000003","E07000009","E05011566"
"CB7 5NN",10,563683,271616,"E92000001","E19000001","E18000006","E10000003","E07000009","E05011566"
"CB7 5NP",10,563535,270810,"E92000001","E19000001","E18000006","E10000003","E07000009","E05011566"
"CB7 5NQ",10,563083,270546,"E92000001","E19000001","E18000006","E10000003","E07000009","E05011566"
"CB7 5NR",10,563765,270766,"E92000001","E19000001","E18000006","E10000003","E07000009","E05011566"
"CB7 5NS",10,564319,270865,"E92000001","E19000001","E18000006","E10000003","E07000009","E05011566"
"CB7 5NT",10,564774,271052,"E92000001","E19000001","E18000006","E10000003","E07000009","E05011566"
"CB7 5NU",10,564481,270874,"E92000001","E19000001","E18000006","E10000003","E07000009","E05011566"
"CB7 5NW",10,564095,270854,"E92000001","E19000001","E18000006","E10000003","E07000009","E05011566"
"CB7 5NX",10,564269,270769,"E92000001","E19000001","E18000006","E10000003","E07000009","E05011566"
"CB7 5NY",10,564437,270780,"E92000001","E19000001","E18000006","E10000003","E07000009","E05011566"
"CB7 5NZ",10,564167,270737,"E92000001","E19000001","E18000006","E10000003","E07000009","E05011566"
"CB7 5PA",10,563340,270603,"E92000001","E19000001","E18000006","E10000003","E07000009","E05011566"
"CB7 5PB",10,563250,270467,"E92000001","E19000001","E18000006","E10000003","E07000009","E05011566"
"CB7 5PD",10,563398,270451,"E92000001","E19000001","E18000006","E10000003","E07000009","E05011566"
"CB7 5PE",10,563264,270345,"E92000001","E19000001","E18000006","E10000003","E07000009","E05011566"
"CB7 5PF",10,563101,270279,"E92000001","E19000001","E18000006","E10000003","E07000009","E05011566"
"CB7 5PG",10,563485,270856,"E92000001","E19000001","E18000006","E10000003","E07000009","E05011566"
"CB7 5PH",10,562789,270288,"E92000001","E19000001","E18000006","E10000003","E07000009","E05011566"
"CB7 5PJ",10,563194,270637,"E92000001","E19000001","E18000006","E10000003","E07000009","E05011566"
"CB7 5PL",10,559635,273117,"E92000001","E19000001","E18000006","E10000003","E07000009","E05011570"
"CB7 5PN",10,566256,270052,"E92000001","E19000001","E18000006","E10000003","E07000009","E05011566"
"CB7 5PP",10,566354,269771,"E92000001","E19000001","E18000006","E10000003","E07000009","E05011566"
"CB7 5PQ",10,560274,272168,"E92000001","E19000001","E18000006","E10000003","E07000009","E05011570"
"CB7 5PR",10,566129,269966,"E92000001","E19000001","E18000006","E10000003","E07000009","E05011566"
"CB7 5PS",10,566503,269683,"E92000001","E19000001","E18000006","E10000003","E07000009","E05011566"
"CB7 5PT",10,566457,269424,"E92000001","E19000001","E18000006","E10000003","E07000009","E05011566"
"CB7 5PU",10,566357,268198,"E92000001","E19000001","E18000006","E10000003","E07000009","E05011566"
"CB7 5PW",10,563992,273784,"E92000001","E19000001","E18000006","E10000003","E07000009","E05011566"
"CB7 5PX",10,566641,269785,"E92000001","E19000001","E18000006","E10000003","E07000009","E05011566"
"CB7 5PY",10,559059,273038,"E92000001","E19000001","E18000006","E10000003","E07000009","E05011570"
"CB7 5PZ",10,567898,267988,"E92000001","E19000001","E18000006","E10000003","E07000009","E05011566"
"CB7 5QA",10,565182,274401,"E92000001","E19000001","E18000006","E10000003","E07000009","E05011566"
"CB7 5QB",10,565447,268904,"E92000001","E19000001","E18000006","E10000003","E07000009","E05011566"
"CB7 5QD",10,560095,272212,"E92000001","E19000001","E18000006","E10000003","E07000009","E05011570"
"CB7 5QE",10,566119,269854,"E92000001","E19000001","E18000006","E10000003","E07000009","E05011566"
"CB7 5QF",10,566385,269980,"E92000001","E19000001","E18000006","E10000003","E07000009","E05011566"
"CB7 5QG",10,566448,270118,"E92000001","E19000001","E18000006","E10000003","E07000009","E05011566"
"CB7 5QH",10,566344,271072,"E92000001","E19000001","E18000006","E10000003","E07000009","E05011566"
"CB7 5QJ",10,565888,271074,"E92000001","E19000001","E18000006","E10000003","E07000009","E05011566"
"CB7 5QL",10,559685,272443,"E92000001","E19000001","E18000006","E10000003","E07000009","E05011570"
"CB7 5QN",10,558974,274423,"E92000001","E19000001","E18000006","E10000003","E07000009","E05011569"
"CB7 5QP",10,564726,274118,"E92000001","E19000001","E18000006","E10000003","E07000009","E05011566"
"CB7 5QQ",10,567846,270831,"E92000001","E19000001","E18000006","E10000003","E07000009","E05011566"
"CB7 5QR",10,564596,274079,"E92000001","E19000001","E18000006","E10000003","E07000009","E05011566"
"CB7 5QS",10,564518,273917,"E92000001","E19000001","E18000006","E10000003","E07000009","E05011566"
"CB7 5QT",10,564604,273589,"E92000001","E19000001","E18000006","E10000003","E07000009","E05011566"
"CB7 5QU",10,564244,273641,"E92000001","E19000001","E18000006","E10000003","E07000009","E05011566"
"CB7 5QW",10,564165,274186,"E92000001","E19000001","E18000006","E10000003","E07000009","E05011566"
"CB7 5QX",10,564063,272983,"E92000001","E19000001","E18000006","E10000003","E07000009","E05011566"
"CB7 5QY",10,563955,272549,"E92000001","E19000001","E18000006","E10000003","E07000009","E05011566"
"CB7 5QZ",10,563906,273813,"E92000001","E19000001","E18000006","E10000003","E07000009","E05011566"
"CB7 5RA",10,563819,274128,"E92000001","E19000001","E18000006","E10000003","E07000009","E05011566"
"CB7 5RB",10,563710,274049,"E92000001","E19000001","E18000006","E10000003","E07000009","E05011566"
"CB7 5RD",10,563250,273950,"E92000001","E19000001","E18000006","E10000003","E07000009","E05011566"
"CB7 5RE",10,562969,273777,"E92000001","E19000001","E18000006","E10000003","E07000009","E05011566"
"CB7 5RF",10,562175,276012,"E92000001","E19000001","E18000006","E10000003","E07000009","E05011566"
"CB7 5RG",10,563390,277795,"E92000001","E19000001","E18000006","E10000003","E07000009","E05011566"
"CB7 5RH",10,562309,279826,"E92000001","E19000001","E18000006","E10000003","E07000009","E05011566"
"CB7 5RJ",10,564018,273679,"E92000001","E19000001","E18000006","E10000003","E07000009","E05011566"
"CB7 5RL",10,559368,272906,"E92000001","E19000001","E18000006","E10000003","E07000009","E05011570"
"CB7 5RN",10,564437,274583,"E92000001","E19000001","E18000006","E10000003","E07000009","E05011566"
"CB7 5RP",10,564412,274228,"E92000001","E19000001","E18000006","E10000003","E07000009","E05011566"
"CB7 5RQ",10,562517,278705,"E92000001","E19000001","E18000006","E10000003","E07000009","E05011566"
"CB7 5RR",10,564539,274467,"E92000001","E19000001","E18000006","E10000003","E07000009","E05011566"
"CB7 5RS",10,555495,278052,"E92000001","E19000001","E18000006","E10000003","E07000009","E05011563"
"CB7 5RT",10,564444,274459,"E92000001","E19000001","E18000006","E10000003","E07000009","E05011566"
"CB7 5RU",10,564503,274536,"E92000001","E19000001","E18000006","E10000003","E07000009","E05011566"
"CB7 5RW",10,564483,274279,"E92000001","E19000001","E18000006","E10000003","E07000009","E05011566"
"CB7 5RX",10,564312,274336,"E92000001","E19000001","E18000006","E10000003","E07000009","E05011566"
"CB7 5RY",10,564285,274165,"E92000001","E19000001","E18000006","E10000003","E07000009","E05011566"
"CB7 5RZ",10,564531,274111,"E92000001","E19000001","E18000006","E10000003","E07000009","E05011566"
"CB7 5SA",10,564617,274272,"E92000001","E19000001","E18000006","E10000003","E07000009","E05011566"
"CB7 5SB",10,564080,274194,"E92000001","E19000001","E18000006","E10000003","E07000009","E05011566"
"CB7 5SD",10,564066,274161,"E92000001","E19000001","E18000006","E10000003","E07000009","E05011566"
"CB7 5SE",10,563984,274367,"E92000001","E19000001","E18000006","E10000003","E07000009","E05011566"
"CB7 5SF",10,564231,274541,"E92000001","E19000001","E18000006","E10000003","E07000009","E05011566"
"CB7 5SG",10,564249,274654,"E92000001","E19000001","E18000006","E10000003","E07000009","E05011566"
"CB7 5SH",10,564800,274965,"E92000001","E19000001","E18000006","E10000003","E07000009","E05011566"
"CB7 5SJ",10,564646,274816,"E92000001","E19000001","E18000006","E10000003","E07000009","E05011566"
"CB7 5SL",10,565026,275694,"E92000001","E19000001","E18000006","E10000029","E07000245","E05012801"
"CB7 5SN",10,564870,274592,"E92000001","E19000001","E18000006","E10000003","E07000009","E05011566"
"CB7 5SP",10,565038,274494,"E92000001","E19000001","E18000006","E10000003","E07000009","E05011566"
"CB7 5SQ",10,564356,274545,"E92000001","E19000001","E18000006","E10000003","E07000009","E05011566"
"CB7 5SR",10,565166,274510,"E92000001","E19000001","E18000006","E10000003","E07000009","E05011566"
"CB7 5SS",10,564835,274553,"E92000001","E19000001","E18000006","E10000003","E07000009","E05011566"
"CB7 5ST",10,564956,274496,"E92000001","E19000001","E18000006","E10000003","E07000009","E05011566"
"CB7 5SU",10,564840,274383,"E92000001","E19000001","E18000006","E10000003","E07000009","E05011566"
"CB7 5SW",10,565083,274693,"E92000001","E19000001","E18000006","E10000003","E07000009","E05011566"
"CB7 5SX",10,564773,274439,"E92000001","E19000001","E18000006","E10000003","E07000009","E05011566"
"CB7 5SY",10,564723,274284,"E92000001","E19000001","E18000006","E10000003","E07000009","E05011566"
"CB7 5SZ",10,564644,274408,"E92000001","E19000001","E18000006","E10000003","E07000009","E05011566"
"CB7 5TA",10,564603,274437,"E92000001","E19000001","E18000006","E10000003","E07000009","E05011566"
"CB7 5TB",10,564294,274598,"E92000001","E19000001","E18000006","E10000003","E07000009","E05011566"
"CB7 5TD",10,564754,274574,"E92000001","E19000001","E18000006","E10000003","E07000009","E05011566"
"CB7 5TE",10,564075,274100,"E92000001","E19000001","E18000006","E10000003","E07000009","E05011566"
"CB7 5TF",10,559477,273016,"E92000001","E19000001","E18000006","E10000003","E07000009","E05011570"
"CB7 5TG",10,559263,274128,"E92000001","E19000001","E18000006","E10000003","E07000009","E05011569"
"CB7 5TH",10,554795,279112,"E92000001","E19000001","E18000006","E10000003","E07000009","E05011563"
"CB7 5TJ",10,556995,279682,"E92000001","E19000001","E18000006","E10000003","E07000009","E05011563"
"CB7 5TL",10,555536,278174,"E92000001","E19000001","E18000006","E10000003","E07000009","E05011563"
"CB7 5TN",10,555466,278212,"E92000001","E19000001","E18000006","E10000003","E07000009","E05011563"
"CB7 5TP",10,555624,277954,"E92000001","E19000001","E18000006","E10000003","E07000009","E05011563"
"CB7 5TQ",10,559246,274194,"E92000001","E19000001","E18000006","E10000003","E07000009","E05011569"
"CB7 5TR",10,556157,277528,"E92000001","E19000001","E18000006","E10000003","E07000009","E05011563"
"CB7 5TS",10,555719,277857,"E92000001","E19000001","E18000006","E10000003","E07000009","E05011563"
"CB7 5TT",10,557096,277838,"E92000001","E19000001","E18000006","E10000003","E07000009","E05011563"
"CB7 5TU",10,558324,275922,"E92000001","E19000001","E18000006","E10000003","E07000009","E05011569"
"CB7 5TW",10,555481,277994,"E92000001","E19000001","E18000006","E10000003","E07000009","E05011563"
"CB7 5TX",10,557079,276416,"E92000001","E19000001","E18000006","E10000003","E07000009","E05011569"
"CB7 5TY",10,559999,272147,"E92000001","E19000001","E18000006","E10000003","E07000009","E05011570"
"CB7 5TZ",10,555684,275373,"E92000001","E19000001","E18000006","E10000003","E07000009","E05011569"
"CB7 5UA",10,554902,275822,"E92000001","E19000001","E18000006","E10000003","E07000009","E05011569"
"CB7 5UB",10,554581,275713,"E92000001","E19000001","E18000006","E10000003","E07000009","E05011569"
"CB7 5UD",10,559083,274398,"E92000001","E19000001","E18000006","E10000003","E07000009","E05011569"
"CB7 5UE",10,559117,274484,"E92000001","E19000001","E18000006","E10000003","E07000009","E05011569"
"CB7 5UF",10,559281,276662,"E92000001","E19000001","E18000006","E10000003","E07000009","E05011569"
"CB7 5UH",10,560255,279655,"E92000001","E19000001","E18000006","E10000003","E07000009","E05011569"
"CB7 5UJ",10,561678,280930,"E92000001","E19000001","E18000006","E10000003","E07000009","E05011569"
"CB7 5UL",10,559297,279017,"E92000001","E19000001","E18000006","E10000003","E07000009","E05011569"
"CB7 5UN",10,560290,274969,"E92000001","E19000001","E18000006","E10000003","E07000009","E05011569"
"CB7 5UP",10,560075,275516,"E92000001","E19000001","E18000006","E10000003","E07000009","E05011569"
"CB7 5UQ",10,559380,278159,"E92000001","E19000001","E18000006","E10000003","E07000009","E05011569"
"CB7 5UR",10,562489,271293,"E92000001","E19000001","E18000006","E10000003","E07000009","E05011566"
"CB7 5US",10,564449,274013,"E92000001","E19000001","E18000006","E10000003","E07000009","E05011566"
"CB7 5UT",10,558803,274092,"E92000001","E19000001","E18000006","E10000003","E07000009","E05011569"
"CB7 5UU",10,563932,274237,"E92000001","E19000001","E18000006","E10000003","E07000009","E05011566"
"CB7 5UW",10,560856,276300,"E92000001","E19000001","E18000006","E10000003","E07000009","E05011569"
"CB7 5UX",10,558760,274158,"E92000001","E19000001","E18000006","E10000003","E07000009","E05011569"
"CB7 5UY",10,563942,273855,"E92000001","E19000001","E18000006","E10000003","E07000009","E05011566"
"CB7 5UZ",10,558992,274585,"E92000001","E19000001","E18000006","E10000003","E07000009","E05011569"
"CB7 5WA",10,558740,273990,"E92000001","E19000001","E18000006","E10000003","E07000009","E05011569"
"CB7 5WB",10,557687,275515,"E92000001","E19000001","E18000006","E10000003","E07000009","E05011569"
"CB7 5WD",10,559097,274331,"E92000001","E19000001","E18000006","E10000003","E07000009","E05011569"
"CB7 5WE",10,559425,273175,"E92000001","E19000001","E18000006","E10000003","E07000009","E05011570"
"CB7 5WF",10,564392,274689,"E92000001","E19000001","E18000006","E10000003","E07000009","E05011566"
"CB7 5WG",10,562215,278259,"E92000001","E19000001","E18000006","E10000003","E07000009","E05011566"
"CB7 5WH",10,559254,273457,"E92000001","E19000001","E18000006","E10000003","E07000009","E05011569"
"CB7 5WJ",10,559397,273046,"E92000001","E19000001","E18000006","E10000003","E07000009","E05011570"
"CB7 5WL",10,560198,272108,"E92000001","E19000001","E18000006","E10000003","E07000009","E05011570"
"CB7 5WN",10,559130,272946,"E92000001","E19000001","E18000006","E10000003","E07000009","E05011570"
"CB7 5WP",10,563946,270732,"E92000001","E19000001","E18000006","E10000003","E07000009","E05011566"
"CB7 5WQ",10,560014,272089,"E92000001","E19000001","E18000006","E10000003","E07000009","E05011570"
"CB7 5WR",10,560043,272595,"E92000001","E19000001","E18000006","E10000003","E07000009","E05011570"
"CB7 5WS",10,562572,270358,"E92000001","E19000001","E18000006","E10000003","E07000009","E05011566"
"CB7 5WT",10,559403,273498,"E92000001","E19000001","E18000006","E10000003","E07000009","E05011570"
"CB7 5WU",10,556668,270749,"E92000001","E19000001","E18000006","E10000003","E07000009","E05011570"
"CB7 5WW",10,563342,268887,"E92000001","E19000001","E18000006","E10000003","E07000009","E05011566"
"CB7 5WX",10,560032,272333,"E92000001","E19000001","E18000006","E10000003","E07000009","E05011570"
"CB7 5WY",10,564615,274323,"E92000001","E19000001","E18000006","E10000003","E07000009","E05011566"
"CB7 5WZ",10,559853,274279,"E92000001","E19000001","E18000006","E10000003","E07000009","E05011569"
"CB7 5XA",10,558918,274578,"E92000001","E19000001","E18000006","E10000003","E07000009","E05011569"
"CB7 5XB",10,559333,273567,"E92000001","E19000001","E18000006","E10000003","E07000009","E05011569"
"CB7 5XD",10,563648,270879,"E92000001","E19000001","E18000006","E10000003","E07000009","E05011566"
"CB7 5XE",10,558867,273527,"E92000001","E19000001","E18000006","E10000003","E07000009","E05011569"
"CB7 5XF",10,557380,276497,"E92000001","E19000001","E18000006","E10000003","E07000009","E05011569"
"CB7 5XG",10,564296,273668,"E92000001","E19000001","E18000006","E10000003","E07000009","E05011566"
"CB7 5XH",10,556351,271182,"E92000001","E19000001","E18000006","E10000003","E07000009","E05011570"
"CB7 5XJ",10,563908,270661,"E92000001","E19000001","E18000006","E10000003","E07000009","E05011566"
"CB7 5XL",10,554514,272832,"E92000001","E19000001","E18000006","E10000003","E07000009","E05011570"
"CB7 5XN",10,556482,270887,"E92000001","E19000001","E18000006","E10000003","E07000009","E05011570"
"CB7 5XP",10,556507,270685,"E92000001","E19000001","E18000006","E10000003","E07000009","E05011570"
"CB7 5XQ",10,555520,271846,"E92000001","E19000001","E18000006","E10000003","E07000009","E05011570"
"CB7 5XR",10,557014,270672,"E92000001","E19000001","E18000006","E10000003","E07000009","E05011570"
"CB7 5XS",10,557167,270554,"E92000001","E19000001","E18000006","E10000003","E07000009","E05011570"
"CB7 5XT",10,557415,270591,"E92000001","E19000001","E18000006","E10000003","E07000009","E05011570"
"CB7 5XU",10,557128,270714,"E92000001","E19000001","E18000006","E10000003","E07000009","E05011570"
"CB7 5XW",10,556685,270743,"E92000001","E19000001","E18000006","E10000003","E07000009","E05011570"
"CB7 5XX",10,556998,270772,"E92000001","E19000001","E18000006","E10000003","E07000009","E05011570"
"CB7 5XY",10,557122,270924,"E92000001","E19000001","E18000006","E10000003","E07000009","E05011570"
"CB7 5XZ",10,556840,270906,"E92000001","E19000001","E18000006","E10000003","E07000009","E05011570"
"CB7 5YA",10,556659,271090,"E92000001","E19000001","E18000006","E10000003","E07000009","E05011570"
"CB7 5YB",10,556397,271442,"E92000001","E19000001","E18000006","E10000003","E07000009","E05011570"
"CB7 5YD",10,555853,271961,"E92000001","E19000001","E18000006","E10000003","E07000009","E05011570"
"CB7 5YE",10,555398,272652,"E92000001","E19000001","E18000006","E10000003","E07000009","E05011570"
"CB7 5YF",10,555138,274371,"E92000001","E19000001","E18000006","E10000003","E07000009","E05011570"
"CB7 5YG",10,554806,271565,"E92000001","E19000001","E18000006","E10000003","E07000009","E05011570"
"CB7 5YH",10,554628,280226,"E92000001","E19000001","E18000006","E10000003","E07000009","E05011563"
"CB7 5YJ",10,553358,268415,"E92000001","E19000001","E18000006","E10000003","E07000009","E05015488"
"CB7 5YL",10,556683,270722,"E92000001","E19000001","E18000006","E10000003","E07000009","E05011570"
"CB7 5YN",10,562151,271139,"E92000001","E19000001","E18000006","E10000003","E07000009","E05011566"
"CB7 5YP",10,559340,274099,"E92000001","E19000001","E18000006","E10000003","E07000009","E05011569"
"CB7 5YQ",10,553801,270078,"E92000001","E19000001","E18000006","E10000003","E07000009","E05011570"
"CB7 5YR",10,559244,274248,"E92000001","E19000001","E18000006","E10000003","E07000009","E05011569"
"CB7 5YS",10,559265,274291,"E92000001","E19000001","E18000006","E10000003","E07000009","E05011569"
"CB7 5YT",10,559238,273914,"E92000001","E19000001","E18000006","E10000003","E07000009","E05011569"
"CB7 5YU",10,559159,273992,"E92000001","E19000001","E18000006","E10000003","E07000009","E05011569"
"CB7 5YW",10,559281,274060,"E92000001","E19000001","E18000006","E10000003","E07000009","E05011569"
"CB7 5YX",10,559264,273965,"E92000001","E19000001","E18000006","E10000003","E07000009","E05011569"
"CB7 5YY",10,559196,274051,"E92000001","E19000001","E18000006","E10000003","E07000009","E05011569"
"CB7 5YZ",10,559218,274254,"E92000001","E19000001","E18000006","E10000003","E07000009","E05011569"
"CB7 5ZB",10,564102,274301,"E92000001","E19000001","E18000006","E10000003","E07000009","E05011566"
"CB7 5ZD",10,564975,275466,"E92000001","E19000001","E18000006","E10000029","E07000245","E05012801"
"CB7 5ZE",10,559014,274488,"E92000001","E19000001","E18000006","E10000003","E07000009","E05011569"
"CB7 5ZF",10,560075,272510,"E92000001","E19000001","E18000006","E10000003","E07000009","E05011570"
"CB7 5ZG",10,559359,273252,"E92000001","E19000001","E18000006","E10000003","E07000009","E05011570"
"CB7 5ZH",10,564040,270701,"E92000001","E19000001","E18000006","E10000003","E07000009","E05011566"
"CB7 5ZJ",10,559047,273012,"E92000001","E19000001","E18000006","E10000003","E07000009","E05011570"
"CB7 5ZL",10,562585,271096,"E92000001","E19000001","E18000006","E10000003","E07000009","E05011566"
"CB7 5ZN",10,559159,273814,"E92000001","E19000001","E18000006","E10000003","E07000009","E05011569"
"CB7 5ZP",10,563662,273931,"E92000001","E19000001","E18000006","E10000003","E07000009","E05011566"
"CB7 5ZQ",10,558861,274357,"E92000001","E19000001","E18000006","E10000003","E07000009","E05011569"
"CB7 5ZR",10,553715,270149,"E92000001","E19000001","E18000006","E10000003","E07000009","E05011570"
"CB7 5ZS",10,562858,270775,"E92000001","E19000001","E18000006","E10000003","E07000009","E05011566"
"CB7 5ZT",10,559447,273946,"E92000001","E19000001","E18000006","E10000003","E07000009","E05011569"
"CB7 5ZU",10,560048,272141,"E92000001","E19000001","E18000006","E10000003","E07000009","E05011570"
"CB7 5ZW",10,556388,271171,"E92000001","E19000001","E18000006","E10000003","E07000009","E05011570"
"CB7 5ZX",10,559311,274616,"E92000001","E19000001","E18000006","E10000003","E07000009","E05011569"
"CB7 6AA",10,562210,271128,"E92000001","E19000001","E18000006","E10000003","E07000009","E05011566"
"CB7 6AD",10,560702,272218,"E92000001","E19000001","E18000006","E10000003","E07000009","E05011570"
"CB7 6AE",10,560741,272247,"E92000001","E19000001","E18000006","E10000003","E07000009","E05011570"
"CB7 6AF",10,560748,272289,"E92000001","E19000001","E18000006","E10000003","E07000009","E05011570"
"CB7 6AG",10,560713,272396,"E92000001","E19000001","E18000006","E10000003","E07000009","E05011570"
"CB7 6AH",10,560532,272465,"E92000001","E19000001","E18000006","E10000003","E07000009","E05011570"
"CB7 6AJ",10,560631,272355,"E92000001","E19000001","E18000006","E10000003","E07000009","E05011570"
"CB7 6AL",10,562306,270619,"E92000001","E19000001","E18000006","E10000003","E07000009","E05011566"
"CB7 6AN",10,562383,270701,"E92000001","E19000001","E18000006","E10000003","E07000009","E05011566"
"CB7 6AP",10,562324,270726,"E92000001","E19000001","E18000006","E10000003","E07000009","E05011566"
"CB7 6AQ",10,562299,270673,"E92000001","E19000001","E18000006","E10000003","E07000009","E05011566"
"CB7 6AR",10,562617,270181,"E92000001","E19000001","E18000006","E10000003","E07000009","E05011566"
"CB7 6AS",10,560523,272050,"E92000001","E19000001","E18000006","E10000003","E07000009","E05011570"
"CB7 6AT",10,560688,272050,"E92000001","E19000001","E18000006","E10000003","E07000009","E05011570"
"CB7 6AU",10,560778,271898,"E92000001","E19000001","E18000006","E10000003","E07000009","E05011570"
"CB7 6AW",10,560662,272008,"E92000001","E19000001","E18000006","E10000003","E07000009","E05011570"
"CB7 6AX",10,557062,271030,"E92000001","E19000001","E18000006","E10000003","E07000009","E05011570"
"CB7 6AZ",10,562320,270557,"E92000001","E19000001","E18000006","E10000003","E07000009","E05011566"
"CB7 6BB",10,562372,270588,"E92000001","E19000001","E18000006","E10000003","E07000009","E05011566"
"CB7 6BE",10,558752,274725,"E92000001","E19000001","E18000006","E10000003","E07000009","E05011569"
"CB7 6BF",10,562484,270294,"E92000001","E19000001","E18000006","E10000003","E07000009","E05011566"
"CB7 6BG",10,553689,272456,"E92000001","E19000001","E18000006","E10000003","E07000009","E05011570"
"CB7 6BH",10,559427,274635,"E92000001","E19000001","E18000006","E10000003","E07000009","E05011569"
"CB7 6BR",10,558762,274460,"E92000001","E19000001","E18000006","E10000003","E07000009","E05011569"
"CB7 6BS",10,558994,274228,"E92000001","E19000001","E18000006","E10000003","E07000009","E05011569"
"CB7 6EE",10,558691,273617,"E92000001","E19000001","E18000006","E10000003","E07000009","E05011569"
"CB7 7AA",10,564047,273829,"E92000001","E19000001","E18000006","E10000003","E07000009","E05011566"
"CB7 7AB",10,564050,273856,"E92000001","E19000001","E18000006","E10000003","E07000009","E05011566"
"CB7 7AD",10,564186,273683,"E92000001","E19000001","E18000006","E10000003","E07000009","E05011566"
"CB7 7AE",10,564117,273777,"E92000001","E19000001","E18000006","E10000003","E07000009","E05011566"
"CB7 7AF",10,564015,273914,"E92000001","E19000001","E18000006","E10000003","E07000009","E05011566"
"CB7 7AG",10,563957,273988,"E92000001","E19000001","E18000006","E10000003","E07000009","E05011566"
"CB7 7AJ",10,564171,273613,"E92000001","E19000001","E18000006","E10000003","E07000009","E05011566"
"CB7 7AS",10,562132,275084,"E92000001","E19000001","E18000006","E10000003","E07000009","E05011566"
"CB7 7AT",50,562132,275084,"E92000001","E19000001","E18000006","E10000003","E07000009","E05011566"
"CB7 9DP",10,559381,273111,"E92000001","E19000001","E18000006","E10000003","E07000009","E05011570"
"CB7 9ED",10,559381,273111,"E92000001","E19000001","E18000006","E10000003","E07000009","E05011570"
"CB7 9EF",10,559381,273111,"E92000001","E19000001","E18000006","E10000003","E07000009","E05011570"
"CB7 9ER",10,559381,273111,"E92000001","E19000001","E18000006","E10000003","E07000009","E05011570"
"CB7 9EX",10,559381,273111,"E92000001","E19000001","E18000006","E10000003","E07000009","E05011570"
"CB7 9EY",10,559381,273111,"E92000001","E19000001","E18000006","E10000003","E07000009","E05011570"
"CB7 9EZ",10,559381,273111,"E92000001","E19000001","E18000006","E10000003","E07000009","E05011570"
"CB7 9FJ",10,559381,273111,"E92000001","E19000001","E18000006","E10000003","E07000009","E05011570"
"CB7 9FP",10,559381,273111,"E92000001","E19000001","E18000006","E10000003","E07000009","E05011570"
"CB7 9FU",10,559381,273111,"E92000001","E19000001","E18000006","E10000003","E07000009","E05011570"
"CB7 9GG",10,559381,273111,"E92000001","E19000001","E18000006","E10000003","E07000009","E05011570"
"CB7 9GJ",10,559381,273111,"E92000001","E19000001","E18000006","E10000003","E07000009","E05011570"
"CB7 9GN",10,559381,273111,"E92000001","E19000001","E18000006","E10000003","E07000009","E05011570"
"CB7 9GU",10,559381,273111,"E92000001","E19000001","E18000006","E10000003","E07000009","E05011570"
"CB7 9GY",10,559381,273111,"E92000001","E19000001","E18000006","E10000003","E07000009","E05011570"
"CB7 9HA",10,559381,273111,"E92000001","E19000001","E18000006","E10000003","E07000009","E05011570"
"CB7 9HE",10,559381,273111,"E92000001","E19000001","E18000006","E10000003","E07000009","E05011570"
"CB7 9HR",10,559381,273111,"E92000001","E19000001","E18000006","E10000003","E07000009","E05011570"
"CB7 9HX",10,559381,273111,"E92000001","E19000001","E18000006","E10000003","E07000009","E05011570"
"CB7 9JG",10,559381,273111,"E92000001","E19000001","E18000006","E10000003","E07000009","E05011570"
"CB7 9JH",10,559381,273111,"E92000001","E19000001","E18000006","E10000003","E07000009","E05011570"
"CB7 9JR",10,559381,273111,"E92000001","E19000001","E18000006","E10000003","E07000009","E05011570"
"CB7 9JY",10,559381,273111,"E92000001","E19000001","E18000006","E10000003","E07000009","E05011570"
"CB7 9PQ",10,559381,273111,"E92000001","E19000001","E18000006","E10000003","E07000009","E05011570"
"CB7 9SA",10,554088,280495,"E92000001","E19000001","E18000006","E10000003","E07000009","E05011563"
"CB7 9SB",10,554107,280508,"E92000001","E19000001","E18000006","E10000003","E07000009","E05011563"
"CB7 9SD",10,554088,280495,"E92000001","E19000001","E18000006","E10000003","E07000009","E05011563"
"CB7 9SE",10,554088,280495,"E92000001","E19000001","E18000006","E10000003","E07000009","E05011563"
"CB7 9SF",10,554088,280495,"E92000001","E19000001","E18000006","E10000003","E07000009","E05011563"
"CB7 9SG",10,554088,280495,"E92000001","E19000001","E18000006","E10000003","E07000009","E05011563"
"CB7 9SH",10,554088,280495,"E92000001","E19000001","E18000006","E10000003","E07000009","E05011563"
"CB7 9SJ",10,554088,280495,"E92000001","E19000001","E18000006","E10000003","E07000009","E05011563"
"CB7 9SL",10,554088,280495,"E92000001","E19000001","E18000006","E10000003","E07000009","E05011563"
"CB7 9SP",10,554088,280495,"E92000001","E19000001","E18000006","E10000003","E07000009","E05011563"
"CB7 9SQ",10,554088,280495,"E92000001","E19000001","E18000006","E10000003","E07000009","E05011563"
"CB7 9SR",10,554088,280495,"E92000001","E19000001","E18000006","E10000003","E07000009","E05011563"
"CB7 9SS",10,554088,280495,"E92000001","E19000001","E18000006","E10000003","E07000009","E05011563"
"CB7 9ST",10,554088,280495,"E92000001","E19000001","E18000006","E10000003","E07000009","E05011563"
"CB7 9SU",10,554088,280495,"E92000001","E19000001","E18000006","E10000003","E07000009","E05011563"
"CB7 9SW",10,554088,280495,"E92000001","E19000001","E18000006","E10000003","E07000009","E05011563"
"CB7 9SX",10,554088,280495,"E92000001","E19000001","E18000006","E10000003","E07000009","E05011563"
"CB7 9SY",10,554088,280495,"E92000001","E19000001","E18000006","E10000003","E07000009","E05011563"
"CB7 9SZ",10,554088,280495,"E92000001","E19000001","E18000006","E10000003","E07000009","E05011563"
"CB7 9TA",10,554088,280495,"E92000001","E19000001","E18000006","E10000003","E07000009","E05011563"
"CB7 9ZQ",50,559381,273111,"E92000001","E19000001","E18000006","E10000003","E07000009","E05011570"
"CB7 9ZR",10,559381,273111,"E92000001","E19000001","E18000006","E10000003","E07000009","E05011570"
"CB8 0AA",10,564034,263758,"E92000001","E19000001","E18000006","E10000029","E07000245","E05012791"
"CB8 0AB",10,563831,264074,"E92000001","E19000001","E18000006","E10000029","E07000245","E05012792"
"CB8 0AD",10,563726,264305,"E92000001","E19000001","E18000006","E10000029","E07000245","E05012792"
"CB8 0AE",10,563767,264245,"E92000001","E19000001","E18000006","E10000029","E07000245","E05012792"
"CB8 0AF",10,563588,264324,"E92000001","E19000001","E18000006","E10000029","E07000245","E05012792"
"CB8 0AG",10,563486,264440,"E92000001","E19000001","E18000006","E10000029","E07000245","E05012792"
"CB8 0AH",10,563438,264475,"E92000001","E19000001","E18000006","E10000029","E07000245","E05012792"
"CB8 0AJ",10,563467,264508,"E92000001","E19000001","E18000006","E10000029","E07000245","E05012792"
"CB8 0AL",10,563489,264656,"E92000001","E19000001","E18000006","E10000029","E07000245","E05012792"
"CB8 0AN",10,563256,264626,"E92000001","E19000001","E18000006","E10000029","E07000245","E05012792"
"CB8 0AP",10,563290,264775,"E92000001","E19000001","E18000006","E10000029","E07000245","E05012792"
"CB8 0AQ",10,563538,264529,"E92000001","E19000001","E18000006","E10000029","E07000245","E05012792"
"CB8 0AR",10,563235,264828,"E92000001","E19000001","E18000006","E10000029","E07000245","E05012792"
"CB8 0AT",10,563279,264561,"E92000001","E19000001","E18000006","E10000029","E07000245","E05012793"
"CB8 0AW",10,563223,264736,"E92000001","E19000001","E18000006","E10000029","E07000245","E05012792"
"CB8 0AY",10,563474,264384,"E92000001","E19000001","E18000006","E10000029","E07000245","E05012793"
"CB8 0AZ",10,563125,264883,"E92000001","E19000001","E18000006","E10000029","E07000245","E05012792"
"CB8 0BB",10,564150,263986,"E92000001","E19000001","E18000006","E10000029","E07000245","E05012791"
"CB8 0BD",10,563168,264770,"E92000001","E19000001","E18000006","E10000029","E07000245","E05012792"
"CB8 0BE",10,563376,264588,"E92000001","E19000001","E18000006","E10000029","E07000245","E05012792"
"CB8 0BF",10,563436,264855,"E92000001","E19000001","E18000006","E10000029","E07000245","E05012792"
"CB8 0BG",10,563668,264586,"E92000001","E19000001","E18000006","E10000029","E07000245","E05012792"
"CB8 0BH",10,563574,264657,"E92000001","E19000001","E18000006","E10000029","E07000245","E05012792"
"CB8 0BJ",10,563682,264701,"E92000001","E19000001","E18000006","E10000029","E07000245","E05012792"
"CB8 0BL",10,563812,264629,"E92000001","E19000001","E18000006","E10000029","E07000245","E05012792"
"CB8 0BN",10,563926,264363,"E92000001","E19000001","E18000006","E10000029","E07000245","E05012792"
"CB8 0BP",10,563275,264472,"E92000001","E19000001","E18000006","E10000029","E07000245","E05012793"
"CB8 0BQ",10,563831,264512,"E92000001","E19000001","E18000006","E10000029","E07000245","E05012792"
"CB8 0BS",10,563214,264451,"E92000001","E19000001","E18000006","E10000029","E07000245","E05012793"
"CB8 0BT",10,563228,264528,"E92000001","E19000001","E18000006","E10000029","E07000245","E05012793"
"CB8 0BU",10,563095,264390,"E92000001","E19000001","E18000006","E10000029","E07000245","E05012793"
"CB8 0BW",10,563439,264718,"E92000001","E19000001","E18000006","E10000029","E07000245","E05012792"
"CB8 0BX",10,564013,264394,"E92000001","E19000001","E18000006","E10000029","E07000245","E05012792"
"CB8 0BY",10,562919,264183,"E92000001","E19000001","E18000006","E10000029","E07000245","E05012793"
"CB8 0BZ",10,563122,264372,"E92000001","E19000001","E18000006","E10000029","E07000245","E05012793"
"CB8 0DA",10,563102,264313,"E92000001","E19000001","E18000006","E10000029","E07000245","E05012793"
"CB8 0DB",10,562951,264091,"E92000001","E19000001","E18000006","E10000029","E07000245","E05012793"
"CB8 0DD",10,563002,264150,"E92000001","E19000001","E18000006","E10000029","E07000245","E05012793"
"CB8 0DE",10,563102,264149,"E92000001","E19000001","E18000006","E10000029","E07000245","E05012793"
"CB8 0DF",10,563262,264136,"E92000001","E19000001","E18000006","E10000029","E07000245","E05012793"
"CB8 0DG",10,563211,264153,"E92000001","E19000001","E18000006","E10000029","E07000245","E05012793"
"CB8 0DH",10,563160,264202,"E92000001","E19000001","E18000006","E10000029","E07000245","E05012793"
"CB8 0DJ",10,563185,264325,"E92000001","E19000001","E18000006","E10000029","E07000245","E05012793"
"CB8 0DL",10,563135,264059,"E92000001","E19000001","E18000006","E10000029","E07000245","E05012793"
"CB8 0DN",10,563132,264063,"E92000001","E19000001","E18000006","E10000029","E07000245","E05012793"
"CB8 0DP",10,563129,263930,"E92000001","E19000001","E18000006","E10000029","E07000245","E05012793"
"CB8 0DQ",10,563264,264222,"E92000001","E19000001","E18000006","E10000029","E07000245","E05012793"
"CB8 0DR",10,563747,264525,"E92000001","E19000001","E18000006","E10000029","E07000245","E05012792"
"CB8 0DS",10,563881,264533,"E92000001","E19000001","E18000006","E10000029","E07000245","E05012792"
"CB8 0DT",10,563851,264598,"E92000001","E19000001","E18000006","E10000029","E07000245","E05012792"
"CB8 0DU",10,563913,264468,"E92000001","E19000001","E18000006","E10000029","E07000245","E05012792"
"CB8 0DW",10,563041,264059,"E92000001","E19000001","E18000006","E10000029","E07000245","E05012793"
"CB8 0DX",10,564071,263929,"E92000001","E19000001","E18000006","E10000029","E07000245","E05012791"
"CB8 0DY",10,563303,264013,"E92000001","E19000001","E18000006","E10000029","E07000245","E05012793"
"CB8 0DZ",10,563595,264473,"E92000001","E19000001","E18000006","E10000029","E07000245","E05012792"
"CB8 0EA",10,563919,263863,"E92000001","E19000001","E18000006","E10000029","E07000245","E05012791"
"CB8 0EB",10,563637,263917,"E92000001","E19000001","E18000006","E10000029","E07000245","E05012793"
"CB8 0ED",10,563727,263903,"E92000001","E19000001","E18000006","E10000029","E07000245","E05012793"
"CB8 0EE",10,563942,263767,"E92000001","E19000001","E18000006","E10000029","E07000245","E05012791"
"CB8 0EF",10,563900,263609,"E92000001","E19000001","E18000006","E10000029","E07000245","E05012791"
"CB8 0EG",10,563764,263678,"E92000001","E19000001","E18000006","E10000029","E07000245","E05012791"
"CB8 0EH",10,563866,263774,"E92000001","E19000001","E18000006","E10000029","E07000245","E05012791"
"CB8 0EJ",10,563638,264073,"E92000001","E19000001","E18000006","E10000029","E07000245","E05012793"
"CB8 0EL",10,563642,264228,"E92000001","E19000001","E18000006","E10000029","E07000245","E05012793"
"CB8 0EN",10,563571,264084,"E92000001","E19000001","E18000006","E10000029","E07000245","E05012793"
"CB8 0EP",10,563418,263977,"E92000001","E19000001","E18000006","E10000029","E07000245","E05012793"
"CB8 0EQ",10,563770,263812,"E92000001","E19000001","E18000006","E10000029","E07000245","E05012791"
"CB8 0ER",10,563463,263882,"E92000001","E19000001","E18000006","E10000029","E07000245","E05012793"
"CB8 0ES",10,563546,264094,"E92000001","E19000001","E18000006","E10000029","E07000245","E05012793"
"CB8 0ET",10,563485,264161,"E92000001","E19000001","E18000006","E10000029","E07000245","E05012793"
"CB8 0EU",10,563464,264181,"E92000001","E19000001","E18000006","E10000029","E07000245","E05012793"
"CB8 0EW",10,563504,263933,"E92000001","E19000001","E18000006","E10000029","E07000245","E05012793"
"CB8 0EX",10,563342,264127,"E92000001","E19000001","E18000006","E10000029","E07000245","E05012793"
"CB8 0EY",10,563384,264041,"E92000001","E19000001","E18000006","E10000029","E07000245","E05012793"
"CB8 0FA",10,563830,263895,"E92000001","E19000001","E18000006","E10000029","E07000245","E05012791"
"CB8 0FB",10,564207,263915,"E92000001","E19000001","E18000006","E10000029","E07000245","E05012791"
"CB8 0FD",10,561487,254921,"E92000001","E19000001","E18000006","E10000003","E07000009","E05015488"
"CB8 0FE",10,563717,264147,"E92000001","E19000001","E18000006","E10000029","E07000245","E05012793"
"CB8 0FG",10,561281,260977,"E92000001","E19000001","E18000006","E10000003","E07000009","E05015489"
"CB8 0FH",10,564032,263254,"E92000001","E19000001","E18000006","E10000029","E07000245","E05012793"
"CB8 0FJ",10,563320,262994,"E92000001","E19000001","E18000006","E10000029","E07000245","E05012793"
"CB8 0FL",10,563539,264170,"E92000001","E19000001","E18000006","E10000029","E07000245","E05012793"
"CB8 0FN",10,562575,254086,"E92000001","E19000001","E18000006","E10000003","E07000012","E05011282"
"CB8 0FP",10,564226,263880,"E92000001","E19000001","E18000006","E10000029","E07000245","E05012791"
"CB8 0FQ",10,563149,263724,"E92000001","E19000001","E18000006","E10000029","E07000245","E05012793"
"CB8 0GB",10,557872,256988,"E92000001","E19000001","E18000006","E10000003","E07000012","E05011291"
"CB8 0GG",10,562161,256752,"E92000001","E19000001","E18000006","E10000003","E07000009","E05015489"
"CB8 0GP",10,564115,263863,"E92000001","E19000001","E18000006","E10000029","E07000245","E05012791"
"CB8 0GQ",10,564089,263860,"E92000001","E19000001","E18000006","E10000029","E07000245","E05012791"
"CB8 0GR",10,563831,264314,"E92000001","E19000001","E18000006","E10000029","E07000245","E05012792"
"CB8 0GS",10,563574,264782,"E92000001","E19000001","E18000006","E10000029","E07000245","E05012792"
"CB8 0GT",10,564149,263863,"E92000001","E19000001","E18000006","E10000029","E07000245","E05012791"
"CB8 0GU",10,562915,263585,"E92000001","E19000001","E18000006","E10000029","E07000245","E05012793"
"CB8 0GW",10,564081,263801,"E92000001","E19000001","E18000006","E10000029","E07000245","E05012791"
"CB8 0GZ",10,563650,263076,"E92000001","E19000001","E18000006","E10000029","E07000245","E05012793"
"CB8 0HG",10,564101,264253,"E92000001","E19000001","E18000006","E10000029","E07000245","E05012792"
"CB8 0HL",10,564225,263337,"E92000001","E19000001","E18000006","E10000029","E07000245","E05012793"
"CB8 0HN",10,564179,263386,"E92000001","E19000001","E18000006","E10000029","E07000245","E05012793"
"CB8 0HP",10,564148,263427,"E92000001","E19000001","E18000006","E10000029","E07000245","E05012793"
"CB8 0HQ",10,564070,264201,"E92000001","E19000001","E18000006","E10000029","E07000245","E05012792"
"CB8 0HR",10,564215,263399,"E92000001","E19000001","E18000006","E10000029","E07000245","E05012793"
"CB8 0HT",10,564246,263397,"E92000001","E19000001","E18000006","E10000029","E07000245","E05012793"
"CB8 0HW",10,564216,263369,"E92000001","E19000001","E18000006","E10000029","E07000245","E05012793"
"CB8 0HX",10,564201,263439,"E92000001","E19000001","E18000006","E10000029","E07000245","E05012793"
"CB8 0HY",10,564208,263491,"E92000001","E19000001","E18000006","E10000029","E07000245","E05012791"
"CB8 0HZ",10,564120,263492,"E92000001","E19000001","E18000006","E10000029","E07000245","E05012791"
"CB8 0JA",10,563892,263517,"E92000001","E19000001","E18000006","E10000029","E07000245","E05012791"
"CB8 0JB",10,564111,263627,"E92000001","E19000001","E18000006","E10000029","E07000245","E05012791"
"CB8 0JD",10,564059,263621,"E92000001","E19000001","E18000006","E10000029","E07000245","E05012791"
"CB8 0JE",10,564080,263588,"E92000001","E19000001","E18000006","E10000029","E07000245","E05012791"
"CB8 0JF",10,564038,263594,"E92000001","E19000001","E18000006","E10000029","E07000245","E05012791"
"CB8 0JG",10,564100,263569,"E92000001","E19000001","E18000006","E10000029","E07000245","E05012791"
"CB8 0JH",10,564017,263563,"E92000001","E19000001","E18000006","E10000029","E07000245","E05012791"
"CB8 0JJ",10,564057,263527,"E92000001","E19000001","E18000006","E10000029","E07000245","E05012791"
"CB8 0JL",10,564076,263496,"E92000001","E19000001","E18000006","E10000029","E07000245","E05012791"
"CB8 0JN",10,564022,263530,"E92000001","E19000001","E18000006","E10000029","E07000245","E05012791"
"CB8 0JQ",10,564082,263548,"E92000001","E19000001","E18000006","E10000029","E07000245","E05012791"
"CB8 0JS",10,564011,263424,"E92000001","E19000001","E18000006","E10000029","E07000245","E05012793"
"CB8 0JT",10,563972,263188,"E92000001","E19000001","E18000006","E10000029","E07000245","E05012793"
"CB8 0JU",10,563885,263276,"E92000001","E19000001","E18000006","E10000029","E07000245","E05012793"
"CB8 0JW",10,563997,263335,"E92000001","E19000001","E18000006","E10000029","E07000245","E05012793"
"CB8 0JX",10,563816,263339,"E92000001","E19000001","E18000006","E10000029","E07000245","E05012793"
"CB8 0JY",10,563860,263409,"E92000001","E19000001","E18000006","E10000029","E07000245","E05012793"
"CB8 0JZ",10,563855,263417,"E92000001","E19000001","E18000006","E10000029","E07000245","E05012793"
"CB8 0LD",10,563936,263287,"E92000001","E19000001","E18000006","E10000029","E07000245","E05012793"
"CB8 0LE",10,563911,263345,"E92000001","E19000001","E18000006","E10000029","E07000245","E05012793"
"CB8 0LL",10,564054,264338,"E92000001","E19000001","E18000006","E10000029","E07000245","E05012792"
"CB8 0LN",10,564074,264298,"E92000001","E19000001","E18000006","E10000029","E07000245","E05012792"
"CB8 0LQ",10,564152,263910,"E92000001","E19000001","E18000006","E10000029","E07000245","E05012791"
"CB8 0LS",10,564230,263797,"E92000001","E19000001","E18000006","E10000029","E07000245","E05012791"
"CB8 0LT",10,564257,263824,"E92000001","E19000001","E18000006","E10000029","E07000245","E05012791"
"CB8 0LU",10,564269,263762,"E92000001","E19000001","E18000006","E10000029","E07000245","E05012791"
"CB8 0LX",10,564268,263883,"E92000001","E19000001","E18000006","E10000029","E07000245","E05012791"
"CB8 0LY",10,564233,263957,"E92000001","E19000001","E18000006","E10000029","E07000245","E05012791"
"CB8 0NA",10,563665,262980,"E92000001","E19000001","E18000006","E10000029","E07000245","E05012793"
"CB8 0NB",10,563714,263098,"E92000001","E19000001","E18000006","E10000029","E07000245","E05012793"
"CB8 0ND",10,563588,263071,"E92000001","E19000001","E18000006","E10000029","E07000245","E05012793"
"CB8 0NE",10,563599,262981,"E92000001","E19000001","E18000006","E10000029","E07000245","E05012793"
"CB8 0NF",10,563526,262938,"E92000001","E19000001","E18000006","E10000029","E07000245","E05012793"
"CB8 0NG",10,563445,262959,"E92000001","E19000001","E18000006","E10000029","E07000245","E05012793"
"CB8 0NH",10,563519,263161,"E92000001","E19000001","E18000006","E10000029","E07000245","E05012793"
"CB8 0NJ",10,563512,263087,"E92000001","E19000001","E18000006","E10000029","E07000245","E05012793"
"CB8 0NL",10,563325,263234,"E92000001","E19000001","E18000006","E10000029","E07000245","E05012793"
"CB8 0NN",10,563373,263262,"E92000001","E19000001","E18000006","E10000029","E07000245","E05012793"
"CB8 0NP",10,563300,263442,"E92000001","E19000001","E18000006","E10000029","E07000245","E05012793"
"CB8 0NQ",10,563313,263132,"E92000001","E19000001","E18000006","E10000029","E07000245","E05012793"
"CB8 0NR",10,563388,263365,"E92000001","E19000001","E18000006","E10000029","E07000245","E05012793"
"CB8 0NS",10,563192,263452,"E92000001","E19000001","E18000006","E10000029","E07000245","E05012793"
"CB8 0NT",10,563255,263485,"E92000001","E19000001","E18000006","E10000029","E07000245","E05012793"
"CB8 0NU",10,563228,263584,"E92000001","E19000001","E18000006","E10000029","E07000245","E05012793"
"CB8 0NW",10,563220,263320,"E92000001","E19000001","E18000006","E10000029","E07000245","E05012793"
"CB8 0NX",10,563157,263587,"E92000001","E19000001","E18000006","E10000029","E07000245","E05012793"
"CB8 0NY",10,563102,263416,"E92000001","E19000001","E18000006","E10000029","E07000245","E05012793"
"CB8 0PA",10,563385,263071,"E92000001","E19000001","E18000006","E10000029","E07000245","E05012793"
"CB8 0PB",10,562954,263698,"E92000001","E19000001","E18000006","E10000029","E07000245","E05012793"
"CB8 0PD",10,562822,263653,"E92000001","E19000001","E18000006","E10000029","E07000245","E05012793"
"CB8 0PE",10,563043,263679,"E92000001","E19000001","E18000006","E10000029","E07000245","E05012793"
"CB8 0PH",10,560635,257438,"E92000001","E19000001","E18000006","E10000003","E07000009","E05015489"
"CB8 0PJ",10,563118,255931,"E92000001","E19000001","E18000006","E10000003","E07000009","E05015489"
"CB8 0PT",10,563937,263505,"E92000001","E19000001","E18000006","E10000029","E07000245","E05012791"
"CB8 0PU",10,563682,263406,"E92000001","E19000001","E18000006","E10000029","E07000245","E05012793"
"CB8 0PX",10,563540,263604,"E92000001","E19000001","E18000006","E10000029","E07000245","E05012793"
"CB8 0PY",10,563542,263470,"E92000001","E19000001","E18000006","E10000029","E07000245","E05012793"
"CB8 0PZ",10,563446,263522,"E92000001","E19000001","E18000006","E10000029","E07000245","E05012793"
"CB8 0QA",10,563404,263675,"E92000001","E19000001","E18000006","E10000029","E07000245","E05012793"
"CB8 0QB",10,563386,263598,"E92000001","E19000001","E18000006","E10000029","E07000245","E05012793"
"CB8 0QD",10,563309,263885,"E92000001","E19000001","E18000006","E10000029","E07000245","E05012793"
"CB8 0QE",10,563151,263700,"E92000001","E19000001","E18000006","E10000029","E07000245","E05012793"
"CB8 0QF",10,563168,263660,"E92000001","E19000001","E18000006","E10000029","E07000245","E05012793"
"CB8 0QG",10,563296,263643,"E92000001","E19000001","E18000006","E10000029","E07000245","E05012793"
"CB8 0QH",10,563443,263398,"E92000001","E19000001","E18000006","E10000029","E07000245","E05012793"
"CB8 0QJ",10,563562,263307,"E92000001","E19000001","E18000006","E10000029","E07000245","E05012793"
"CB8 0QL",10,563439,263457,"E92000001","E19000001","E18000006","E10000029","E07000245","E05012793"
"CB8 0QN",10,563056,263760,"E92000001","E19000001","E18000006","E10000029","E07000245","E05012793"
"CB8 0QP",10,563486,263466,"E92000001","E19000001","E18000006","E10000029","E07000245","E05012793"
"CB8 0QQ",10,563332,263554,"E92000001","E19000001","E18000006","E10000029","E07000245","E05012793"
"CB8 0QW",10,563117,263833,"E92000001","E19000001","E18000006","E10000029","E07000245","E05012793"
"CB8 0QZ",10,564199,263810,"E92000001","E19000001","E18000006","E10000029","E07000245","E05012791"
"CB8 0RA",10,562604,254875,"E92000001","E19000001","E18000006","E10000003","E07000009","E05015488"
"CB8 0RB",10,562699,254954,"E92000001","E19000001","E18000006","E10000003","E07000009","E05015488"
"CB8 0RD",10,562895,255440,"E92000001","E19000001","E18000006","E10000003","E07000009","E05015488"
"CB8 0RE",10,563078,255838,"E92000001","E19000001","E18000006","E10000003","E07000009","E05015489"
"CB8 0RF",10,563140,255995,"E92000001","E19000001","E18000006","E10000003","E07000009","E05015489"
"CB8 0RG",10,562643,255979,"E92000001","E19000001","E18000006","E10000003","E07000009","E05015488"
"CB8 0RH",10,562272,256148,"E92000001","E19000001","E18000006","E10000003","E07000009","E05015488"
"CB8 0RL",10,561874,256308,"E92000001","E19000001","E18000006","E10000003","E07000009","E05015488"
"CB8 0RN",10,561457,257092,"E92000001","E19000001","E18000006","E10000003","E07000009","E05015489"
"CB8 0RP",10,560630,255579,"E92000001","E19000001","E18000006","E10000003","E07000009","E05015488"
"CB8 0RQ",10,562100,256256,"E92000001","E19000001","E18000006","E10000003","E07000009","E05015488"
"CB8 0RW",10,560207,257141,"E92000001","E19000001","E18000006","E10000003","E07000009","E05015489"
"CB8 0SA",10,564001,263990,"E92000001","E19000001","E18000006","E10000029","E07000245","E05012791"
"CB8 0SB",10,563095,254909,"E92000001","E19000001","E18000006","E10000003","E07000009","E05015488"
"CB8 0SD",10,562896,254676,"E92000001","E19000001","E18000006","E10000003","E07000009","E05015488"
"CB8 0SE",10,562885,254797,"E92000001","E19000001","E18000006","E10000003","E07000009","E05015488"
"CB8 0SF",10,563161,254630,"E92000001","E19000001","E18000006","E10000003","E07000009","E05015488"
"CB8 0SG",10,562721,254686,"E92000001","E19000001","E18000006","E10000003","E07000009","E05015488"
"CB8 0SH",10,562972,254617,"E92000001","E19000001","E18000006","E10000003","E07000009","E05015488"
"CB8 0SJ",10,563406,254542,"E92000001","E19000001","E18000006","E10000003","E07000009","E05015488"
"CB8 0SL",10,563348,254437,"E92000001","E19000001","E18000006","E10000003","E07000009","E05015488"
"CB8 0SN",10,563712,254267,"E92000001","E19000001","E18000006","E10000003","E07000009","E05015488"
"CB8 0SQ",10,562652,254806,"E92000001","E19000001","E18000006","E10000003","E07000009","E05015488"
"CB8 0SR",10,564022,264009,"E92000001","E19000001","E18000006","E10000029","E07000245","E05012791"
"CB8 0SS",10,563795,264190,"E92000001","E19000001","E18000006","E10000029","E07000245","E05012792"
"CB8 0ST",10,564066,264023,"E92000001","E19000001","E18000006","E10000029","E07000245","E05012791"
"CB8 0SU",10,564223,264031,"E92000001","E19000001","E18000006","E10000029","E07000245","E05012791"
"CB8 0SW",10,562854,253951,"E92000001","E19000001","E18000006","E10000003","E07000012","E05011282"
"CB8 0SX",10,564192,264091,"E92000001","E19000001","E18000006","E10000029","E07000245","E05012791"
"CB8 0SY",10,564204,264103,"E92000001","E19000001","E18000006","E10000029","E07000245","E05012791"
"CB8 0SZ",10,564286,263971,"E92000001","E19000001","E18000006","E10000029","E07000245","E05012791"
"CB8 0TE",10,562616,263894,"E92000001","E19000001","E18000006","E10000029","E07000245","E05012793"
"CB8 0TF",10,562308,262654,"E92000001","E19000001","E18000006","E10000029","E07000245","E05012793"
"CB8 0TG",10,562789,261858,"E92000001","E19000001","E18000006","E10000003","E07000009","E05015489"
"CB8 0TH",10,560781,261317,"E92000001","E19000001","E18000006","E10000003","E07000009","E05015489"
"CB8 0TL",10,559882,260695,"E92000001","E19000001","E18000006","E10000003","E07000009","E05015489"
"CB8 0TN",10,558443,260009,"E92000001","E19000001","E18000006","E10000003","E07000009","E05015488"
"CB8 0TP",10,560177,260214,"E92000001","E19000001","E18000006","E10000003","E07000009","E05015489"
"CB8 0TQ",10,561950,261493,"E92000001","E19000001","E18000006","E10000003","E07000009","E05015489"
"CB8 0TR",10,559988,259629,"E92000001","E19000001","E18000006","E10000003","E07000009","E05015489"
"CB8 0TS",10,559442,259159,"E92000001","E19000001","E18000006","E10000003","E07000009","E05015489"
"CB8 0TT",10,557795,258021,"E92000001","E19000001","E18000006","E10000003","E07000009","E05015488"
"CB8 0TU",10,558978,258522,"E92000001","E19000001","E18000006","E10000003","E07000009","E05015489"
"CB8 0TW",10,561785,261292,"E92000001","E19000001","E18000006","E10000003","E07000009","E05015489"
"CB8 0TX",10,562077,260255,"E92000001","E19000001","E18000006","E10000003","E07000009","E05015489"
"CB8 0TY",10,561963,260040,"E92000001","E19000001","E18000006","E10000003","E07000009","E05015489"
"CB8 0TZ",10,558341,257682,"E92000001","E19000001","E18000006","E10000003","E07000009","E05015488"
"CB8 0UA",10,559102,257456,"E92000001","E19000001","E18000006","E10000003","E07000009","E05015488"
"CB8 0UB",10,559084,257758,"E92000001","E19000001","E18000006","E10000003","E07000009","E05015488"
"CB8 0UD",10,558223,257664,"E92000001","E19000001","E18000006","E10000003","E07000009","E05015488"
"CB8 0UE",10,558098,257489,"E92000001","E19000001","E18000006","E10000003","E07000009","E05015488"
"CB8 0UF",10,557929,257096,"E92000001","E19000001","E18000006","E10000003","E07000012","E05011291"
"CB8 0UH",10,557583,256711,"E92000001","E19000001","E18000006","E10000003","E07000012","E05011291"
"CB8 0UJ",10,557664,256736,"E92000001","E19000001","E18000006","E10000003","E07000012","E05011291"
"CB8 0UL",10,558133,257588,"E92000001","E19000001","E18000006","E10000003","E07000009","E05015488"
"CB8 0UN",10,557853,256887,"E92000001","E19000001","E18000006","E10000003","E07000012","E05011291"
"CB8 0UP",10,557635,255408,"E92000001","E19000001","E18000006","E10000003","E07000012","E05011282"
"CB8 0UQ",10,557758,256870,"E92000001","E19000001","E18000006","E10000003","E07000012","E05011291"
"CB8 0UR",10,558455,254847,"E92000001","E19000001","E18000006","E10000003","E07000012","E05011282"
"CB8 0UT",10,558392,254741,"E92000001","E19000001","E18000006","E10000003","E07000012","E05011282"
"CB8 0UU",10,558867,258585,"E92000001","E19000001","E18000006","E10000003","E07000009","E05015489"
"CB8 0UW",10,557068,257391,"E92000001","E19000001","E18000006","E10000003","E07000012","E05011291"
"CB8 0UX",10,558337,258933,"E92000001","E19000001","E18000006","E10000003","E07000009","E05015488"
"CB8 0UY",10,558320,259255,"E92000001","E19000001","E18000006","E10000003","E07000009","E05015488"
"CB8 0UZ",10,558146,259453,"E92000001","E19000001","E18000006","E10000003","E07000009","E05015488"
"CB8 0WA",10,564173,263944,"E92000001","E19000001","E18000006","E10000029","E07000245","E05012791"
"CB8 0WB",10,563984,263223,"E92000001","E19000001","E18000006","E10000029","E07000245","E05012793"
"CB8 0WH",10,563947,263255,"E92000001","E19000001","E18000006","E10000029","E07000245","E05012793"
"CB8 0WJ",10,564310,263372,"E92000001","E19000001","E18000006","E10000029","E07000245","E05012791"
"CB8 0WY",10,563234,263085,"E92000001","E19000001","E18000006","E10000029","E07000245","E05012793"
"CB8 0XA",10,558508,261014,"E92000001","E19000001","E18000006","E10000003","E07000009","E05015488"
"CB8 0XD",10,560295,261502,"E92000001","E19000001","E18000006","E10000003","E07000009","E05015488"
"CB8 0XE",10,559960,261774,"E92000001","E19000001","E18000006","E10000003","E07000009","E05015488"
"CB8 0XF",10,557791,256868,"E92000001","E19000001","E18000006","E10000003","E07000012","E05011291"
"CB8 0XG",10,561493,263888,"E92000001","E19000001","E18000006","E10000029","E07000245","E05012793"
"CB8 0XH",10,557726,256825,"E92000001","E19000001","E18000006","E10000003","E07000012","E05011291"
"CB8 1DF",10,564242,263247,"E92000001","E19000001","E18000006","E10000029","E07000245","E05012791"
"CB8 1DG",10,564242,263247,"E92000001","E19000001","E18000006","E10000029","E07000245","E05012791"
"CB8 1DT",10,564242,263247,"E92000001","E19000001","E18000006","E10000029","E07000245","E05012791"
"CB8 1FD",10,564242,263247,"E92000001","E19000001","E18000006","E10000029","E07000245","E05012791"
"CB8 1FP",10,564242,263247,"E92000001","E19000001","E18000006","E10000029","E07000245","E05012791"
"CB8 1GJ",10,564242,263247,"E92000001","E19000001","E18000006","E10000029","E07000245","E05012791"
"CB8 1GW",10,564242,263247,"E92000001","E19000001","E18000006","E10000029","E07000245","E05012791"
"CB8 1GY",10,564242,263247,"E92000001","E19000001","E18000006","E10000029","E07000245","E05012791"
"CB8 1HB",10,564242,263247,"E92000001","E19000001","E18000006","E10000029","E07000245","E05012791"
"CB8 1HE",10,564242,263247,"E92000001","E19000001","E18000006","E10000029","E07000245","E05012791"
"CB8 1HR",10,564242,263247,"E92000001","E19000001","E18000006","E10000029","E07000245","E05012791"
"CB8 7AA",10,564445,263982,"E92000001","E19000001","E18000006","E10000029","E07000245","E05012791"
"CB8 7AB",10,564349,263777,"E92000001","E19000001","E18000006","E10000029","E07000245","E05012791"
"CB8 7AF",10,564390,263892,"E92000001","E19000001","E18000006","E10000029","E07000245","E05012791"
"CB8 7AH",10,563728,265140,"E92000001","E19000001","E18000006","E10000029","E07000245","E05012792"
"CB8 7AJ",10,564211,264790,"E92000001","E19000001","E18000006","E10000029","E07000245","E05012792"
"CB8 7AN",10,563217,265374,"E92000001","E19000001","E18000006","E10000029","E07000245","E05012792"
"CB8 7AP",10,563279,265453,"E92000001","E19000001","E18000006","E10000029","E07000245","E05012792"
"CB8 7AQ",10,564279,264402,"E92000001","E19000001","E18000006","E10000029","E07000245","E05012792"
"CB8 7AR",10,563197,265657,"E92000001","E19000001","E18000006","E10000029","E07000245","E05012792"
"CB8 7AS",10,563095,265541,"E92000001","E19000001","E18000006","E10000029","E07000245","E05012792"
"CB8 7AT",10,563066,265532,"E92000001","E19000001","E18000006","E10000029","E07000245","E05012792"
"CB8 7AU",10,563098,264986,"E92000001","E19000001","E18000006","E10000029","E07000245","E05012792"
"CB8 7AW",10,563344,265434,"E92000001","E19000001","E18000006","E10000029","E07000245","E05012792"
"CB8 7AX",10,563260,265648,"E92000001","E19000001","E18000006","E10000029","E07000245","E05012792"
"CB8 7AZ",10,563373,265704,"E92000001","E19000001","E18000006","E10000029","E07000245","E05012792"
"CB8 7BA",10,563071,265381,"E92000001","E19000001","E18000006","E10000029","E07000245","E05012792"
"CB8 7BB",10,563253,265801,"E92000001","E19000001","E18000006","E10000029","E07000245","E05012792"
"CB8 7BD",10,563343,265828,"E92000001","E19000001","E18000006","E10000029","E07000245","E05012792"
"CB8 7BG",10,563281,265564,"E92000001","E19000001","E18000006","E10000029","E07000245","E05012792"
"CB8 7BH",10,563466,265745,"E92000001","E19000001","E18000006","E10000029","E07000245","E05012792"
"CB8 7BJ",10,563472,265565,"E92000001","E19000001","E18000006","E10000029","E07000245","E05012792"
"CB8 7BN",10,563523,265683,"E92000001","E19000001","E18000006","E10000029","E07000245","E05012792"
"CB8 7BP",10,564623,263590,"E92000001","E19000001","E18000006","E10000029","E07000245","E05012791"
"CB8 7BQ",10,563440,265816,"E92000001","E19000001","E18000006","E10000029","E07000245","E05012792"
"CB8 7BS",10,564643,263946,"E92000001","E19000001","E18000006","E10000029","E07000245","E05012791"
"CB8 7BT",10,565359,264371,"E92000001","E19000001","E18000006","E10000029","E07000245","E05012791"
"CB8 7BU",10,565170,264185,"E92000001","E19000001","E18000006","E10000029","E07000245","E05012791"
"CB8 7BW",10,563571,265689,"E92000001","E19000001","E18000006","E10000029","E07000245","E05012792"
"CB8 7BX",10,564965,264187,"E92000001","E19000001","E18000006","E10000029","E07000245","E05012791"
"CB8 7BY",10,565356,264616,"E92000001","E19000001","E18000006","E10000029","E07000245","E05012791"
"CB8 7BZ",10,565227,264727,"E92000001","E19000001","E18000006","E10000029","E07000245","E05012791"
"CB8 7DD",10,565615,264832,"E92000001","E19000001","E18000006","E10000003","E07000009","E05011566"
"CB8 7DE",10,565654,264874,"E92000001","E19000001","E18000006","E10000003","E07000009","E05011566"
"CB8 7DF",10,565070,264719,"E92000001","E19000001","E18000006","E10000029","E07000245","E05012792"
"CB8 7DG",10,565041,264586,"E92000001","E19000001","E18000006","E10000029","E07000245","E05012792"
"CB8 7DH",10,564941,264899,"E92000001","E19000001","E18000006","E10000029","E07000245","E05012792"
"CB8 7DJ",10,564573,264941,"E92000001","E19000001","E18000006","E10000029","E07000245","E05012792"
"CB8 7DL",10,564491,264865,"E92000001","E19000001","E18000006","E10000029","E07000245","E05012792"
"CB8 7DN",10,564478,264722,"E92000001","E19000001","E18000006","E10000029","E07000245","E05012792"
"CB8 7DP",10,564441,264388,"E92000001","E19000001","E18000006","E10000029","E07000245","E05012792"
"CB8 7DQ",10,564847,264287,"E92000001","E19000001","E18000006","E10000029","E07000245","E05012791"
"CB8 7DR",10,564376,264574,"E92000001","E19000001","E18000006","E10000029","E07000245","E05012792"
"CB8 7DS",10,564319,264627,"E92000001","E19000001","E18000006","E10000029","E07000245","E05012792"
"CB8 7DT",10,563395,265370,"E92000001","E19000001","E18000006","E10000029","E07000245","E05012792"
"CB8 7DU",10,561349,265816,"E92000001","E19000001","E18000006","E10000029","E07000245","E05012773"
"CB8 7DX",10,564534,264394,"E92000001","E19000001","E18000006","E10000029","E07000245","E05012792"
"CB8 7DY",10,564619,264473,"E92000001","E19000001","E18000006","E10000029","E07000245","E05012792"
"CB8 7DZ",10,564541,264519,"E92000001","E19000001","E18000006","E10000029","E07000245","E05012792"
"CB8 7EA",10,563463,265452,"E92000001","E19000001","E18000006","E10000029","E07000245","E05012792"
"CB8 7ED",10,564404,264508,"E92000001","E19000001","E18000006","E10000029","E07000245","E05012792"
"CB8 7EH",10,562178,265594,"E92000001","E19000001","E18000006","E10000029","E07000245","E05012773"
"CB8 7EJ",10,562100,265611,"E92000001","E19000001","E18000006","E10000029","E07000245","E05012773"
"CB8 7EL",10,562214,265745,"E92000001","E19000001","E18000006","E10000029","E07000245","E05012773"
"CB8 7EN",10,561820,265758,"E92000001","E19000001","E18000006","E10000029","E07000245","E05012773"
"CB8 7EP",10,563332,265136,"E92000001","E19000001","E18000006","E10000029","E07000245","E05012792"
"CB8 7ER",10,563269,265253,"E92000001","E19000001","E18000006","E10000029","E07000245","E05012792"
"CB8 7ES",10,561668,265721,"E92000001","E19000001","E18000006","E10000029","E07000245","E05012773"
"CB8 7ET",10,561595,265685,"E92000001","E19000001","E18000006","E10000029","E07000245","E05012773"
"CB8 7EU",10,561557,265639,"E92000001","E19000001","E18000006","E10000029","E07000245","E05012773"
"CB8 7EW",10,561746,265734,"E92000001","E19000001","E18000006","E10000029","E07000245","E05012773"
"CB8 7EX",10,561600,265826,"E92000001","E19000001","E18000006","E10000029","E07000245","E05012773"
"CB8 7EY",10,561125,265892,"E92000001","E19000001","E18000006","E10000029","E07000245","E05012773"
"CB8 7EZ",10,561126,265788,"E92000001","E19000001","E18000006","E10000029","E07000245","E05012773"
"CB8 7FA",10,563479,264984,"E92000001","E19000001","E18000006","E10000029","E07000245","E05012792"
"CB8 7FB",10,564190,264710,"E92000001","E19000001","E18000006","E10000029","E07000245","E05012792"
"CB8 7FD",10,565155,264154,"E92000001","E19000001","E18000006","E10000029","E07000245","E05012791"
"CB8 7FE",10,570571,266771,"E92000001","E19000001","E18000006","E10000029","E07000245","E05012783"
"CB8 7FF",10,571091,266751,"E92000001","E19000001","E18000006","E10000029","E07000245","E05012783"
"CB8 7FG",10,569805,268220,"E92000001","E19000001","E18000006","E10000003","E07000009","E05011566"
"CB8 7FH",10,564418,264020,"E92000001","E19000001","E18000006","E10000029","E07000245","E05012791"
"CB8 7FJ",10,561807,265843,"E92000001","E19000001","E18000006","E10000029","E07000245","E05012773"
"CB8 7FL",10,564168,264758,"E92000001","E19000001","E18000006","E10000029","E07000245","E05012792"
"CB8 7FN",10,561880,265671,"E92000001","E19000001","E18000006","E10000029","E07000245","E05012773"
"CB8 7FP",10,564377,263994,"E92000001","E19000001","E18000006","E10000029","E07000245","E05012791"
"CB8 7FQ",10,561348,265668,"E92000001","E19000001","E18000006","E10000029","E07000245","E05012773"
"CB8 7FR",10,561947,265286,"E92000001","E19000001","E18000006","E10000029","E07000245","E05012773"
"CB8 7FS",10,561193,265728,"E92000001","E19000001","E18000006","E10000029","E07000245","E05012773"
"CB8 7FT",10,561492,265604,"E92000001","E19000001","E18000006","E10000029","E07000245","E05012773"
"CB8 7FU",10,561159,265792,"E92000001","E19000001","E18000006","E10000029","E07000245","E05012773"
"CB8 7FW",10,571023,266817,"E92000001","E19000001","E18000006","E10000029","E07000245","E05012783"
"CB8 7FX",10,570668,266995,"E92000001","E19000001","E18000006","E10000029","E07000245","E05012783"
"CB8 7FY",10,570588,266948,"E92000001","E19000001","E18000006","E10000029","E07000245","E05012783"
"CB8 7FZ",10,570452,268796,"E92000001","E19000001","E18000006","E10000029","E07000245","E05015577"
"CB8 7GB",10,570520,266686,"E92000001","E19000001","E18000006","E10000029","E07000245","E05012783"
"CB8 7GE",10,570572,266707,"E92000001","E19000001","E18000006","E10000029","E07000245","E05012783"
"CB8 7GF",10,570685,266605,"E92000001","E19000001","E18000006","E10000029","E07000245","E05012783"
"CB8 7GG",10,563509,265047,"E92000001","E19000001","E18000006","E10000029","E07000245","E05012792"
"CB8 7GH",10,570712,266604,"E92000001","E19000001","E18000006","E10000029","E07000245","E05012783"
"CB8 7GJ",10,570850,266620,"E92000001","E19000001","E18000006","E10000029","E07000245","E05012783"
"CB8 7GL",10,562801,265099,"E92000001","E19000001","E18000006","E10000029","E07000245","E05012792"
"CB8 7GN",10,562780,265064,"E92000001","E19000001","E18000006","E10000029","E07000245","E05012792"
"CB8 7GP",10,562865,265076,"E92000001","E19000001","E18000006","E10000029","E07000245","E05012792"
"CB8 7GQ",10,562767,265175,"E92000001","E19000001","E18000006","E10000029","E07000245","E05012792"
"CB8 7GR",10,569558,266394,"E92000001","E19000001","E18000006","E10000029","E07000245","E05012783"
"CB8 7GS",10,561264,265537,"E92000001","E19000001","E18000006","E10000029","E07000245","E05012773"
"CB8 7GT",10,561261,265611,"E92000001","E19000001","E18000006","E10000029","E07000245","E05012773"
"CB8 7GU",10,561169,265588,"E92000001","E19000001","E18000006","E10000029","E07000245","E05012773"
"CB8 7GW",10,560898,265804,"E92000001","E19000001","E18000006","E10000029","E07000245","E05012773"
"CB8 7GX",10,560940,265795,"E92000001","E19000001","E18000006","E10000029","E07000245","E05012773"
"CB8 7HA",10,561871,265445,"E92000001","E19000001","E18000006","E10000029","E07000245","E05012773"
"CB8 7HB",10,561820,265618,"E92000001","E19000001","E18000006","E10000029","E07000245","E05012773"
"CB8 7HE",10,561821,265546,"E92000001","E19000001","E18000006","E10000029","E07000245","E05012773"
"CB8 7HF",10,561996,265489,"E92000001","E19000001","E18000006","E10000029","E07000245","E05012773"
"CB8 7HG",10,562145,265403,"E92000001","E19000001","E18000006","E10000029","E07000245","E05012773"
"CB8 7HH",10,561802,265380,"E92000001","E19000001","E18000006","E10000029","E07000245","E05012773"
"CB8 7HJ",10,561764,265366,"E92000001","E19000001","E18000006","E10000029","E07000245","E05012773"
"CB8 7HL",10,561850,265290,"E92000001","E19000001","E18000006","E10000029","E07000245","E05012773"
"CB8 7HN",10,561732,265188,"E92000001","E19000001","E18000006","E10000029","E07000245","E05012773"
"CB8 7HP",10,562072,265564,"E92000001","E19000001","E18000006","E10000029","E07000245","E05012773"
"CB8 7HQ",10,562005,265360,"E92000001","E19000001","E18000006","E10000029","E07000245","E05012773"
"CB8 7HR",10,561490,265744,"E92000001","E19000001","E18000006","E10000029","E07000245","E05012773"
"CB8 7HS",10,561942,265619,"E92000001","E19000001","E18000006","E10000029","E07000245","E05012773"
"CB8 7HT",10,561583,265771,"E92000001","E19000001","E18000006","E10000029","E07000245","E05012773"
"CB8 7HU",10,561651,265619,"E92000001","E19000001","E18000006","E10000029","E07000245","E05012773"
"CB8 7HW",10,561543,265067,"E92000001","E19000001","E18000006","E10000029","E07000245","E05012773"
"CB8 7HX",10,562022,265723,"E92000001","E19000001","E18000006","E10000029","E07000245","E05012773"
"CB8 7JA",10,560854,265846,"E92000001","E19000001","E18000006","E10000029","E07000245","E05012773"
"CB8 7JE",10,561781,265799,"E92000001","E19000001","E18000006","E10000029","E07000245","E05012773"
"CB8 7JF",10,561900,265841,"E92000001","E19000001","E18000006","E10000029","E07000245","E05012773"
"CB8 7JG",10,563928,264126,"E92000001","E19000001","E18000006","E10000029","E07000245","E05012792"
"CB8 7JH",10,562644,265271,"E92000001","E19000001","E18000006","E10000029","E07000245","E05012792"
"CB8 7JN",10,561751,265857,"E92000001","E19000001","E18000006","E10000029","E07000245","E05012773"
"CB8 7JP",10,561784,265896,"E92000001","E19000001","E18000006","E10000029","E07000245","E05012773"
"CB8 7JQ",10,562726,264343,"E92000001","E19000001","E18000006","E10000029","E07000245","E05012793"
"CB8 7JR",10,561546,266172,"E92000001","E19000001","E18000006","E10000029","E07000245","E05012773"
"CB8 7JS",10,561642,265976,"E92000001","E19000001","E18000006","E10000029","E07000245","E05012773"
"CB8 7JT",10,561685,265921,"E92000001","E19000001","E18000006","E10000029","E07000245","E05012773"
"CB8 7JU",10,561679,265952,"E92000001","E19000001","E18000006","E10000029","E07000245","E05012773"
"CB8 7JW",10,561868,265904,"E92000001","E19000001","E18000006","E10000029","E07000245","E05012773"
"CB8 7JX",10,561497,266270,"E92000001","E19000001","E18000006","E10000029","E07000245","E05012773"
"CB8 7JY",10,561472,266491,"E92000001","E19000001","E18000006","E10000029","E07000245","E05012773"
"CB8 7JZ",10,561675,265977,"E92000001","E19000001","E18000006","E10000029","E07000245","E05012773"
"CB8 7LA",10,560071,266115,"E92000001","E19000001","E18000006","E10000029","E07000245","E05012773"
"CB8 7LB",10,562229,265844,"E92000001","E19000001","E18000006","E10000029","E07000245","E05012773"
"CB8 7LD",10,562355,265822,"E92000001","E19000001","E18000006","E10000029","E07000245","E05012773"
"CB8 7LE",10,562376,265979,"E92000001","E19000001","E18000006","E10000029","E07000245","E05012773"
"CB8 7LF",10,563265,266545,"E92000001","E19000001","E18000006","E10000029","E07000245","E05012773"
"CB8 7LG",10,563314,267660,"E92000001","E19000001","E18000006","E10000003","E07000009","E05011566"
"CB8 7LH",10,563772,266618,"E92000001","E19000001","E18000006","E10000029","E07000245","E05012773"
"CB8 7LJ",10,564301,267185,"E92000001","E19000001","E18000006","E10000003","E07000009","E05011566"
"CB8 7LL",10,564495,266773,"E92000001","E19000001","E18000006","E10000003","E07000009","E05011566"
"CB8 7LN",10,564613,266115,"E92000001","E19000001","E18000006","E10000003","E07000009","E05011566"
"CB8 7LP",10,564693,265644,"E92000001","E19000001","E18000006","E10000029","E07000245","E05012792"
"CB8 7LS",10,564520,267401,"E92000001","E19000001","E18000006","E10000003","E07000009","E05011566"
"CB8 7LT",10,564530,267479,"E92000001","E19000001","E18000006","E10000003","E07000009","E05011566"
"CB8 7LU",10,564366,267584,"E92000001","E19000001","E18000006","E10000003","E07000009","E05011566"
"CB8 7LW",10,564682,265878,"E92000001","E19000001","E18000006","E10000029","E07000245","E05012792"
"CB8 7LX",10,564359,267657,"E92000001","E19000001","E18000006","E10000003","E07000009","E05011566"
"CB8 7LY",10,564354,267519,"E92000001","E19000001","E18000006","E10000003","E07000009","E05011566"
"CB8 7LZ",10,564208,267479,"E92000001","E19000001","E18000006","E10000003","E07000009","E05011566"
"CB8 7NA",10,562240,265981,"E92000001","E19000001","E18000006","E10000029","E07000245","E05012773"
"CB8 7NB",10,563561,268205,"E92000001","E19000001","E18000006","E10000003","E07000009","E05011566"
"CB8 7ND",10,563549,267925,"E92000001","E19000001","E18000006","E10000003","E07000009","E05011566"
"CB8 7NE",10,562752,268439,"E92000001","E19000001","E18000006","E10000029","E07000245","E05012773"
"CB8 7NF",10,562374,267980,"E92000001","E19000001","E18000006","E10000029","E07000245","E05012773"
"CB8 7NG",10,562048,267603,"E92000001","E19000001","E18000006","E10000029","E07000245","E05012773"
"CB8 7NH",10,562378,267950,"E92000001","E19000001","E18000006","E10000029","E07000245","E05012773"
"CB8 7NJ",10,562177,267560,"E92000001","E19000001","E18000006","E10000029","E07000245","E05012773"
"CB8 7NL",10,561687,267995,"E92000001","E19000001","E18000006","E10000029","E07000245","E05012773"
"CB8 7NN",10,562070,266079,"E92000001","E19000001","E18000006","E10000029","E07000245","E05012773"
"CB8 7NP",10,563085,266038,"E92000001","E19000001","E18000006","E10000029","E07000245","E05012773"
"CB8 7NQ",10,562386,267477,"E92000001","E19000001","E18000006","E10000029","E07000245","E05012773"
"CB8 7NR",10,563033,268737,"E92000001","E19000001","E18000006","E10000003","E07000009","E05011566"
"CB8 7NS",10,562571,265857,"E92000001","E19000001","E18000006","E10000029","E07000245","E05012773"
"CB8 7NT",10,562687,265861,"E92000001","E19000001","E18000006","E10000029","E07000245","E05012773"
"CB8 7NU",10,564770,266068,"E92000001","E19000001","E18000006","E10000003","E07000009","E05011566"
"CB8 7NW",10,562078,266653,"E92000001","E19000001","E18000006","E10000029","E07000245","E05012773"
"CB8 7NY",10,563640,268194,"E92000001","E19000001","E18000006","E10000003","E07000009","E05011566"
"CB8 7PA",10,562321,265785,"E92000001","E19000001","E18000006","E10000029","E07000245","E05012773"
"CB8 7PB",10,562592,265899,"E92000001","E19000001","E18000006","E10000029","E07000245","E05012773"
"CB8 7PD",10,561456,266633,"E92000001","E19000001","E18000006","E10000029","E07000245","E05012773"
"CB8 7PF",10,562105,266717,"E92000001","E19000001","E18000006","E10000029","E07000245","E05012773"
"CB8 7PG",10,562899,265890,"E92000001","E19000001","E18000006","E10000029","E07000245","E05012773"
"CB8 7PH",10,565855,265133,"E92000001","E19000001","E18000006","E10000003","E07000009","E05011566"
"CB8 7PJ",10,567479,265582,"E92000001","E19000001","E18000006","E10000029","E07000245","E05012783"
"CB8 7PL",10,569294,265750,"E92000001","E19000001","E18000006","E10000029","E07000245","E05012783"
"CB8 7PN",10,570132,266547,"E92000001","E19000001","E18000006","E10000029","E07000245","E05012783"
"CB8 7PP",10,570240,266691,"E92000001","E19000001","E18000006","E10000003","E07000009","E05011566"
"CB8 7PR",10,570799,266755,"E92000001","E19000001","E18000006","E10000029","E07000245","E05012783"
"CB8 7PT",10,570626,266797,"E92000001","E19000001","E18000006","E10000029","E07000245","E05012783"
"CB8 7PW",10,570140,266534,"E92000001","E19000001","E18000006","E10000029","E07000245","E05012783"
"CB8 7PX",10,570174,266597,"E92000001","E19000001","E18000006","E10000029","E07000245","E05012783"
"CB8 7PY",10,571046,266805,"E92000001","E19000001","E18000006","E10000029","E07000245","E05012783"
"CB8 7PZ",10,571533,266771,"E92000001","E19000001","E18000006","E10000029","E07000245","E05012783"
"CB8 7QA",10,570914,266682,"E92000001","E19000001","E18000006","E10000029","E07000245","E05012783"
"CB8 7QB",10,571039,266683,"E92000001","E19000001","E18000006","E10000029","E07000245","E05012783"
"CB8 7QD",10,570145,266929,"E92000001","E19000001","E18000006","E10000003","E07000009","E05011566"
"CB8 7QF",10,570076,267506,"E92000001","E19000001","E18000006","E10000003","E07000009","E05011566"
"CB8 7QG",10,569827,268096,"E92000001","E19000001","E18000006","E10000003","E07000009","E05011566"
"CB8 7QH",10,570459,268747,"E92000001","E19000001","E18000006","E10000003","E07000009","E05011566"
"CB8 7QJ",10,568568,268855,"E92000001","E19000001","E18000006","E10000003","E07000009","E05011566"
"CB8 7QL",10,570208,268682,"E92000001","E19000001","E18000006","E10000003","E07000009","E05011566"
"CB8 7QP",10,570239,269402,"E92000001","E19000001","E18000006","E10000029","E07000245","E05015577"
"CB8 7QQ",10,569736,268099,"E92000001","E19000001","E18000006","E10000003","E07000009","E05011566"
"CB8 7QR",10,570835,268098,"E92000001","E19000001","E18000006","E10000029","E07000245","E05012783"
"CB8 7QS",10,570885,266964,"E92000001","E19000001","E18000006","E10000029","E07000245","E05012783"
"CB8 7QT",10,572461,267003,"E92000001","E19000001","E18000006","E10000029","E07000245","E05012783"
"CB8 7QX",10,568921,268156,"E92000001","E19000001","E18000006","E10000003","E07000009","E05011566"
"CB8 7QY",10,569759,268173,"E92000001","E19000001","E18000006","E10000003","E07000009","E05011566"
"CB8 7RA",10,569782,268130,"E92000001","E19000001","E18000006","E10000003","E07000009","E05011566"
"CB8 7RB",10,570683,266719,"E92000001","E19000001","E18000006","E10000029","E07000245","E05012783"
"CB8 7RD",10,569858,266510,"E92000001","E19000001","E18000006","E10000029","E07000245","E05012783"
"CB8 7RE",10,570569,266743,"E92000001","E19000001","E18000006","E10000029","E07000245","E05012783"
"CB8 7RF",10,569883,266453,"E92000001","E19000001","E18000006","E10000029","E07000245","E05012783"
"CB8 7RG",10,570314,268952,"E92000001","E19000001","E18000006","E10000029","E07000245","E05015577"
"CB8 7RJ",10,569880,266396,"E92000001","E19000001","E18000006","E10000029","E07000245","E05012783"
"CB8 7RL",10,563480,264917,"E92000001","E19000001","E18000006","E10000029","E07000245","E05012792"
"CB8 7RN",10,563443,265622,"E92000001","E19000001","E18000006","E10000029","E07000245","E05012792"
"CB8 7RP",10,562874,265567,"E92000001","E19000001","E18000006","E10000029","E07000245","E05012792"
"CB8 7RQ",10,567962,267402,"E92000001","E19000001","E18000006","E10000003","E07000009","E05011566"
"CB8 7RR",10,562724,265566,"E92000001","E19000001","E18000006","E10000029","E07000245","E05012792"
"CB8 7RS",10,562765,265472,"E92000001","E19000001","E18000006","E10000029","E07000245","E05012792"
"CB8 7RT",10,562874,265299,"E92000001","E19000001","E18000006","E10000029","E07000245","E05012792"
"CB8 7RU",10,562913,265215,"E92000001","E19000001","E18000006","E10000029","E07000245","E05012792"
"CB8 7RW",10,562934,265480,"E92000001","E19000001","E18000006","E10000029","E07000245","E05012792"
"CB8 7RX",10,562860,265452,"E92000001","E19000001","E18000006","E10000029","E07000245","E05012792"
"CB8 7SA",10,564060,264616,"E92000001","E19000001","E18000006","E10000029","E07000245","E05012792"
"CB8 7SB",10,563976,264645,"E92000001","E19000001","E18000006","E10000029","E07000245","E05012792"
"CB8 7SD",10,564154,264546,"E92000001","E19000001","E18000006","E10000029","E07000245","E05012792"
"CB8 7SE",10,564064,264481,"E92000001","E19000001","E18000006","E10000029","E07000245","E05012792"
"CB8 7SF",10,564027,264717,"E92000001","E19000001","E18000006","E10000029","E07000245","E05012792"
"CB8 7SG",10,563600,265090,"E92000001","E19000001","E18000006","E10000029","E07000245","E05012792"
"CB8 7SH",10,563091,265215,"E92000001","E19000001","E18000006","E10000029","E07000245","E05012792"
"CB8 7SQ",10,563231,265012,"E92000001","E19000001","E18000006","E10000029","E07000245","E05012792"
"CB8 7SS",10,562920,264938,"E92000001","E19000001","E18000006","E10000029","E07000245","E05012792"
"CB8 7SU",10,563514,264936,"E92000001","E19000001","E18000006","E10000029","E07000245","E05012792"
"CB8 7SX",10,563619,265317,"E92000001","E19000001","E18000006","E10000029","E07000245","E05012792"
"CB8 7SY",10,563500,265292,"E92000001","E19000001","E18000006","E10000029","E07000245","E05012792"
"CB8 7TX",10,563148,268308,"E92000001","E19000001","E18000006","E10000003","E07000009","E05011566"
"CB8 7UA",10,569346,266352,"E92000001","E19000001","E18000006","E10000029","E07000245","E05012783"
"CB8 7UU",10,569704,266278,"E92000001","E19000001","E18000006","E10000029","E07000245","E05012783"
"CB8 7WD",10,569926,267711,"E92000001","E19000001","E18000006","E10000003","E07000009","E05011566"
"CB8 7WL",10,569652,267888,"E92000001","E19000001","E18000006","E10000003","E07000009","E05011566"
"CB8 7WN",10,569710,267944,"E92000001","E19000001","E18000006","E10000003","E07000009","E05011566"
"CB8 7WP",10,569770,267902,"E92000001","E19000001","E18000006","E10000003","E07000009","E05011566"
"CB8 7WR",10,569916,267731,"E92000001","E19000001","E18000006","E10000003","E07000009","E05011566"
"CB8 7WT",10,569869,267760,"E92000001","E19000001","E18000006","E10000003","E07000009","E05011566"
"CB8 7XA",10,563187,265207,"E92000001","E19000001","E18000006","E10000029","E07000245","E05012792"
"CB8 7XG",10,564397,264691,"E92000001","E19000001","E18000006","E10000029","E07000245","E05012792"
"CB8 7XL",10,563947,265152,"E92000001","E19000001","E18000006","E10000029","E07000245","E05012792"
"CB8 7XN",10,563788,265272,"E92000001","E19000001","E18000006","E10000029","E07000245","E05012792"
"CB8 7YE",10,565023,264873,"E92000001","E19000001","E18000006","E10000029","E07000245","E05012792"
"CB8 7YN",10,564786,263978,"E92000001","E19000001","E18000006","E10000029","E07000245","E05012791"
"CB8 7YP",10,564438,264728,"E92000001","E19000001","E18000006","E10000029","E07000245","E05012792"
"CB8 7YY",10,563537,265134,"E92000001","E19000001","E18000006","E10000029","E07000245","E05012792"
"CB8 8AA",10,565087,263325,"E92000001","E19000001","E18000006","E10000029","E07000245","E05012791"
"CB8 8AB",10,565270,263262,"E92000001","E19000001","E18000006","E10000029","E07000245","E05012791"
"CB8 8AD",10,565273,263150,"E92000001","E19000001","E18000006","E10000029","E07000245","E05012791"
"CB8 8AE",10,565141,263190,"E92000001","E19000001","E18000006","E10000029","E07000245","E05012791"
"CB8 8AF",10,565355,263084,"E92000001","E19000001","E18000006","E10000029","E07000245","E05012791"
"CB8 8AG",10,565562,262809,"E92000001","E19000001","E18000006","E10000003","E07000009","E05015489"
"CB8 8AH",10,565723,262672,"E92000001","E19000001","E18000006","E10000003","E07000009","E05015489"
"CB8 8AJ",10,565724,262478,"E92000001","E19000001","E18000006","E10000003","E07000009","E05015489"
"CB8 8AL",10,565908,262183,"E92000001","E19000001","E18000006","E10000003","E07000009","E05015489"
"CB8 8AN",10,565637,262862,"E92000001","E19000001","E18000006","E10000003","E07000009","E05015489"
"CB8 8AP",10,566176,262450,"E92000001","E19000001","E18000006","E10000003","E07000009","E05015489"
"CB8 8AQ",10,565570,262666,"E92000001","E19000001","E18000006","E10000003","E07000009","E05015489"
"CB8 8AR",10,564331,263635,"E92000001","E19000001","E18000006","E10000029","E07000245","E05012791"
"CB8 8AS",10,566444,261227,"E92000001","E19000001","E18000006","E10000003","E07000009","E05015489"
"CB8 8AT",10,564469,262492,"E92000001","E19000001","E18000006","E10000003","E07000009","E05015489"
"CB8 8AU",10,564518,262542,"E92000001","E19000001","E18000006","E10000003","E07000009","E05015489"
"CB8 8AW",10,565950,262696,"E92000001","E19000001","E18000006","E10000003","E07000009","E05015489"
"CB8 8AX",10,564485,263187,"E92000001","E19000001","E18000006","E10000029","E07000245","E05012791"
"CB8 8AY",10,565311,263231,"E92000001","E19000001","E18000006","E10000029","E07000245","E05012791"
"CB8 8AZ",10,564619,263046,"E92000001","E19000001","E18000006","E10000029","E07000245","E05012791"
"CB8 8BA",10,564530,263030,"E92000001","E19000001","E18000006","E10000029","E07000245","E05012791"
"CB8 8BB",10,564574,263018,"E92000001","E19000001","E18000006","E10000029","E07000245","E05012791"
"CB8 8BD",10,564624,262957,"E92000001","E19000001","E18000006","E10000029","E07000245","E05012791"
"CB8 8BE",10,564611,262977,"E92000001","E19000001","E18000006","E10000029","E07000245","E05012791"
"CB8 8BG",10,564716,262750,"E92000001","E19000001","E18000006","E10000003","E07000009","E05015489"
"CB8 8BH",10,564623,262703,"E92000001","E19000001","E18000006","E10000003","E07000009","E05015489"
"CB8 8BJ",10,564557,262650,"E92000001","E19000001","E18000006","E10000003","E07000009","E05015489"
"CB8 8BL",10,564627,262642,"E92000001","E19000001","E18000006","E10000003","E07000009","E05015489"
"CB8 8BN",10,564774,262606,"E92000001","E19000001","E18000006","E10000003","E07000009","E05015489"
"CB8 8BP",10,564931,262668,"E92000001","E19000001","E18000006","E10000003","E07000009","E05015489"
"CB8 8BQ",10,564572,262730,"E92000001","E19000001","E18000006","E10000003","E07000009","E05015489"
"CB8 8BS",10,564841,262749,"E92000001","E19000001","E18000006","E10000003","E07000009","E05015489"
"CB8 8BT",10,564770,262956,"E92000001","E19000001","E18000006","E10000029","E07000245","E05012791"
"CB8 8BU",10,564950,262883,"E92000001","E19000001","E18000006","E10000029","E07000245","E05012791"
"CB8 8BW",10,564821,262492,"E92000001","E19000001","E18000006","E10000003","E07000009","E05015489"
"CB8 8BX",10,565179,262987,"E92000001","E19000001","E18000006","E10000029","E07000245","E05012791"
"CB8 8BY",10,564997,262873,"E92000001","E19000001","E18000006","E10000029","E07000245","E05012791"
"CB8 8BZ",10,565194,262946,"E92000001","E19000001","E18000006","E10000029","E07000245","E05012791"
"CB8 8DA",10,565403,262980,"E92000001","E19000001","E18000006","E10000003","E07000009","E05015489"
"CB8 8DB",10,566174,262711,"E92000001","E19000001","E18000006","E10000003","E07000009","E05015489"
"CB8 8DD",10,564424,262344,"E92000001","E19000001","E18000006","E10000003","E07000009","E05015489"
"CB8 8DE",10,564517,262355,"E92000001","E19000001","E18000006","E10000003","E07000009","E05015489"
"CB8 8DF",10,564576,262350,"E92000001","E19000001","E18000006","E10000003","E07000009","E05015489"
"CB8 8DG",10,564629,262398,"E92000001","E19000001","E18000006","E10000003","E07000009","E05015489"
"CB8 8DH",10,564619,263476,"E92000001","E19000001","E18000006","E10000029","E07000245","E05012791"
"CB8 8DL",10,564643,263440,"E92000001","E19000001","E18000006","E10000029","E07000245","E05012791"
"CB8 8DN",10,564671,263503,"E92000001","E19000001","E18000006","E10000029","E07000245","E05012791"
"CB8 8DP",10,564775,263413,"E92000001","E19000001","E18000006","E10000029","E07000245","E05012791"
"CB8 8DQ",10,564584,262389,"E92000001","E19000001","E18000006","E10000003","E07000009","E05015489"
"CB8 8DR",10,565042,263234,"E92000001","E19000001","E18000006","E10000029","E07000245","E05012791"
"CB8 8DS",10,565031,263140,"E92000001","E19000001","E18000006","E10000029","E07000245","E05012791"
"CB8 8DT",10,564725,263504,"E92000001","E19000001","E18000006","E10000029","E07000245","E05012791"
"CB8 8DU",10,564743,263555,"E92000001","E19000001","E18000006","E10000029","E07000245","E05012791"
"CB8 8DW",10,564749,263469,"E92000001","E19000001","E18000006","E10000029","E07000245","E05012791"
"CB8 8DX",10,564749,263534,"E92000001","E19000001","E18000006","E10000029","E07000245","E05012791"
"CB8 8DY",10,564703,263596,"E92000001","E19000001","E18000006","E10000029","E07000245","E05012791"
"CB8 8DZ",10,566020,263001,"E92000001","E19000001","E18000006","E10000003","E07000009","E05015489"
"CB8 8EA",10,564361,263338,"E92000001","E19000001","E18000006","E10000029","E07000245","E05012791"
"CB8 8EB",10,564765,263455,"E92000001","E19000001","E18000006","E10000029","E07000245","E05012791"
"CB8 8EE",10,564364,263430,"E92000001","E19000001","E18000006","E10000029","E07000245","E05012791"
"CB8 8EG",10,564295,263418,"E92000001","E19000001","E18000006","E10000029","E07000245","E05012791"
"CB8 8EH",10,564647,263508,"E92000001","E19000001","E18000006","E10000029","E07000245","E05012791"
"CB8 8EJ",10,565171,263103,"E92000001","E19000001","E18000006","E10000029","E07000245","E05012791"
"CB8 8EL",10,565210,263097,"E92000001","E19000001","E18000006","E10000029","E07000245","E05012791"
"CB8 8EN",10,564397,263287,"E92000001","E19000001","E18000006","E10000029","E07000245","E05012791"
"CB8 8EP",10,564434,263358,"E92000001","E19000001","E18000006","E10000029","E07000245","E05012791"
"CB8 8EQ",10,564332,263461,"E92000001","E19000001","E18000006","E10000029","E07000245","E05012791"
"CB8 8ER",10,564863,263043,"E92000001","E19000001","E18000006","E10000029","E07000245","E05012791"
"CB8 8ES",10,564595,263263,"E92000001","E19000001","E18000006","E10000029","E07000245","E05012791"
"CB8 8ET",10,564634,263234,"E92000001","E19000001","E18000006","E10000029","E07000245","E05012791"
"CB8 8EU",10,564290,263658,"E92000001","E19000001","E18000006","E10000029","E07000245","E05012791"
"CB8 8EW",10,564393,263310,"E92000001","E19000001","E18000006","E10000029","E07000245","E05012791"
"CB8 8EX",10,564663,263118,"E92000001","E19000001","E18000006","E10000029","E07000245","E05012791"
"CB8 8EY",10,564592,263127,"E92000001","E19000001","E18000006","E10000029","E07000245","E05012791"
"CB8 8EZ",10,564698,263054,"E92000001","E19000001","E18000006","E10000029","E07000245","E05012791"
"CB8 8FA",10,570005,266534,"E92000001","E19000001","E18000006","E10000029","E07000245","E05012783"
"CB8 8FB",10,565978,262177,"E92000001","E19000001","E18000006","E10000003","E07000009","E05015489"
"CB8 8FD",10,565202,263178,"E92000001","E19000001","E18000006","E10000029","E07000245","E05012791"
"CB8 8FE",10,564313,263387,"E92000001","E19000001","E18000006","E10000029","E07000245","E05012791"
"CB8 8FF",10,564513,263637,"E92000001","E19000001","E18000006","E10000029","E07000245","E05012791"
"CB8 8FG",10,564690,262884,"E92000001","E19000001","E18000006","E10000003","E07000009","E05015489"
"CB8 8FJ",10,569953,266498,"E92000001","E19000001","E18000006","E10000029","E07000245","E05012783"
"CB8 8FL",10,564504,263259,"E92000001","E19000001","E18000006","E10000029","E07000245","E05012791"
"CB8 8FN",10,564723,263121,"E92000001","E19000001","E18000006","E10000029","E07000245","E05012791"
"CB8 8FP",10,564524,263568,"E92000001","E19000001","E18000006","E10000029","E07000245","E05012791"
"CB8 8FQ",10,572052,264397,"E92000001","E19000001","E18000006","E10000029","E07000245","E05012783"
"CB8 8FS",10,564537,263075,"E92000001","E19000001","E18000006","E10000029","E07000245","E05012791"
"CB8 8FT",10,564680,262495,"E92000001","E19000001","E18000006","E10000003","E07000009","E05015489"
"CB8 8FX",10,564880,262718,"E92000001","E19000001","E18000006","E10000003","E07000009","E05015489"
"CB8 8FZ",10,566011,262404,"E92000001","E19000001","E18000006","E10000003","E07000009","E05015489"
"CB8 8GA",10,564864,263424,"E92000001","E19000001","E18000006","E10000029","E07000245","E05012791"
"CB8 8GB",10,564986,263369,"E92000001","E19000001","E18000006","E10000029","E07000245","E05012791"
"CB8 8GE",10,572066,264017,"E92000001","E19000001","E18000006","E10000029","E07000245","E05012783"
"CB8 8GH",10,564755,263201,"E92000001","E19000001","E18000006","E10000029","E07000245","E05012791"
"CB8 8GJ",10,564573,262886,"E92000001","E19000001","E18000006","E10000029","E07000245","E05012791"
"CB8 8GP",10,564795,263091,"E92000001","E19000001","E18000006","E10000029","E07000245","E05012791"
"CB8 8GQ",10,564717,263012,"E92000001","E19000001","E18000006","E10000029","E07000245","E05012791"
"CB8 8GR",10,564852,263101,"E92000001","E19000001","E18000006","E10000029","E07000245","E05012791"
"CB8 8GW",10,574464,255475,"E92000001","E19000001","E18000006","E10000029","E07000245","E05012804"
"CB8 8GY",10,570105,266323,"E92000001","E19000001","E18000006","E10000029","E07000245","E05012783"
"CB8 8HA",10,564737,263068,"E92000001","E19000001","E18000006","E10000029","E07000245","E05012791"
"CB8 8HB",10,564692,263037,"E92000001","E19000001","E18000006","E10000029","E07000245","E05012791"
"CB8 8HD",10,564941,263233,"E92000001","E19000001","E18000006","E10000029","E07000245","E05012791"
"CB8 8HE",10,564706,263153,"E92000001","E19000001","E18000006","E10000029","E07000245","E05012791"
"CB8 8HF",10,564800,263157,"E92000001","E19000001","E18000006","E10000029","E07000245","E05012791"
"CB8 8HH",10,564875,263209,"E92000001","E19000001","E18000006","E10000029","E07000245","E05012791"
"CB8 8HJ",10,564907,263300,"E92000001","E19000001","E18000006","E10000029","E07000245","E05012791"
"CB8 8HL",10,570240,266456,"E92000001","E19000001","E18000006","E10000029","E07000245","E05012783"
"CB8 8HN",10,564867,263267,"E92000001","E19000001","E18000006","E10000029","E07000245","E05012791"
"CB8 8HP",10,564819,263362,"E92000001","E19000001","E18000006","E10000029","E07000245","E05012791"
"CB8 8HQ",10,564171,263339,"E92000001","E19000001","E18000006","E10000029","E07000245","E05012793"
"CB8 8HS",10,564683,263381,"E92000001","E19000001","E18000006","E10000029","E07000245","E05012791"
"CB8 8HT",10,564348,263537,"E92000001","E19000001","E18000006","E10000029","E07000245","E05012791"
"CB8 8HU",10,566166,262630,"E92000001","E19000001","E18000006","E10000003","E07000009","E05015489"
"CB8 8HW",10,564812,263229,"E92000001","E19000001","E18000006","E10000029","E07000245","E05012791"
"CB8 8HX",10,566231,262584,"E92000001","E19000001","E18000006","E10000003","E07000009","E05015489"
"CB8 8HY",10,564457,263109,"E92000001","E19000001","E18000006","E10000029","E07000245","E05012791"
"CB8 8HZ",10,564483,263058,"E92000001","E19000001","E18000006","E10000029","E07000245","E05012791"
"CB8 8JA",10,564322,263154,"E92000001","E19000001","E18000006","E10000029","E07000245","E05012791"
"CB8 8JB",10,564574,262976,"E92000001","E19000001","E18000006","E10000029","E07000245","E05012791"
"CB8 8JD",10,566015,262522,"E92000001","E19000001","E18000006","E10000003","E07000009","E05015489"
"CB8 8JE",10,564717,263312,"E92000001","E19000001","E18000006","E10000029","E07000245","E05012791"
"CB8 8JG",10,564674,262907,"E92000001","E19000001","E18000006","E10000029","E07000245","E05012791"
"CB8 8JH",10,564251,263230,"E92000001","E19000001","E18000006","E10000029","E07000245","E05012791"
"CB8 8JJ",10,564242,263247,"E92000001","E19000001","E18000006","E10000029","E07000245","E05012791"
"CB8 8JL",10,564306,263251,"E92000001","E19000001","E18000006","E10000029","E07000245","E05012791"
"CB8 8JP",10,564250,263322,"E92000001","E19000001","E18000006","E10000029","E07000245","E05012793"
"CB8 8JS",10,564163,263329,"E92000001","E19000001","E18000006","E10000029","E07000245","E05012793"
"CB8 8JX",10,564344,263395,"E92000001","E19000001","E18000006","E10000029","E07000245","E05012791"
"CB8 8JY",10,570010,266305,"E92000001","E19000001","E18000006","E10000029","E07000245","E05012783"
"CB8 8LA",10,564898,263497,"E92000001","E19000001","E18000006","E10000029","E07000245","E05012791"
"CB8 8LB",10,564483,263518,"E92000001","E19000001","E18000006","E10000029","E07000245","E05012791"
"CB8 8LD",10,564761,263512,"E92000001","E19000001","E18000006","E10000029","E07000245","E05012791"
"CB8 8LE",10,564420,263464,"E92000001","E19000001","E18000006","E10000029","E07000245","E05012791"
"CB8 8LF",10,564436,263472,"E92000001","E19000001","E18000006","E10000029","E07000245","E05012791"
"CB8 8LH",10,564526,263535,"E92000001","E19000001","E18000006","E10000029","E07000245","E05012791"
"CB8 8LL",10,564523,263540,"E92000001","E19000001","E18000006","E10000029","E07000245","E05012791"
"CB8 8LP",10,564183,263686,"E92000001","E19000001","E18000006","E10000029","E07000245","E05012791"
"CB8 8LR",10,564126,263716,"E92000001","E19000001","E18000006","E10000029","E07000245","E05012791"
"CB8 8LT",10,564517,263609,"E92000001","E19000001","E18000006","E10000029","E07000245","E05012791"
"CB8 8LW",10,564256,263658,"E92000001","E19000001","E18000006","E10000029","E07000245","E05012791"
"CB8 8LX",10,564540,263492,"E92000001","E19000001","E18000006","E10000029","E07000245","E05012791"
"CB8 8LY",10,564531,263478,"E92000001","E19000001","E18000006","E10000029","E07000245","E05012791"
"CB8 8NA",10,564409,263390,"E92000001","E19000001","E18000006","E10000029","E07000245","E05012791"
"CB8 8ND",10,576328,254701,"E92000001","E19000001","E18000006","E10000029","E07000245","E05012804"
"CB8 8NG",10,564511,263539,"E92000001","E19000001","E18000006","E10000029","E07000245","E05012791"
"CB8 8NR",10,564278,263591,"E92000001","E19000001","E18000006","E10000029","E07000245","E05012791"
"CB8 8NS",10,564730,263161,"E92000001","E19000001","E18000006","E10000029","E07000245","E05012791"
"CB8 8NT",10,564298,263552,"E92000001","E19000001","E18000006","E10000029","E07000245","E05012791"
"CB8 8NU",10,564346,263598,"E92000001","E19000001","E18000006","E10000029","E07000245","E05012791"
"CB8 8NW",10,564330,263501,"E92000001","E19000001","E18000006","E10000029","E07000245","E05012791"
"CB8 8NY",10,564499,263697,"E92000001","E19000001","E18000006","E10000029","E07000245","E05012791"
"CB8 8PA",10,570538,260195,"E92000001","E19000001","E18000006","E10000003","E07000009","E05015489"
"CB8 8PB",10,575845,254179,"E92000001","E19000001","E18000006","E10000029","E07000245","E05012804"
"CB8 8PD",10,576336,254766,"E92000001","E19000001","E18000006","E10000029","E07000245","E05012804"
"CB8 8PE",10,576091,254600,"E92000001","E19000001","E18000006","E10000029","E07000245","E05012804"
"CB8 8PF",10,576507,254889,"E92000001","E19000001","E18000006","E10000029","E07000245","E05012804"
"CB8 8PH",10,577258,253420,"E92000001","E19000001","E18000006","E10000029","E07000245","E05012804"
"CB8 8PJ",10,575871,253972,"E92000001","E19000001","E18000006","E10000029","E07000245","E05012804"
"CB8 8PL",10,576125,253762,"E92000001","E19000001","E18000006","E10000029","E07000245","E05012804"
"CB8 8PN",10,576477,252705,"E92000001","E19000001","E18000006","E10000029","E07000245","E05012804"
"CB8 8PP",10,575820,252965,"E92000001","E19000001","E18000006","E10000029","E07000245","E05012804"
"CB8 8PQ",10,576875,254331,"E92000001","E19000001","E18000006","E10000029","E07000245","E05012804"
"CB8 8PR",10,569421,264997,"E92000001","E19000001","E18000006","E10000029","E07000245","E05012783"
"CB8 8PS",10,574205,252833,"E92000001","E19000001","E18000006","E10000029","E07000245","E05012771"
"CB8 8PT",10,572632,252292,"E92000001","E19000001","E18000006","E10000029","E07000245","E05012771"
"CB8 8PU",10,572491,252715,"E92000001","E19000001","E18000006","E10000029","E07000245","E05012771"
"CB8 8PW",10,576026,252771,"E92000001","E19000001","E18000006","E10000029","E07000245","E05012804"
"CB8 8PX",10,573455,253444,"E92000001","E19000001","E18000006","E10000029","E07000245","E05012771"
"CB8 8PY",10,572626,253077,"E92000001","E19000001","E18000006","E10000029","E07000245","E05012771"
"CB8 8PZ",10,573909,253203,"E92000001","E19000001","E18000006","E10000029","E07000245","E05012771"
"CB8 8QA",10,574570,254278,"E92000001","E19000001","E18000006","E10000029","E07000245","E05012804"
"CB8 8QB",10,576613,254776,"E92000001","E19000001","E18000006","E10000029","E07000245","E05012804"
"CB8 8QD",10,564500,263108,"E92000001","E19000001","E18000006","E10000029","E07000245","E05012791"
"CB8 8QE",10,564839,263475,"E92000001","E19000001","E18000006","E10000029","E07000245","E05012791"
"CB8 8QG",10,566270,264041,"E92000001","E19000001","E18000006","E10000029","E07000245","E05012783"
"CB8 8QH",10,567198,263681,"E92000001","E19000001","E18000006","E10000029","E07000245","E05012783"
"CB8 8QJ",10,567479,265582,"E92000001","E19000001","E18000006","E10000029","E07000245","E05012783"
"CB8 8QL",10,567798,263223,"E92000001","E19000001","E18000006","E10000003","E07000009","E05015489"
"CB8 8QN",10,568260,264007,"E92000001","E19000001","E18000006","E10000029","E07000245","E05012783"
"CB8 8QP",10,569207,264304,"E92000001","E19000001","E18000006","E10000029","E07000245","E05012783"
"CB8 8QQ",10,566448,263879,"E92000001","E19000001","E18000006","E10000029","E07000245","E05012783"
"CB8 8QR",10,569592,265019,"E92000001","E19000001","E18000006","E10000029","E07000245","E05012783"
"CB8 8QS",10,570148,266059,"E92000001","E19000001","E18000006","E10000029","E07000245","E05012783"
"CB8 8QT",10,570220,266329,"E92000001","E19000001","E18000006","E10000029","E07000245","E05012783"
"CB8 8QU",10,570182,266383,"E92000001","E19000001","E18000006","E10000029","E07000245","E05012783"
"CB8 8QW",10,569160,264198,"E92000001","E19000001","E18000006","E10000029","E07000245","E05012783"
"CB8 8QX",10,570298,266582,"E92000001","E19000001","E18000006","E10000029","E07000245","E05012783"
"CB8 8QY",10,570357,266464,"E92000001","E19000001","E18000006","E10000029","E07000245","E05012783"
"CB8 8QZ",10,570509,264711,"E92000001","E19000001","E18000006","E10000029","E07000245","E05012783"
"CB8 8RA",10,571780,264283,"E92000001","E19000001","E18000006","E10000029","E07000245","E05012783"
"CB8 8RB",10,571958,264283,"E92000001","E19000001","E18000006","E10000029","E07000245","E05012783"
"CB8 8RD",10,572032,263994,"E92000001","E19000001","E18000006","E10000029","E07000245","E05012783"
"CB8 8RE",10,572093,264130,"E92000001","E19000001","E18000006","E10000029","E07000245","E05012783"
"CB8 8RF",10,571961,264058,"E92000001","E19000001","E18000006","E10000029","E07000245","E05012783"
"CB8 8RG",10,572643,263312,"E92000001","E19000001","E18000006","E10000029","E07000245","E05012770"
"CB8 8RH",10,571918,263811,"E92000001","E19000001","E18000006","E10000029","E07000245","E05012783"
"CB8 8RJ",10,571940,263873,"E92000001","E19000001","E18000006","E10000029","E07000245","E05012783"
"CB8 8RL",10,571901,263997,"E92000001","E19000001","E18000006","E10000029","E07000245","E05012783"
"CB8 8RN",10,571841,264448,"E92000001","E19000001","E18000006","E10000029","E07000245","E05012783"
"CB8 8RP",10,571771,265026,"E92000001","E19000001","E18000006","E10000029","E07000245","E05012783"
"CB8 8RQ",10,572043,263839,"E92000001","E19000001","E18000006","E10000029","E07000245","E05012783"
"CB8 8RR",10,572096,265791,"E92000001","E19000001","E18000006","E10000029","E07000245","E05012783"
"CB8 8RS",10,572230,264084,"E92000001","E19000001","E18000006","E10000029","E07000245","E05012783"
"CB8 8RT",10,569208,264105,"E92000001","E19000001","E18000006","E10000029","E07000245","E05012783"
"CB8 8RU",10,571860,263734,"E92000001","E19000001","E18000006","E10000029","E07000245","E05012783"
"CB8 8RW",10,571898,264461,"E92000001","E19000001","E18000006","E10000029","E07000245","E05012783"
"CB8 8RX",10,564302,263688,"E92000001","E19000001","E18000006","E10000029","E07000245","E05012791"
"CB8 8RY",10,571898,263741,"E92000001","E19000001","E18000006","E10000029","E07000245","E05012783"
"CB8 8RZ",10,569555,264278,"E92000001","E19000001","E18000006","E10000029","E07000245","E05012783"
"CB8 8SB",10,569818,263903,"E92000001","E19000001","E18000006","E10000029","E07000245","E05012783"
"CB8 8SD",10,569796,264052,"E92000001","E19000001","E18000006","E10000029","E07000245","E05012783"
"CB8 8SE",10,569909,263939,"E92000001","E19000001","E18000006","E10000029","E07000245","E05012783"
"CB8 8SF",10,569816,264082,"E92000001","E19000001","E18000006","E10000029","E07000245","E05012783"
"CB8 8SG",10,569839,264372,"E92000001","E19000001","E18000006","E10000029","E07000245","E05012783"
"CB8 8SL",10,569515,264281,"E92000001","E19000001","E18000006","E10000029","E07000245","E05012783"
"CB8 8SN",10,569520,264624,"E92000001","E19000001","E18000006","E10000029","E07000245","E05012783"
"CB8 8SP",10,569687,264535,"E92000001","E19000001","E18000006","E10000029","E07000245","E05012783"
"CB8 8SQ",10,569712,264387,"E92000001","E19000001","E18000006","E10000029","E07000245","E05012783"
"CB8 8SR",10,569992,264462,"E92000001","E19000001","E18000006","E10000029","E07000245","E05012783"
"CB8 8SS",10,569436,264406,"E92000001","E19000001","E18000006","E10000029","E07000245","E05012783"
"CB8 8ST",10,569406,264252,"E92000001","E19000001","E18000006","E10000029","E07000245","E05012783"
"CB8 8SU",10,569648,264568,"E92000001","E19000001","E18000006","E10000029","E07000245","E05012783"
"CB8 8SW",10,569647,264631,"E92000001","E19000001","E18000006","E10000029","E07000245","E05012783"
"CB8 8SX",10,564306,263376,"E92000001","E19000001","E18000006","E10000029","E07000245","E05012791"
"CB8 8SY",10,564329,263503,"E92000001","E19000001","E18000006","E10000029","E07000245","E05012791"
"CB8 8SZ",10,569491,264370,"E92000001","E19000001","E18000006","E10000029","E07000245","E05012783"
"CB8 8TA",10,571278,262879,"E92000001","E19000001","E18000006","E10000029","E07000245","E05012770"
"CB8 8TB",10,572420,262670,"E92000001","E19000001","E18000006","E10000029","E07000245","E05012770"
"CB8 8TD",10,572196,262184,"E92000001","E19000001","E18000006","E10000029","E07000245","E05012770"
"CB8 8TE",10,572288,262099,"E92000001","E19000001","E18000006","E10000029","E07000245","E05012770"
"CB8 8TF",10,572274,261812,"E92000001","E19000001","E18000006","E10000029","E07000245","E05012770"
"CB8 8TG",10,572223,261642,"E92000001","E19000001","E18000006","E10000029","E07000245","E05012770"
"CB8 8TH",10,572248,261484,"E92000001","E19000001","E18000006","E10000029","E07000245","E05012770"
"CB8 8TJ",10,572137,261178,"E92000001","E19000001","E18000006","E10000029","E07000245","E05012770"
"CB8 8TL",10,571825,259423,"E92000001","E19000001","E18000006","E10000029","E07000245","E05012770"
"CB8 8TN",10,573544,259687,"E92000001","E19000001","E18000006","E10000029","E07000245","E05012770"
"CB8 8TP",10,574528,259466,"E92000001","E19000001","E18000006","E10000029","E07000245","E05012770"
"CB8 8TQ",10,572168,261747,"E92000001","E19000001","E18000006","E10000029","E07000245","E05012770"
"CB8 8TR",10,574974,259236,"E92000001","E19000001","E18000006","E10000029","E07000245","E05012770"
"CB8 8TS",10,575362,258426,"E92000001","E19000001","E18000006","E10000029","E07000245","E05012770"
"CB8 8TT",10,574587,258216,"E92000001","E19000001","E18000006","E10000029","E07000245","E05012804"
"CB8 8TU",10,575195,258961,"E92000001","E19000001","E18000006","E10000029","E07000245","E05012770"
"CB8 8TW",10,574347,259574,"E92000001","E19000001","E18000006","E10000029","E07000245","E05012770"
"CB8 8TX",10,574272,258641,"E92000001","E19000001","E18000006","E10000029","E07000245","E05012770"
"CB8 8TY",10,574873,259478,"E92000001","E19000001","E18000006","E10000029","E07000245","E05012770"
"CB8 8TZ",10,574828,260271,"E92000001","E19000001","E18000006","E10000029","E07000245","E05012770"
"CB8 8UA",10,574420,261168,"E92000001","E19000001","E18000006","E10000029","E07000245","E05012770"
"CB8 8UB",10,572322,261574,"E92000001","E19000001","E18000006","E10000029","E07000245","E05012770"
"CB8 8UD",10,574460,259513,"E92000001","E19000001","E18000006","E10000029","E07000245","E05012770"
"CB8 8UG",10,564346,263287,"E92000001","E19000001","E18000006","E10000029","E07000245","E05012791"
"CB8 8UH",10,574815,254637,"E92000001","E19000001","E18000006","E10000029","E07000245","E05012804"
"CB8 8UJ",10,574878,254732,"E92000001","E19000001","E18000006","E10000029","E07000245","E05012804"
"CB8 8UL",10,575067,254770,"E92000001","E19000001","E18000006","E10000029","E07000245","E05012804"
"CB8 8UN",10,575045,255127,"E92000001","E19000001","E18000006","E10000029","E07000245","E05012804"
"CB8 8UP",10,574908,255342,"E92000001","E19000001","E18000006","E10000029","E07000245","E05012804"
"CB8 8UR",10,574740,255834,"E92000001","E19000001","E18000006","E10000029","E07000245","E05012804"
"CB8 8UT",10,575030,256483,"E92000001","E19000001","E18000006","E10000029","E07000245","E05012804"
"CB8 8UU",10,574731,257020,"E92000001","E19000001","E18000006","E10000029","E07000245","E05012804"
"CB8 8UW",10,574915,255499,"E92000001","E19000001","E18000006","E10000029","E07000245","E05012804"
"CB8 8UX",10,574928,257548,"E92000001","E19000001","E18000006","E10000029","E07000245","E05012804"
"CB8 8UY",10,575768,258007,"E92000001","E19000001","E18000006","E10000029","E07000245","E05012804"
"CB8 8UZ",10,576207,256029,"E92000001","E19000001","E18000006","E10000029","E07000245","E05012804"
"CB8 8WA",10,571922,264449,"E92000001","E19000001","E18000006","E10000029","E07000245","E05012783"
"CB8 8WE",10,569756,264675,"E92000001","E19000001","E18000006","E10000029","E07000245","E05012783"
"CB8 8WF",10,569835,263864,"E92000001","E19000001","E18000006","E10000029","E07000245","E05012783"
"CB8 8WR",10,574536,255669,"E92000001","E19000001","E18000006","E10000029","E07000245","E05012804"
"CB8 8WS",10,572050,264264,"E92000001","E19000001","E18000006","E10000029","E07000245","E05012783"
"CB8 8WU",10,576876,253815,"E92000001","E19000001","E18000006","E10000029","E07000245","E05012804"
"CB8 8XE",10,564433,262223,"E92000001","E19000001","E18000006","E10000003","E07000009","E05015489"
"CB8 8XG",10,574819,254410,"E92000001","E19000001","E18000006","E10000029","E07000245","E05012804"
"CB8 8XH",10,575313,254474,"E92000001","E19000001","E18000006","E10000029","E07000245","E05012804"
"CB8 8XJ",10,575737,254051,"E92000001","E19000001","E18000006","E10000029","E07000245","E05012804"
"CB8 8XL",10,574708,254849,"E92000001","E19000001","E18000006","E10000029","E07000245","E05012804"
"CB8 8XN",10,574516,255108,"E92000001","E19000001","E18000006","E10000029","E07000245","E05012804"
"CB8 8XP",10,574475,255380,"E92000001","E19000001","E18000006","E10000029","E07000245","E05012804"
"CB8 8XQ",10,574943,254415,"E92000001","E19000001","E18000006","E10000029","E07000245","E05012804"
"CB8 8XR",10,574489,255409,"E92000001","E19000001","E18000006","E10000029","E07000245","E05012804"
"CB8 8XS",10,574592,255700,"E92000001","E19000001","E18000006","E10000029","E07000245","E05012804"
"CB8 8XT",10,574396,255627,"E92000001","E19000001","E18000006","E10000029","E07000245","E05012804"
"CB8 8XU",10,574306,255618,"E92000001","E19000001","E18000006","E10000029","E07000245","E05012804"
"CB8 8XW",10,574451,255238,"E92000001","E19000001","E18000006","E10000029","E07000245","E05012804"
"CB8 8XX",10,573835,255968,"E92000001","E19000001","E18000006","E10000029","E07000245","E05012804"
"CB8 8XY",10,574299,255436,"E92000001","E19000001","E18000006","E10000029","E07000245","E05012804"
"CB8 8XZ",10,574380,254962,"E92000001","E19000001","E18000006","E10000029","E07000245","E05012804"
"CB8 8YA",10,574165,254852,"E92000001","E19000001","E18000006","E10000029","E07000245","E05012804"
"CB8 8YB",10,573945,254894,"E92000001","E19000001","E18000006","E10000029","E07000245","E05012804"
"CB8 8YD",10,574517,255222,"E92000001","E19000001","E18000006","E10000029","E07000245","E05012804"
"CB8 8YE",10,574461,255347,"E92000001","E19000001","E18000006","E10000029","E07000245","E05012804"
"CB8 8YF",10,574396,255411,"E92000001","E19000001","E18000006","E10000029","E07000245","E05012804"
"CB8 8YG",10,574523,255608,"E92000001","E19000001","E18000006","E10000029","E07000245","E05012804"
"CB8 8YH",10,574867,254247,"E92000001","E19000001","E18000006","E10000029","E07000245","E05012804"
"CB8 8YJ",10,575158,254034,"E92000001","E19000001","E18000006","E10000029","E07000245","E05012804"
"CB8 8YL",10,575381,253884,"E92000001","E19000001","E18000006","E10000029","E07000245","E05012804"
"CB8 8YN",10,575118,253305,"E92000001","E19000001","E18000006","E10000029","E07000245","E05012771"
"CB8 8YP",10,574808,252804,"E92000001","E19000001","E18000006","E10000029","E07000245","E05012771"
"CB8 8YQ",10,574312,255508,"E92000001","E19000001","E18000006","E10000029","E07000245","E05012804"
"CB8 8YR",10,574675,252053,"E92000001","E19000001","E18000006","E10000029","E07000245","E05012771"
"CB8 8YS",10,574684,253387,"E92000001","E19000001","E18000006","E10000029","E07000245","E05012771"
"CB8 8YT",10,565067,262818,"E92000001","E19000001","E18000006","E10000029","E07000245","E05012791"
"CB8 8YU",10,565212,262889,"E92000001","E19000001","E18000006","E10000029","E07000245","E05012791"
"CB8 8YW",10,574868,252625,"E92000001","E19000001","E18000006","E10000029","E07000245","E05012771"
"CB8 8YX",10,574826,252695,"E92000001","E19000001","E18000006","E10000029","E07000245","E05012771"
"CB8 8YY",50,574826,252695,"E92000001","E19000001","E18000006","E10000029","E07000245","E05012771"
"CB8 9AA",10,564221,263128,"E92000001","E19000001","E18000006","E10000029","E07000245","E05012793"
"CB8 9AE",10,564025,263118,"E92000001","E19000001","E18000006","E10000029","E07000245","E05012793"
"CB8 9AF",10,564053,263173,"E92000001","E19000001","E18000006","E10000029","E07000245","E05012793"
"CB8 9AG",10,563965,263072,"E92000001","E19000001","E18000006","E10000029","E07000245","E05012793"
"CB8 9AH",10,564001,263055,"E92000001","E19000001","E18000006","E10000029","E07000245","E05012793"
"CB8 9AJ",10,564074,263188,"E92000001","E19000001","E18000006","E10000029","E07000245","E05012793"
"CB8 9AP",10,563973,263122,"E92000001","E19000001","E18000006","E10000029","E07000245","E05012793"
"CB8 9AQ",10,564099,263216,"E92000001","E19000001","E18000006","E10000029","E07000245","E05012793"
"CB8 9AS",10,563907,263023,"E92000001","E19000001","E18000006","E10000029","E07000245","E05012793"
"CB8 9AT",10,563928,263036,"E92000001","E19000001","E18000006","E10000029","E07000245","E05012793"
"CB8 9AU",10,564079,263087,"E92000001","E19000001","E18000006","E10000029","E07000245","E05012793"
"CB8 9AW",10,564081,263311,"E92000001","E19000001","E18000006","E10000029","E07000245","E05012793"
"CB8 9AX",10,564161,263128,"E92000001","E19000001","E18000006","E10000029","E07000245","E05012793"
"CB8 9AY",10,564425,262918,"E92000001","E19000001","E18000006","E10000029","E07000245","E05012793"
"CB8 9AZ",10,564252,263174,"E92000001","E19000001","E18000006","E10000029","E07000245","E05012791"
"CB8 9BA",10,564461,262839,"E92000001","E19000001","E18000006","E10000029","E07000245","E05012793"
"CB8 9BB",10,564360,262798,"E92000001","E19000001","E18000006","E10000029","E07000245","E05012793"
"CB8 9BE",10,564230,262604,"E92000001","E19000001","E18000006","E10000029","E07000245","E05012793"
"CB8 9BG",10,564365,262587,"E92000001","E19000001","E18000006","E10000003","E07000009","E05015489"
"CB8 9BH",10,564014,262458,"E92000001","E19000001","E18000006","E10000029","E07000245","E05012793"
"CB8 9BJ",10,564202,262320,"E92000001","E19000001","E18000006","E10000003","E07000009","E05015489"
"CB8 9BL",10,564399,262780,"E92000001","E19000001","E18000006","E10000029","E07000245","E05012793"
"CB8 9BN",10,564503,262805,"E92000001","E19000001","E18000006","E10000029","E07000245","E05012793"
"CB8 9BP",10,563896,263012,"E92000001","E19000001","E18000006","E10000029","E07000245","E05012793"
"CB8 9BQ",10,564295,262262,"E92000001","E19000001","E18000006","E10000003","E07000009","E05015489"
"CB8 9BT",10,564043,263126,"E92000001","E19000001","E18000006","E10000029","E07000245","E05012793"
"CB8 9BU",10,563906,262808,"E92000001","E19000001","E18000006","E10000029","E07000245","E05012793"
"CB8 9BZ",10,563960,262978,"E92000001","E19000001","E18000006","E10000029","E07000245","E05012793"
"CB8 9DB",10,566872,260415,"E92000001","E19000001","E18000006","E10000003","E07000009","E05015489"
"CB8 9DD",10,566861,261225,"E92000001","E19000001","E18000006","E10000003","E07000009","E05015489"
"CB8 9DE",10,567199,260899,"E92000001","E19000001","E18000006","E10000003","E07000009","E05015489"
"CB8 9DF",10,568146,261010,"E92000001","E19000001","E18000006","E10000003","E07000009","E05015489"
"CB8 9DG",10,568434,260768,"E92000001","E19000001","E18000006","E10000003","E07000009","E05015489"
"CB8 9DH",10,568506,260797,"E92000001","E19000001","E18000006","E10000003","E07000009","E05015489"
"CB8 9DJ",10,568547,260852,"E92000001","E19000001","E18000006","E10000003","E07000009","E05015489"
"CB8 9DL",10,568448,261243,"E92000001","E19000001","E18000006","E10000003","E07000009","E05015489"
"CB8 9DN",10,568558,261860,"E92000001","E19000001","E18000006","E10000003","E07000009","E05015489"
"CB8 9DP",10,568602,261690,"E92000001","E19000001","E18000006","E10000003","E07000009","E05015489"
"CB8 9DQ",10,568447,261471,"E92000001","E19000001","E18000006","E10000003","E07000009","E05015489"
"CB8 9DR",10,569647,261591,"E92000001","E19000001","E18000006","E10000003","E07000009","E05015489"
"CB8 9DS",10,569765,261643,"E92000001","E19000001","E18000006","E10000003","E07000009","E05015489"
"CB8 9DT",10,564398,262492,"E92000001","E19000001","E18000006","E10000003","E07000009","E05015489"
"CB8 9DU",10,569927,261649,"E92000001","E19000001","E18000006","E10000003","E07000009","E05015489"
"CB8 9DW",10,568812,262204,"E92000001","E19000001","E18000006","E10000003","E07000009","E05015489"
"CB8 9DX",10,569754,261396,"E92000001","E19000001","E18000006","E10000003","E07000009","E05015489"
"CB8 9DY",10,569693,261340,"E92000001","E19000001","E18000006","E10000003","E07000009","E05015489"
"CB8 9DZ",10,569877,261353,"E92000001","E19000001","E18000006","E10000003","E07000009","E05015489"
"CB8 9EA",10,569826,261442,"E92000001","E19000001","E18000006","E10000003","E07000009","E05015489"
"CB8 9EB",10,569796,261558,"E92000001","E19000001","E18000006","E10000003","E07000009","E05015489"
"CB8 9ED",10,569834,261583,"E92000001","E19000001","E18000006","E10000003","E07000009","E05015489"
"CB8 9EE",10,569654,261917,"E92000001","E19000001","E18000006","E10000003","E07000009","E05015489"
"CB8 9EF",10,570344,261830,"E92000001","E19000001","E18000006","E10000003","E07000009","E05015489"
"CB8 9EG",10,570372,261782,"E92000001","E19000001","E18000006","E10000003","E07000009","E05015489"
"CB8 9EH",10,567284,262165,"E92000001","E19000001","E18000006","E10000003","E07000009","E05015489"
"CB8 9EJ",10,567893,262289,"E92000001","E19000001","E18000006","E10000003","E07000009","E05015489"
"CB8 9EN",10,568215,261011,"E92000001","E19000001","E18000006","E10000003","E07000009","E05015489"
"CB8 9EP",10,568205,261151,"E92000001","E19000001","E18000006","E10000003","E07000009","E05015489"
"CB8 9EQ",10,568381,261764,"E92000001","E19000001","E18000006","E10000003","E07000009","E05015489"
"CB8 9ER",10,563788,255373,"E92000001","E19000001","E18000006","E10000003","E07000009","E05015489"
"CB8 9ET",10,566473,252733,"E92000001","E19000001","E18000006","E10000029","E07000245","E05012805"
"CB8 9EU",10,568504,260382,"E92000001","E19000001","E18000006","E10000003","E07000009","E05015489"
"CB8 9EW",10,568407,261155,"E92000001","E19000001","E18000006","E10000003","E07000009","E05015489"
"CB8 9EX",10,571304,251932,"E92000001","E19000001","E18000006","E10000029","E07000245","E05012805"
"CB8 9EY",10,564133,263266,"E92000001","E19000001","E18000006","E10000029","E07000245","E05012793"
"CB8 9EZ",10,564164,263110,"E92000001","E19000001","E18000006","E10000029","E07000245","E05012793"
"CB8 9FA",10,569557,262865,"E92000001","E19000001","E18000006","E10000029","E07000245","E05012783"
"CB8 9FF",10,561542,258644,"E92000001","E19000001","E18000006","E10000003","E07000009","E05015489"
"CB8 9FG",10,568345,259928,"E92000001","E19000001","E18000006","E10000003","E07000009","E05015489"
"CB8 9FQ",10,563950,258707,"E92000001","E19000001","E18000006","E10000003","E07000009","E05015489"
"CB8 9FU",10,569654,261414,"E92000001","E19000001","E18000006","E10000003","E07000009","E05015489"
"CB8 9FX",10,568542,260441,"E92000001","E19000001","E18000006","E10000003","E07000009","E05015489"
"CB8 9FY",10,568123,259247,"E92000001","E19000001","E18000006","E10000003","E07000009","E05015489"
"CB8 9FZ",10,568316,260046,"E92000001","E19000001","E18000006","E10000003","E07000009","E05015489"
"CB8 9HA",10,570408,253826,"E92000001","E19000001","E18000006","E10000029","E07000245","E05012805"
"CB8 9HB",10,565941,262014,"E92000001","E19000001","E18000006","E10000003","E07000009","E05015489"
"CB8 9HD",10,566342,260808,"E92000001","E19000001","E18000006","E10000003","E07000009","E05015489"
"CB8 9HE",10,566199,260761,"E92000001","E19000001","E18000006","E10000003","E07000009","E05015489"
"CB8 9HF",10,565836,260874,"E92000001","E19000001","E18000006","E10000003","E07000009","E05015489"
"CB8 9HG",10,567363,260143,"E92000001","E19000001","E18000006","E10000003","E07000009","E05015489"
"CB8 9HH",10,568849,255645,"E92000001","E19000001","E18000006","E10000003","E07000009","E05015489"
"CB8 9HJ",10,569464,256259,"E92000001","E19000001","E18000006","E10000003","E07000009","E05015489"
"CB8 9HL",10,569159,257028,"E92000001","E19000001","E18000006","E10000003","E07000009","E05015489"
"CB8 9HN",10,571391,256163,"E92000001","E19000001","E18000006","E10000029","E07000245","E05012805"
"CB8 9HP",10,572697,256174,"E92000001","E19000001","E18000006","E10000029","E07000245","E05012805"
"CB8 9HQ",10,568294,258640,"E92000001","E19000001","E18000006","E10000003","E07000009","E05015489"
"CB8 9HR",10,572265,253271,"E92000001","E19000001","E18000006","E10000029","E07000245","E05012805"
"CB8 9HS",10,571896,251976,"E92000001","E19000001","E18000006","E10000029","E07000245","E05012805"
"CB8 9HT",10,570793,252770,"E92000001","E19000001","E18000006","E10000029","E07000245","E05012805"
"CB8 9HU",10,570445,254641,"E92000001","E19000001","E18000006","E10000029","E07000245","E05012805"
"CB8 9HW",10,572148,255464,"E92000001","E19000001","E18000006","E10000029","E07000245","E05012805"
"CB8 9HX",10,570404,253229,"E92000001","E19000001","E18000006","E10000029","E07000245","E05012805"
"CB8 9HY",10,571234,254039,"E92000001","E19000001","E18000006","E10000029","E07000245","E05012805"
"CB8 9HZ",10,571294,253697,"E92000001","E19000001","E18000006","E10000029","E07000245","E05012805"
"CB8 9JA",10,569777,254822,"E92000001","E19000001","E18000006","E10000029","E07000245","E05012805"
"CB8 9JB",10,569621,255347,"E92000001","E19000001","E18000006","E10000003","E07000009","E05015489"
"CB8 9JD",10,565207,261093,"E92000001","E19000001","E18000006","E10000003","E07000009","E05015489"
"CB8 9JJ",10,571351,252478,"E92000001","E19000001","E18000006","E10000029","E07000245","E05012805"
"CB8 9JR",10,563889,262890,"E92000001","E19000001","E18000006","E10000029","E07000245","E05012793"
"CB8 9JS",10,563903,262952,"E92000001","E19000001","E18000006","E10000029","E07000245","E05012793"
"CB8 9JT",10,563577,261738,"E92000001","E19000001","E18000006","E10000003","E07000009","E05015489"
"CB8 9JW",10,563763,262784,"E92000001","E19000001","E18000006","E10000029","E07000245","E05012793"
"CB8 9JX",10,563699,253840,"E92000001","E19000001","E18000006","E10000003","E07000012","E05011282"
"CB8 9JY",10,564216,253427,"E92000001","E19000001","E18000006","E10000003","E07000012","E05011282"
"CB8 9JZ",10,564192,253094,"E92000001","E19000001","E18000006","E10000003","E07000012","E05011282"
"CB8 9LD",10,564434,252759,"E92000001","E19000001","E18000006","E10000003","E07000012","E05011282"
"CB8 9LE",10,564233,251674,"E92000001","E19000001","E18000006","E10000003","E07000012","E05011282"
"CB8 9LF",10,564572,253542,"E92000001","E19000001","E18000006","E10000003","E07000012","E05011282"
"CB8 9LG",10,566543,253436,"E92000001","E19000001","E18000006","E10000029","E07000245","E05012805"
"CB8 9LH",10,566848,253161,"E92000001","E19000001","E18000006","E10000029","E07000245","E05012805"
"CB8 9LJ",10,566867,253808,"E92000001","E19000001","E18000006","E10000029","E07000245","E05012805"
"CB8 9LL",10,566761,253121,"E92000001","E19000001","E18000006","E10000029","E07000245","E05012805"
"CB8 9LN",10,566685,253003,"E92000001","E19000001","E18000006","E10000029","E07000245","E05012805"
"CB8 9LP",10,567263,252639,"E92000001","E19000001","E18000006","E10000029","E07000245","E05012805"
"CB8 9LQ",10,566963,253146,"E92000001","E19000001","E18000006","E10000029","E07000245","E05012805"
"CB8 9LR",10,567329,252584,"E92000001","E19000001","E18000006","E10000029","E07000245","E05012805"
"CB8 9LS",10,567157,253098,"E92000001","E19000001","E18000006","E10000029","E07000245","E05012805"
"CB8 9LT",10,567368,253086,"E92000001","E19000001","E18000006","E10000029","E07000245","E05012805"
"CB8 9LU",10,568604,253679,"E92000001","E19000001","E18000006","E10000029","E07000245","E05012805"
"CB8 9LW",10,567088,252927,"E92000001","E19000001","E18000006","E10000029","E07000245","E05012805"
"CB8 9LY",10,563626,255426,"E92000001","E19000001","E18000006","E10000003","E07000009","E05015489"
"CB8 9NA",10,563594,255424,"E92000001","E19000001","E18000006","E10000003","E07000009","E05015489"
"CB8 9NB",10,563893,255583,"E92000001","E19000001","E18000006","E10000003","E07000009","E05015489"
"CB8 9ND",10,563905,255510,"E92000001","E19000001","E18000006","E10000003","E07000009","E05015489"
"CB8 9NE",10,563208,256395,"E92000001","E19000001","E18000006","E10000003","E07000009","E05015489"
"CB8 9NF",10,563707,255505,"E92000001","E19000001","E18000006","E10000003","E07000009","E05015489"
"CB8 9NG",10,564005,255356,"E92000001","E19000001","E18000006","E10000003","E07000009","E05015489"
"CB8 9NH",10,563756,255620,"E92000001","E19000001","E18000006","E10000003","E07000009","E05015489"
"CB8 9NJ",10,563731,255342,"E92000001","E19000001","E18000006","E10000003","E07000009","E05015489"
"CB8 9NQ",10,563883,255326,"E92000001","E19000001","E18000006","E10000003","E07000009","E05015489"
"CB8 9NR",10,566930,253058,"E92000001","E19000001","E18000006","E10000029","E07000245","E05012805"
"CB8 9PA",10,568682,257439,"E92000001","E19000001","E18000006","E10000003","E07000009","E05015489"
"CB8 9PB",10,568947,256840,"E92000001","E19000001","E18000006","E10000003","E07000009","E05015489"
"CB8 9PD",10,568509,256289,"E92000001","E19000001","E18000006","E10000003","E07000009","E05015489"
"CB8 9PE",10,568398,255883,"E92000001","E19000001","E18000006","E10000003","E07000009","E05015489"
"CB8 9PF",10,568255,256307,"E92000001","E19000001","E18000006","E10000003","E07000009","E05015489"
"CB8 9PG",10,568069,256103,"E92000001","E19000001","E18000006","E10000003","E07000009","E05015489"
"CB8 9PH",10,570050,258667,"E92000001","E19000001","E18000006","E10000003","E07000009","E05015489"
"CB8 9PJ",10,570052,258482,"E92000001","E19000001","E18000006","E10000003","E07000009","E05015489"
"CB8 9PL",10,569992,259962,"E92000001","E19000001","E18000006","E10000003","E07000009","E05015489"
"CB8 9PN",10,571818,257986,"E92000001","E19000001","E18000006","E10000029","E07000245","E05012770"
"CB8 9PP",10,572449,257674,"E92000001","E19000001","E18000006","E10000029","E07000245","E05012770"
"CB8 9PQ",10,569289,257793,"E92000001","E19000001","E18000006","E10000003","E07000009","E05015489"
"CB8 9PR",10,572676,257393,"E92000001","E19000001","E18000006","E10000029","E07000245","E05012770"
"CB8 9PS",10,573177,256626,"E92000001","E19000001","E18000006","E10000029","E07000245","E05012770"
"CB8 9PT",10,572168,258053,"E92000001","E19000001","E18000006","E10000029","E07000245","E05012770"
"CB8 9PU",10,572218,257822,"E92000001","E19000001","E18000006","E10000029","E07000245","E05012770"
"CB8 9PW",10,572066,257885,"E92000001","E19000001","E18000006","E10000029","E07000245","E05012770"
"CB8 9PX",10,572821,257636,"E92000001","E19000001","E18000006","E10000029","E07000245","E05012770"
"CB8 9PY",10,572802,257604,"E92000001","E19000001","E18000006","E10000029","E07000245","E05012770"
"CB8 9PZ",10,571726,256755,"E92000001","E19000001","E18000006","E10000029","E07000245","E05012770"
"CB8 9QA",10,571439,254905,"E92000001","E19000001","E18000006","E10000029","E07000245","E05012805"
"CB8 9QB",10,571475,254649,"E92000001","E19000001","E18000006","E10000029","E07000245","E05012805"
"CB8 9QD",10,571535,254170,"E92000001","E19000001","E18000006","E10000029","E07000245","E05012805"
"CB8 9QE",10,572337,254353,"E92000001","E19000001","E18000006","E10000029","E07000245","E05012805"
"CB8 9QF",10,571369,254395,"E92000001","E19000001","E18000006","E10000029","E07000245","E05012805"
"CB8 9QG",10,571584,254077,"E92000001","E19000001","E18000006","E10000029","E07000245","E05012805"
"CB8 9QH",10,571635,254044,"E92000001","E19000001","E18000006","E10000029","E07000245","E05012805"
"CB8 9QQ",10,571644,253867,"E92000001","E19000001","E18000006","E10000029","E07000245","E05012805"
"CB8 9RA",10,568474,259607,"E92000001","E19000001","E18000006","E10000003","E07000009","E05015489"
"CB8 9RB",10,568637,259733,"E92000001","E19000001","E18000006","E10000003","E07000009","E05015489"
"CB8 9RD",10,568909,259881,"E92000001","E19000001","E18000006","E10000003","E07000009","E05015489"
"CB8 9RE",10,568896,260054,"E92000001","E19000001","E18000006","E10000003","E07000009","E05015489"
"CB8 9RF",10,569011,260021,"E92000001","E19000001","E18000006","E10000003","E07000009","E05015489"
"CB8 9RG",10,568403,260233,"E92000001","E19000001","E18000006","E10000003","E07000009","E05015489"
"CB8 9RH",10,568448,260362,"E92000001","E19000001","E18000006","E10000003","E07000009","E05015489"
"CB8 9RJ",10,568305,260325,"E92000001","E19000001","E18000006","E10000003","E07000009","E05015489"
"CB8 9RL",10,568214,260251,"E92000001","E19000001","E18000006","E10000003","E07000009","E05015489"
"CB8 9RN",10,568145,259299,"E92000001","E19000001","E18000006","E10000003","E07000009","E05015489"
"CB8 9RP",10,568022,259222,"E92000001","E19000001","E18000006","E10000003","E07000009","E05015489"
"CB8 9RQ",10,568292,260059,"E92000001","E19000001","E18000006","E10000003","E07000009","E05015489"
"CB8 9RR",10,568140,258951,"E92000001","E19000001","E18000006","E10000003","E07000009","E05015489"
"CB8 9RS",10,567845,259474,"E92000001","E19000001","E18000006","E10000003","E07000009","E05015489"
"CB8 9RT",10,567591,259578,"E92000001","E19000001","E18000006","E10000003","E07000009","E05015489"
"CB8 9RU",10,567620,259654,"E92000001","E19000001","E18000006","E10000003","E07000009","E05015489"
"CB8 9RW",10,568116,259320,"E92000001","E19000001","E18000006","E10000003","E07000009","E05015489"
"CB8 9RX",10,567480,259464,"E92000001","E19000001","E18000006","E10000003","E07000009","E05015489"
"CB8 9RY",10,567014,259013,"E92000001","E19000001","E18000006","E10000003","E07000009","E05015489"
"CB8 9RZ",10,566865,258596,"E92000001","E19000001","E18000006","E10000003","E07000009","E05015489"
"CB8 9SA",10,566597,258632,"E92000001","E19000001","E18000006","E10000003","E07000009","E05015489"
"CB8 9SD",10,566408,259001,"E92000001","E19000001","E18000006","E10000003","E07000009","E05015489"
"CB8 9SE",10,565891,259155,"E92000001","E19000001","E18000006","E10000003","E07000009","E05015489"
"CB8 9SF",10,565864,259115,"E92000001","E19000001","E18000006","E10000003","E07000009","E05015489"
"CB8 9SG",10,566072,258390,"E92000001","E19000001","E18000006","E10000003","E07000009","E05015489"
"CB8 9SH",10,566144,258248,"E92000001","E19000001","E18000006","E10000003","E07000009","E05015489"
"CB8 9SP",10,565620,258118,"E92000001","E19000001","E18000006","E10000003","E07000009","E05015489"
"CB8 9SQ",10,565933,258162,"E92000001","E19000001","E18000006","E10000003","E07000009","E05015489"
"CB8 9SR",10,566284,257980,"E92000001","E19000001","E18000006","E10000003","E07000009","E05015489"
"CB8 9SS",10,567244,257128,"E92000001","E19000001","E18000006","E10000003","E07000009","E05015489"
"CB8 9ST",10,568819,260003,"E92000001","E19000001","E18000006","E10000003","E07000009","E05015489"
"CB8 9SU",10,568337,260245,"E92000001","E19000001","E18000006","E10000003","E07000009","E05015489"
"CB8 9SW",10,565745,258038,"E92000001","E19000001","E18000006","E10000003","E07000009","E05015489"
"CB8 9SX",10,567599,260126,"E92000001","E19000001","E18000006","E10000003","E07000009","E05015489"
"CB8 9TH",10,564101,258588,"E92000001","E19000001","E18000006","E10000003","E07000009","E05015489"
"CB8 9TJ",10,564050,258602,"E92000001","E19000001","E18000006","E10000003","E07000009","E05015489"
"CB8 9TL",10,564033,258549,"E92000001","E19000001","E18000006","E10000003","E07000009","E05015489"
"CB8 9TN",10,564174,259093,"E92000001","E19000001","E18000006","E10000003","E07000009","E05015489"
"CB8 9TP",10,564001,258279,"E92000001","E19000001","E18000006","E10000003","E07000009","E05015489"
"CB8 9TR",10,563787,258354,"E92000001","E19000001","E18000006","E10000003","E07000009","E05015489"
"CB8 9TS",10,564209,258305,"E92000001","E19000001","E18000006","E10000003","E07000009","E05015489"
"CB8 9TT",10,564271,258375,"E92000001","E19000001","E18000006","E10000003","E07000009","E05015489"
"CB8 9TX",10,565279,257360,"E92000001","E19000001","E18000006","E10000003","E07000009","E05015489"
"CB8 9TY",10,566365,256286,"E92000001","E19000001","E18000006","E10000003","E07000009","E05015489"
"CB8 9TZ",10,564173,258499,"E92000001","E19000001","E18000006","E10000003","E07000009","E05015489"
"CB8 9UA",10,564004,258452,"E92000001","E19000001","E18000006","E10000003","E07000009","E05015489"
"CB8 9UH",10,563741,257933,"E92000001","E19000001","E18000006","E10000003","E07000009","E05015489"
"CB8 9UJ",10,563299,257908,"E92000001","E19000001","E18000006","E10000003","E07000009","E05015489"
"CB8 9UL",10,563654,257898,"E92000001","E19000001","E18000006","E10000003","E07000009","E05015489"
"CB8 9UP",10,562651,258002,"E92000001","E19000001","E18000006","E10000003","E07000009","E05015489"
"CB8 9UR",10,562920,257956,"E92000001","E19000001","E18000006","E10000003","E07000009","E05015489"
"CB8 9UT",10,561587,258612,"E92000001","E19000001","E18000006","E10000003","E07000009","E05015489"
"CB8 9UW",10,563075,257557,"E92000001","E19000001","E18000006","E10000003","E07000009","E05015489"
"CB8 9UY",10,562177,258161,"E92000001","E19000001","E18000006","E10000003","E07000009","E05015489"
"CB8 9UZ",10,562536,258426,"E92000001","E19000001","E18000006","E10000003","E07000009","E05015489"
"CB8 9WA",10,570274,256831,"E92000001","E19000001","E18000006","E10000003","E07000009","E05015489"
"CB8 9WH",10,563455,254181,"E92000001","E19000001","E18000006","E10000003","E07000012","E05011282"
"CB8 9WL",10,564138,263186,"E92000001","E19000001","E18000006","E10000029","E07000245","E05012793"
"CB8 9WT",10,564382,262669,"E92000001","E19000001","E18000006","E10000029","E07000245","E05012793"
"CB8 9XA",10,562452,258430,"E92000001","E19000001","E18000006","E10000003","E07000009","E05015489"
"CB8 9XB",10,562610,258262,"E92000001","E19000001","E18000006","E10000003","E07000009","E05015489"
"CB8 9XD",10,563171,257790,"E92000001","E19000001","E18000006","E10000003","E07000009","E05015489"
"CB8 9XE",10,563083,257714,"E92000001","E19000001","E18000006","E10000003","E07000009","E05015489"
"CB8 9XF",10,563828,256015,"E92000001","E19000001","E18000006","E10000003","E07000009","E05015489"
"CB8 9XG",10,564437,256447,"E92000001","E19000001","E18000006","E10000003","E07000009","E05015489"
"CB8 9XH",10,563691,257574,"E92000001","E19000001","E18000006","E10000003","E07000009","E05015489"
"CB8 9XJ",10,563419,257928,"E92000001","E19000001","E18000006","E10000003","E07000009","E05015489"
"CB8 9XL",10,563718,258031,"E92000001","E19000001","E18000006","E10000003","E07000009","E05015489"
"CB8 9XN",10,563637,257957,"E92000001","E19000001","E18000006","E10000003","E07000009","E05015489"
"CB8 9XP",10,561945,257727,"E92000001","E19000001","E18000006","E10000003","E07000009","E05015489"
"CB8 9XS",10,563515,257944,"E92000001","E19000001","E18000006","E10000003","E07000009","E05015489"
"CB8 9XX",10,572495,252214,"E92000001","E19000001","E18000006","E10000029","E07000245","E05012771"
"CB8 9XZ",10,572420,252114,"E92000001","E19000001","E18000006","E10000029","E07000245","E05012771"
"CB8 9YA",10,572329,252021,"E92000001","E19000001","E18000006","E10000029","E07000245","E05012771"
"CB8 9YB",10,572439,251971,"E92000001","E19000001","E18000006","E10000029","E07000245","E05012771"
"CB8 9YD",10,572496,252010,"E92000001","E19000001","E18000006","E10000029","E07000245","E05012771"
"CB8 9YE",10,572409,252046,"E92000001","E19000001","E18000006","E10000029","E07000245","E05012771"
"CB8 9YF",10,571501,251861,"E92000001","E19000001","E18000006","E10000029","E07000245","E05012805"
"CB8 9YG",10,572136,251770,"E92000001","E19000001","E18000006","E10000029","E07000245","E05012771"
"CB8 9YH",10,564242,263247,"E92000001","E19000001","E18000006","E10000029","E07000245","E05012791"
"CB8 9YL",10,571681,251923,"E92000001","E19000001","E18000006","E10000029","E07000245","E05012805"
"CB8 9YN",10,572129,252195,"E92000001","E19000001","E18000006","E10000029","E07000245","E05012805"
"CB8 9ZR",10,564242,263247,"E92000001","E19000001","E18000006","E10000029","E07000245","E05012791"
"CB8 9ZS",10,564242,263247,"E92000001","E19000001","E18000006","E10000029","E07000245","E05012791"
"CB9 0AA",10,567594,246242,"E92000001","E19000001","E18000006","E10000029","E07000245","E05012775"
"CB9 0AB",10,567600,246389,"E92000001","E19000001","E18000006","E10000029","E07000245","E05012775"
"CB9 0AD",10,567661,246325,"E92000001","E19000001","E18000006","E10000029","E07000245","E05012775"
"CB9 0AE",10,567456,246075,"E92000001","E19000001","E18000006","E10000029","E07000245","E05012775"
"CB9 0AF",10,567422,245967,"E92000001","E19000001","E18000006","E10000029","E07000245","E05012775"
"CB9 0AG",10,567550,246061,"E92000001","E19000001","E18000006","E10000029","E07000245","E05012775"
"CB9 0AH",10,567584,245914,"E92000001","E19000001","E18000006","E10000029","E07000245","E05012775"
"CB9 0AJ",10,567521,245989,"E92000001","E19000001","E18000006","E10000029","E07000245","E05012775"
"CB9 0AL",10,567519,245889,"E92000001","E19000001","E18000006","E10000029","E07000245","E05012775"
"CB9 0AN",10,567663,245870,"E92000001","E19000001","E18000006","E10000029","E07000245","E05012775"
"CB9 0AP",10,567710,245814,"E92000001","E19000001","E18000006","E10000029","E07000245","E05012775"
"CB9 0AQ",10,567645,245981,"E92000001","E19000001","E18000006","E10000029","E07000245","E05012775"
"CB9 0AR",10,567701,245740,"E92000001","E19000001","E18000006","E10000029","E07000245","E05012775"
"CB9 0AS",10,567709,245665,"E92000001","E19000001","E18000006","E10000029","E07000245","E05012775"
"CB9 0AT",10,567851,245791,"E92000001","E19000001","E18000006","E10000029","E07000245","E05012775"
"CB9 0AU",10,567792,245706,"E92000001","E19000001","E18000006","E10000029","E07000245","E05012775"
"CB9 0AW",10,567771,245871,"E92000001","E19000001","E18000006","E10000029","E07000245","E05012775"
"CB9 0AX",10,567885,245691,"E92000001","E19000001","E18000006","E10000029","E07000245","E05012775"
"CB9 0AY",10,567970,245719,"E92000001","E19000001","E18000006","E10000029","E07000245","E05012775"
"CB9 0AZ",10,567933,245654,"E92000001","E19000001","E18000006","E10000029","E07000245","E05012775"
"CB9 0BA",10,567899,245589,"E92000001","E19000001","E18000006","E10000029","E07000245","E05012775"
"CB9 0BB",10,567497,245435,"E92000001","E19000001","E18000006","E10000029","E07000245","E05012774"
"CB9 0BD",10,567369,246360,"E92000001","E19000001","E18000006","E10000029","E07000245","E05012776"
"CB9 0BF",10,568272,244818,"E92000001","E19000001","E18000006","E10000029","E07000245","E05012778"
"CB9 0BL",10,568037,245324,"E92000001","E19000001","E18000006","E10000029","E07000245","E05012775"
"CB9 0BN",10,567310,245922,"E92000001","E19000001","E18000006","E10000029","E07000245","E05012775"
"CB9 0BQ",10,567201,245770,"E92000001","E19000001","E18000006","E10000029","E07000245","E05012774"
"CB9 0BS",10,567063,245903,"E92000001","E19000001","E18000006","E10000029","E07000245","E05012776"
"CB9 0BT",10,568238,244787,"E92000001","E19000001","E18000006","E10000029","E07000245","E05012778"
"CB9 0BU",10,567870,244995,"E92000001","E19000001","E18000006","E10000029","E07000245","E05012774"
"CB9 0BW",10,568007,245920,"E92000001","E19000001","E18000006","E10000029","E07000245","E05012775"
"CB9 0BX",10,567893,245342,"E92000001","E19000001","E18000006","E10000029","E07000245","E05012775"
"CB9 0BY",10,567307,245967,"E92000001","E19000001","E18000006","E10000029","E07000245","E05012775"
"CB9 0BZ",10,567057,246019,"E92000001","E19000001","E18000006","E10000029","E07000245","E05012776"
"CB9 0DA",10,567198,245953,"E92000001","E19000001","E18000006","E10000029","E07000245","E05012776"
"CB9 0DB",10,567272,245954,"E92000001","E19000001","E18000006","E10000029","E07000245","E05012775"
"CB9 0DD",10,567364,246090,"E92000001","E19000001","E18000006","E10000029","E07000245","E05012775"
"CB9 0DE",10,567418,246260,"E92000001","E19000001","E18000006","E10000029","E07000245","E05012776"
"CB9 0DF",10,567477,246452,"E92000001","E19000001","E18000006","E10000029","E07000245","E05012776"
"CB9 0DG",10,567308,246183,"E92000001","E19000001","E18000006","E10000029","E07000245","E05012776"
"CB9 0DH",10,567100,246443,"E92000001","E19000001","E18000006","E10000029","E07000245","E05012776"
"CB9 0DJ",10,567144,246241,"E92000001","E19000001","E18000006","E10000029","E07000245","E05012776"
"CB9 0DL",10,567191,246180,"E92000001","E19000001","E18000006","E10000029","E07000245","E05012776"
"CB9 0DN",10,567138,246322,"E92000001","E19000001","E18000006","E10000029","E07000245","E05012776"
"CB9 0DP",10,567036,246240,"E92000001","E19000001","E18000006","E10000029","E07000245","E05012776"
"CB9 0DQ",10,567274,246299,"E92000001","E19000001","E18000006","E10000029","E07000245","E05012776"
"CB9 0DR",10,567005,246413,"E92000001","E19000001","E18000006","E10000029","E07000245","E05012776"
"CB9 0DS",10,566995,246155,"E92000001","E19000001","E18000006","E10000029","E07000245","E05012776"
"CB9 0DT",10,566933,246114,"E92000001","E19000001","E18000006","E10000029","E07000245","E05012776"
"CB9 0DU",10,566920,246314,"E92000001","E19000001","E18000006","E10000029","E07000245","E05012776"
"CB9 0DW",10,566944,246222,"E92000001","E19000001","E18000006","E10000029","E07000245","E05012776"
"CB9 0DX",10,567328,245984,"E92000001","E19000001","E18000006","E10000029","E07000245","E05012775"
"CB9 0DY",10,566866,246318,"E92000001","E19000001","E18000006","E10000029","E07000245","E05012776"
"CB9 0DZ",10,567490,246542,"E92000001","E19000001","E18000006","E10000029","E07000245","E05012776"
"CB9 0EA",10,567184,246542,"E92000001","E19000001","E18000006","E10000029","E07000245","E05012776"
"CB9 0EB",10,567335,246476,"E92000001","E19000001","E18000006","E10000029","E07000245","E05012776"
"CB9 0ED",10,567265,246424,"E92000001","E19000001","E18000006","E10000029","E07000245","E05012776"
"CB9 0EE",10,567266,246619,"E92000001","E19000001","E18000006","E10000029","E07000245","E05012776"
"CB9 0EF",10,567140,246497,"E92000001","E19000001","E18000006","E10000029","E07000245","E05012776"
"CB9 0EG",10,567087,246552,"E92000001","E19000001","E18000006","E10000029","E07000245","E05012776"
"CB9 0EH",10,567200,246652,"E92000001","E19000001","E18000006","E10000029","E07000245","E05012776"
"CB9 0EL",10,567364,245631,"E92000001","E19000001","E18000006","E10000029","E07000245","E05012774"
"CB9 0EN",10,567294,245997,"E92000001","E19000001","E18000006","E10000029","E07000245","E05012775"
"CB9 0EP",10,567895,245194,"E92000001","E19000001","E18000006","E10000029","E07000245","E05012774"
"CB9 0EQ",10,567218,246568,"E92000001","E19000001","E18000006","E10000029","E07000245","E05012776"
"CB9 0ER",10,567272,245627,"E92000001","E19000001","E18000006","E10000029","E07000245","E05012774"
"CB9 0ES",10,567142,245709,"E92000001","E19000001","E18000006","E10000029","E07000245","E05012774"
"CB9 0EU",10,567088,245746,"E92000001","E19000001","E18000006","E10000029","E07000245","E05012774"
"CB9 0EX",10,567110,245762,"E92000001","E19000001","E18000006","E10000029","E07000245","E05012774"
"CB9 0EZ",10,567948,245266,"E92000001","E19000001","E18000006","E10000029","E07000245","E05012775"
"CB9 0HP",10,567341,245870,"E92000001","E19000001","E18000006","E10000029","E07000245","E05012775"
"CB9 0HR",10,567544,245719,"E92000001","E19000001","E18000006","E10000029","E07000245","E05012775"
"CB9 0HS",10,567631,245675,"E92000001","E19000001","E18000006","E10000029","E07000245","E05012775"
"CB9 0HT",10,567561,245627,"E92000001","E19000001","E18000006","E10000029","E07000245","E05012775"
"CB9 0HU",10,567690,245627,"E92000001","E19000001","E18000006","E10000029","E07000245","E05012775"
"CB9 0HW",10,567246,245860,"E92000001","E19000001","E18000006","E10000029","E07000245","E05012775"
"CB9 0HX",10,567641,245570,"E92000001","E19000001","E18000006","E10000029","E07000245","E05012775"
"CB9 0HY",10,567722,245554,"E92000001","E19000001","E18000006","E10000029","E07000245","E05012775"
"CB9 0HZ",10,567814,245510,"E92000001","E19000001","E18000006","E10000029","E07000245","E05012775"
"CB9 0JA",10,567887,245480,"E92000001","E19000001","E18000006","E10000029","E07000245","E05012775"
"CB9 0JB",10,567514,245720,"E92000001","E19000001","E18000006","E10000029","E07000245","E05012775"
"CB9 0JD",10,567276,245876,"E92000001","E19000001","E18000006","E10000029","E07000245","E05012775"
"CB9 0JE",10,568342,245113,"E92000001","E19000001","E18000006","E10000029","E07000245","E05012778"
"CB9 0JF",10,567976,245422,"E92000001","E19000001","E18000006","E10000029","E07000245","E05012775"
"CB9 0JG",10,567954,245480,"E92000001","E19000001","E18000006","E10000029","E07000245","E05012775"
"CB9 0JH",10,567996,245554,"E92000001","E19000001","E18000006","E10000029","E07000245","E05012775"
"CB9 0JJ",10,568088,245640,"E92000001","E19000001","E18000006","E10000029","E07000245","E05012775"
"CB9 0JL",10,568134,245605,"E92000001","E19000001","E18000006","E10000029","E07000245","E05012775"
"CB9 0JN",10,568068,245503,"E92000001","E19000001","E18000006","E10000029","E07000245","E05012775"
"CB9 0JP",10,568129,245443,"E92000001","E19000001","E18000006","E10000029","E07000245","E05012775"
"CB9 0JR",10,568272,245489,"E92000001","E19000001","E18000006","E10000029","E07000245","E05012775"
"CB9 0JS",10,568220,245360,"E92000001","E19000001","E18000006","E10000029","E07000245","E05012775"
"CB9 0JT",10,568385,245184,"E92000001","E19000001","E18000006","E10000029","E07000245","E05012778"
"CB9 0JU",10,567843,245389,"E92000001","E19000001","E18000006","E10000029","E07000245","E05012775"
"CB9 0JW",10,568206,245552,"E92000001","E19000001","E18000006","E10000029","E07000245","E05012775"
"CB9 0JX",10,568014,245227,"E92000001","E19000001","E18000006","E10000029","E07000245","E05012775"
"CB9 0JY",10,568085,245272,"E92000001","E19000001","E18000006","E10000029","E07000245","E05012775"
"CB9 0LA",10,568395,244878,"E92000001","E19000001","E18000006","E10000029","E07000245","E05012778"
"CB9 0LB",10,568456,245087,"E92000001","E19000001","E18000006","E10000029","E07000245","E05012778"
"CB9 0LD",10,567770,246274,"E92000001","E19000001","E18000006","E10000029","E07000245","E05012775"
"CB9 0LE",10,568455,244936,"E92000001","E19000001","E18000006","E10000029","E07000245","E05012778"
"CB9 0LF",10,568431,244976,"E92000001","E19000001","E18000006","E10000029","E07000245","E05012778"
"CB9 0LG",10,568487,245053,"E92000001","E19000001","E18000006","E10000029","E07000245","E05012778"
"CB9 0LH",10,568569,245427,"E92000001","E19000001","E18000006","E10000029","E07000245","E05012778"
"CB9 0LJ",10,568463,245505,"E92000001","E19000001","E18000006","E10000029","E07000245","E05012778"
"CB9 0LL",10,568534,245614,"E92000001","E19000001","E18000006","E10000029","E07000245","E05012778"
"CB9 0LN",10,568529,245532,"E92000001","E19000001","E18000006","E10000029","E07000245","E05012778"
"CB9 0LP",10,568339,244986,"E92000001","E19000001","E18000006","E10000029","E07000245","E05012778"
"CB9 0LQ",10,568520,245002,"E92000001","E19000001","E18000006","E10000029","E07000245","E05012778"
"CB9 0LR",10,568716,245324,"E92000001","E19000001","E18000006","E10000029","E07000245","E05012778"
"CB9 0LS",10,568779,245292,"E92000001","E19000001","E18000006","E10000029","E07000245","E05012778"
"CB9 0LT",10,568655,245205,"E92000001","E19000001","E18000006","E10000029","E07000245","E05012778"
"CB9 0LU",10,568633,245339,"E92000001","E19000001","E18000006","E10000029","E07000245","E05012778"
"CB9 0LW",10,568282,244981,"E92000001","E19000001","E18000006","E10000029","E07000245","E05012778"
"CB9 0LX",10,568733,245567,"E92000001","E19000001","E18000006","E10000029","E07000245","E05012778"
"CB9 0LY",10,568788,245405,"E92000001","E19000001","E18000006","E10000029","E07000245","E05012778"
"CB9 0LZ",10,568610,245518,"E92000001","E19000001","E18000006","E10000029","E07000245","E05012778"
"CB9 0NA",10,568673,245433,"E92000001","E19000001","E18000006","E10000029","E07000245","E05012778"
"CB9 0NB",10,568461,245272,"E92000001","E19000001","E18000006","E10000029","E07000245","E05012778"
"CB9 0NE",10,568469,244901,"E92000001","E19000001","E18000006","E10000029","E07000245","E05012778"
"CB9 0NF",10,568662,244897,"E92000001","E19000001","E18000006","E10000029","E07000245","E05012778"
"CB9 0NG",10,568706,245048,"E92000001","E19000001","E18000006","E10000029","E07000245","E05012778"
"CB9 0NH",10,568680,245122,"E92000001","E19000001","E18000006","E10000029","E07000245","E05012778"
"CB9 0NJ",10,568718,244984,"E92000001","E19000001","E18000006","E10000029","E07000245","E05012778"
"CB9 0NL",10,568771,245165,"E92000001","E19000001","E18000006","E10000029","E07000245","E05012778"
"CB9 0NN",10,568851,245213,"E92000001","E19000001","E18000006","E10000029","E07000245","E05012778"
"CB9 0NP",10,568831,245029,"E92000001","E19000001","E18000006","E10000029","E07000245","E05012778"
"CB9 0NQ",10,568575,245044,"E92000001","E19000001","E18000006","E10000029","E07000245","E05012778"
"CB9 0NR",10,568915,244948,"E92000001","E19000001","E18000006","E10000029","E07000245","E05012778"
"CB9 0NS",10,568897,245014,"E92000001","E19000001","E18000006","E10000029","E07000245","E05012778"
"CB9 0NT",10,568966,245191,"E92000001","E19000001","E18000006","E10000029","E07000245","E05012778"
"CB9 0NU",10,569014,245195,"E92000001","E19000001","E18000006","E10000029","E07000245","E05012778"
"CB9 0NW",10,568769,244878,"E92000001","E19000001","E18000006","E10000029","E07000245","E05012778"
"CB9 0PA",10,568372,245380,"E92000001","E19000001","E18000006","E10000029","E07000245","E05012775"
"CB9 0PB",10,568419,245345,"E92000001","E19000001","E18000006","E10000029","E07000245","E05012775"
"CB9 0PH",10,568276,245303,"E92000001","E19000001","E18000006","E10000029","E07000245","E05012775"
"CB9 0PJ",10,568312,245230,"E92000001","E19000001","E18000006","E10000029","E07000245","E05012775"
"CB9 0PL",10,568202,244714,"E92000001","E19000001","E18000006","E10000029","E07000245","E05012778"
"CB9 0PQ",10,568429,245643,"E92000001","E19000001","E18000006","E10000029","E07000245","E05012778"
"CB9 0PR",10,568457,245614,"E92000001","E19000001","E18000006","E10000029","E07000245","E05012778"
"CB9 0PU",10,568400,245563,"E92000001","E19000001","E18000006","E10000029","E07000245","E05012778"
"CB9 1AE",10,567213,245537,"E92000001","E19000001","E18000006","E10000029","E07000245","E05012774"
"CB9 1AH",10,567213,245537,"E92000001","E19000001","E18000006","E10000029","E07000245","E05012774"
"CB9 1AY",10,567213,245537,"E92000001","E19000001","E18000006","E10000029","E07000245","E05012774"
"CB9 1BB",10,567213,245537,"E92000001","E19000001","E18000006","E10000029","E07000245","E05012774"
"CB9 1BD",10,567213,245537,"E92000001","E19000001","E18000006","E10000029","E07000245","E05012774"
"CB9 7AA",10,567021,244217,"E92000001","E19000001","E18000006","E10000029","E07000245","E05012777"
"CB9 7AB",10,566500,243023,"E92000001","E19000001","E18000006","E10000012","E07000067","E05010371"
"CB9 7AD",10,566108,242383,"E92000001","E19000001","E18000006","E10000012","E07000067","E05010371"
"CB9 7AE",10,567375,244169,"E92000001","E19000001","E18000006","E10000012","E07000067","E05010371"
"CB9 7AF",10,565625,242160,"E92000001","E19000001","E18000006","E10000012","E07000067","E05010371"
"CB9 7AG",10,565349,241878,"E92000001","E19000001","E18000006","E10000012","E07000067","E05010371"
"CB9 7AH",10,565272,241662,"E92000001","E19000001","E18000006","E10000012","E07000067","E05010371"
"CB9 7AJ",10,565175,241611,"E92000001","E19000001","E18000006","E10000012","E07000067","E05010371"
"CB9 7AL",10,565130,241488,"E92000001","E19000001","E18000006","E10000012","E07000067","E05010371"
"CB9 7AN",10,565754,240793,"E92000001","E19000001","E18000006","E10000012","E07000067","E05010371"
"CB9 7AP",10,564114,241321,"E92000001","E19000001","E18000006","E10000012","E07000067","E05010371"
"CB9 7AQ",10,565317,241737,"E92000001","E19000001","E18000006","E10000012","E07000067","E05010371"
"CB9 7AR",10,567752,250265,"E92000001","E19000001","E18000006","E10000029","E07000245","E05012805"
"CB9 7AS",10,565009,241810,"E92000001","E19000001","E18000006","E10000012","E07000067","E05010371"
"CB9 7AT",10,564635,242563,"E92000001","E19000001","E18000006","E10000012","E07000067","E05010371"
"CB9 7AU",10,564481,242579,"E92000001","E19000001","E18000006","E10000012","E07000067","E05010371"
"CB9 7AW",10,564813,241554,"E92000001","E19000001","E18000006","E10000012","E07000067","E05010371"
"CB9 7AZ",10,568083,244786,"E92000001","E19000001","E18000006","E10000029","E07000245","E05012778"
"CB9 7BA",10,567374,246828,"E92000001","E19000001","E18000006","E10000029","E07000245","E05012776"
"CB9 7BB",50,567374,246828,"E92000001","E19000001","E18000006","E10000029","E07000245","E05012776"
"CB9 7BF",10,565340,245980,"E92000001","E19000001","E18000006","E10000029","E07000245","E05012779"
"CB9 7BG",10,568162,244432,"E92000001","E19000001","E18000006","E10000029","E07000245","E05012778"
"CB9 7BH",10,565236,245992,"E92000001","E19000001","E18000006","E10000029","E07000245","E05012779"
"CB9 7BJ",10,567521,243883,"E92000001","E19000001","E18000006","E10000012","E07000067","E05010371"
"CB9 7BL",10,567821,242150,"E92000001","E19000001","E18000006","E10000012","E07000067","E05010371"
"CB9 7BN",10,568209,241431,"E92000001","E19000001","E18000006","E10000012","E07000067","E05010371"
"CB9 7BP",10,569090,241864,"E92000001","E19000001","E18000006","E10000012","E07000067","E05010371"
"CB9 7BQ",10,565244,245922,"E92000001","E19000001","E18000006","E10000029","E07000245","E05012779"
"CB9 7BS",10,569081,242195,"E92000001","E19000001","E18000006","E10000012","E07000067","E05010371"
"CB9 7BT",10,566266,241201,"E92000001","E19000001","E18000006","E10000012","E07000067","E05010371"
"CB9 7BU",10,568047,240747,"E92000001","E19000001","E18000006","E10000012","E07000067","E05010371"
"CB9 7BW",10,569370,241812,"E92000001","E19000001","E18000006","E10000012","E07000067","E05010371"
"CB9 7BX",10,567886,240704,"E92000001","E19000001","E18000006","E10000012","E07000067","E05010371"
"CB9 7BY",10,567961,241224,"E92000001","E19000001","E18000006","E10000012","E07000067","E05010371"
"CB9 7BZ",10,568000,241333,"E92000001","E19000001","E18000006","E10000012","E07000067","E05010371"
"CB9 7DB",10,568112,241166,"E92000001","E19000001","E18000006","E10000012","E07000067","E05010371"
"CB9 7DF",10,568108,241246,"E92000001","E19000001","E18000006","E10000012","E07000067","E05010371"
"CB9 7DG",10,567894,241084,"E92000001","E19000001","E18000006","E10000012","E07000067","E05010371"
"CB9 7DH",10,568109,241209,"E92000001","E19000001","E18000006","E10000012","E07000067","E05010371"
"CB9 7DJ",10,567766,241179,"E92000001","E19000001","E18000006","E10000012","E07000067","E05010371"
"CB9 7DL",10,567911,241508,"E92000001","E19000001","E18000006","E10000012","E07000067","E05010371"
"CB9 7DN",10,568039,241540,"E92000001","E19000001","E18000006","E10000012","E07000067","E05010371"
"CB9 7DP",10,567855,241269,"E92000001","E19000001","E18000006","E10000012","E07000067","E05010371"
"CB9 7DQ",10,568046,241181,"E92000001","E19000001","E18000006","E10000012","E07000067","E05010371"
"CB9 7DR",10,567860,241381,"E92000001","E19000001","E18000006","E10000012","E07000067","E05010371"
"CB9 7DS",10,567528,240924,"E92000001","E19000001","E18000006","E10000012","E07000067","E05010371"
"CB9 7DT",10,567644,240933,"E92000001","E19000001","E18000006","E10000012","E07000067","E05010371"
"CB9 7DU",10,567459,240877,"E92000001","E19000001","E18000006","E10000012","E07000067","E05010371"
"CB9 7DW",10,568204,241650,"E92000001","E19000001","E18000006","E10000012","E07000067","E05010371"
"CB9 7DX",10,567837,241099,"E92000001","E19000001","E18000006","E10000012","E07000067","E05010371"
"CB9 7DY",10,567019,240189,"E92000001","E19000001","E18000006","E10000012","E07000067","E05010371"
"CB9 7DZ",10,567056,239627,"E92000001","E19000001","E18000006","E10000012","E07000067","E05010371"
"CB9 7EA",10,568110,240995,"E92000001","E19000001","E18000006","E10000012","E07000067","E05010371"
"CB9 7EB",10,568489,240485,"E92000001","E19000001","E18000006","E10000012","E07000067","E05010371"
"CB9 7ED",10,567933,240780,"E92000001","E19000001","E18000006","E10000012","E07000067","E05010371"
"CB9 7EE",10,568059,240821,"E92000001","E19000001","E18000006","E10000012","E07000067","E05010371"
"CB9 7EF",10,568061,240915,"E92000001","E19000001","E18000006","E10000012","E07000067","E05010371"
"CB9 7EG",10,567941,240544,"E92000001","E19000001","E18000006","E10000012","E07000067","E05010371"
"CB9 7EH",10,567897,239458,"E92000001","E19000001","E18000006","E10000012","E07000067","E05010371"
"CB9 7EJ",10,569168,239996,"E92000001","E19000001","E18000006","E10000012","E07000067","E05010371"
"CB9 7EL",10,568185,239188,"E92000001","E19000001","E18000006","E10000012","E07000067","E05010371"
"CB9 7EN",10,567912,240868,"E92000001","E19000001","E18000006","E10000012","E07000067","E05010371"
"CB9 7EP",10,567699,240760,"E92000001","E19000001","E18000006","E10000012","E07000067","E05010371"
"CB9 7EQ",10,568136,240081,"E92000001","E19000001","E18000006","E10000012","E07000067","E05010371"
"CB9 7ER",10,567664,240828,"E92000001","E19000001","E18000006","E10000012","E07000067","E05010371"
"CB9 7ES",10,567649,240797,"E92000001","E19000001","E18000006","E10000012","E07000067","E05010371"
"CB9 7ET",10,567579,240840,"E92000001","E19000001","E18000006","E10000012","E07000067","E05010371"
"CB9 7EU",10,567722,240907,"E92000001","E19000001","E18000006","E10000012","E07000067","E05010371"
"CB9 7EW",10,567970,240733,"E92000001","E19000001","E18000006","E10000012","E07000067","E05010371"
"CB9 7EX",10,567787,240884,"E92000001","E19000001","E18000006","E10000012","E07000067","E05010371"
"CB9 7EY",10,567486,240948,"E92000001","E19000001","E18000006","E10000012","E07000067","E05010371"
"CB9 7EZ",10,567975,241563,"E92000001","E19000001","E18000006","E10000012","E07000067","E05010371"
"CB9 7FB",10,564822,246508,"E92000001","E19000001","E18000006","E10000029","E07000245","E05012805"
"CB9 7FD",10,567946,244275,"E92000001","E19000001","E18000006","E10000029","E07000245","E05012778"
"CB9 7FE",10,565801,246401,"E92000001","E19000001","E18000006","E10000029","E07000245","E05012779"
"CB9 7FF",10,565764,246390,"E92000001","E19000001","E18000006","E10000029","E07000245","E05012779"
"CB9 7FG",10,567857,246606,"E92000001","E19000001","E18000006","E10000029","E07000245","E05012805"
"CB9 7FH",10,564874,246198,"E92000001","E19000001","E18000006","E10000029","E07000245","E05012779"
"CB9 7FJ",10,564957,246176,"E92000001","E19000001","E18000006","E10000029","E07000245","E05012779"
"CB9 7FL",10,564834,246145,"E92000001","E19000001","E18000006","E10000029","E07000245","E05012779"
"CB9 7FN",10,564959,246138,"E92000001","E19000001","E18000006","E10000029","E07000245","E05012779"
"CB9 7FP",10,564958,246109,"E92000001","E19000001","E18000006","E10000029","E07000245","E05012779"
"CB9 7FQ",10,565788,246270,"E92000001","E19000001","E18000006","E10000029","E07000245","E05012779"
"CB9 7FR",10,565047,246048,"E92000001","E19000001","E18000006","E10000029","E07000245","E05012779"
"CB9 7FS",10,564946,246026,"E92000001","E19000001","E18000006","E10000029","E07000245","E05012779"
"CB9 7FT",10,564951,246058,"E92000001","E19000001","E18000006","E10000029","E07000245","E05012779"
"CB9 7FU",10,565021,246038,"E92000001","E19000001","E18000006","E10000029","E07000245","E05012779"
"CB9 7FW",10,565049,246127,"E92000001","E19000001","E18000006","E10000029","E07000245","E05012779"
"CB9 7FX",10,564989,246017,"E92000001","E19000001","E18000006","E10000029","E07000245","E05012779"
"CB9 7FY",10,564851,246059,"E92000001","E19000001","E18000006","E10000029","E07000245","E05012779"
"CB9 7FZ",10,565900,246389,"E92000001","E19000001","E18000006","E10000029","E07000245","E05012779"
"CB9 7GA",10,565887,246320,"E92000001","E19000001","E18000006","E10000029","E07000245","E05012779"
"CB9 7GB",10,568159,244540,"E92000001","E19000001","E18000006","E10000029","E07000245","E05012778"
"CB9 7GE",10,564841,246261,"E92000001","E19000001","E18000006","E10000029","E07000245","E05012805"
"CB9 7GH",10,565869,246204,"E92000001","E19000001","E18000006","E10000029","E07000245","E05012779"
"CB9 7GJ",10,565767,246313,"E92000001","E19000001","E18000006","E10000029","E07000245","E05012779"
"CB9 7GL",10,565779,246205,"E92000001","E19000001","E18000006","E10000029","E07000245","E05012779"
"CB9 7GN",10,565235,246077,"E92000001","E19000001","E18000006","E10000029","E07000245","E05012779"
"CB9 7GR",10,564678,242589,"E92000001","E19000001","E18000006","E10000012","E07000067","E05010371"
"CB9 7GU",10,568055,244682,"E92000001","E19000001","E18000006","E10000029","E07000245","E05012778"
"CB9 7GW",10,569541,244010,"E92000001","E19000001","E18000006","E10000012","E07000067","E05010371"
"CB9 7GX",10,565161,245740,"E92000001","E19000001","E18000006","E10000029","E07000245","E05012779"
"CB9 7GY",10,565159,245644,"E92000001","E19000001","E18000006","E10000029","E07000245","E05012779"
"CB9 7GZ",10,565088,245874,"E92000001","E19000001","E18000006","E10000029","E07000245","E05012779"
"CB9 7HA",10,569127,248207,"E92000001","E19000001","E18000006","E10000029","E07000245","E05012805"
"CB9 7HB",10,569317,247996,"E92000001","E19000001","E18000006","E10000029","E07000245","E05012805"
"CB9 7HD",10,568324,248184,"E92000001","E19000001","E18000006","E10000029","E07000245","E05012805"
"CB9 7HE",10,567992,248146,"E92000001","E19000001","E18000006","E10000029","E07000245","E05012805"
"CB9 7HF",10,567363,248344,"E92000001","E19000001","E18000006","E10000029","E07000245","E05012805"
"CB9 7HG",10,568690,248331,"E92000001","E19000001","E18000006","E10000029","E07000245","E05012805"
"CB9 7HH",10,564742,246488,"E92000001","E19000001","E18000006","E10000029","E07000245","E05012805"
"CB9 7HN",10,565364,246312,"E92000001","E19000001","E18000006","E10000029","E07000245","E05012779"
"CB9 7HP",10,565182,241673,"E92000001","E19000001","E18000006","E10000012","E07000067","E05010371"
"CB9 7HQ",10,569237,248471,"E92000001","E19000001","E18000006","E10000029","E07000245","E05012805"
"CB9 7HS",10,570106,246924,"E92000001","E19000001","E18000006","E10000029","E07000245","E05012771"
"CB9 7HT",10,570162,246913,"E92000001","E19000001","E18000006","E10000029","E07000245","E05012771"
"CB9 7HU",10,570134,246998,"E92000001","E19000001","E18000006","E10000029","E07000245","E05012771"
"CB9 7HW",10,567692,246618,"E92000001","E19000001","E18000006","E10000029","E07000245","E05012776"
"CB9 7HX",10,567774,250885,"E92000001","E19000001","E18000006","E10000029","E07000245","E05012805"
"CB9 7HY",10,567736,251163,"E92000001","E19000001","E18000006","E10000029","E07000245","E05012805"
"CB9 7HZ",10,567567,251637,"E92000001","E19000001","E18000006","E10000029","E07000245","E05012805"
"CB9 7JA",10,567667,246664,"E92000001","E19000001","E18000006","E10000029","E07000245","E05012776"
"CB9 7JB",10,567451,252054,"E92000001","E19000001","E18000006","E10000029","E07000245","E05012805"
"CB9 7JD",10,568152,251992,"E92000001","E19000001","E18000006","E10000029","E07000245","E05012805"
"CB9 7JE",10,568046,251960,"E92000001","E19000001","E18000006","E10000029","E07000245","E05012805"
"CB9 7JF",10,568130,251984,"E92000001","E19000001","E18000006","E10000029","E07000245","E05012805"
"CB9 7JG",10,568194,252013,"E92000001","E19000001","E18000006","E10000029","E07000245","E05012805"
"CB9 7JH",10,568530,251337,"E92000001","E19000001","E18000006","E10000029","E07000245","E05012805"
"CB9 7JJ",10,568750,251420,"E92000001","E19000001","E18000006","E10000029","E07000245","E05012805"
"CB9 7JL",10,568779,251493,"E92000001","E19000001","E18000006","E10000029","E07000245","E05012805"
"CB9 7JN",10,570188,252360,"E92000001","E19000001","E18000006","E10000029","E07000245","E05012805"
"CB9 7JP",10,571090,251326,"E92000001","E19000001","E18000006","E10000029","E07000245","E05012805"
"CB9 7JQ",10,567844,251228,"E92000001","E19000001","E18000006","E10000029","E07000245","E05012805"
"CB9 7JR",10,570345,250874,"E92000001","E19000001","E18000006","E10000029","E07000245","E05012805"
"CB9 7JS",10,568106,251965,"E92000001","E19000001","E18000006","E10000029","E07000245","E05012805"
"CB9 7JT",10,567576,246691,"E92000001","E19000001","E18000006","E10000029","E07000245","E05012776"
"CB9 7JU",10,569931,243792,"E92000001","E19000001","E18000006","E10000012","E07000067","E05010371"
"CB9 7JW",10,571116,251790,"E92000001","E19000001","E18000006","E10000029","E07000245","E05012805"
"CB9 7JX",10,567444,246878,"E92000001","E19000001","E18000006","E10000029","E07000245","E05012776"
"CB9 7JY",10,567634,246847,"E92000001","E19000001","E18000006","E10000029","E07000245","E05012776"
"CB9 7JZ",10,567718,246828,"E92000001","E19000001","E18000006","E10000029","E07000245","E05012776"
"CB9 7LA",10,567810,250537,"E92000001","E19000001","E18000006","E10000029","E07000245","E05012805"
"CB9 7LB",10,567783,250649,"E92000001","E19000001","E18000006","E10000029","E07000245","E05012805"
"CB9 7LD",10,567775,250188,"E92000001","E19000001","E18000006","E10000029","E07000245","E05012805"
"CB9 7LE",10,567011,249860,"E92000001","E19000001","E18000006","E10000029","E07000245","E05012805"
"CB9 7LF",10,568260,250319,"E92000001","E19000001","E18000006","E10000029","E07000245","E05012805"
"CB9 7LG",10,568045,250406,"E92000001","E19000001","E18000006","E10000029","E07000245","E05012805"
"CB9 7LH",10,568267,250324,"E92000001","E19000001","E18000006","E10000029","E07000245","E05012805"
"CB9 7LJ",10,567866,250081,"E92000001","E19000001","E18000006","E10000029","E07000245","E05012805"
"CB9 7LL",10,566138,250609,"E92000001","E19000001","E18000006","E10000029","E07000245","E05012805"
"CB9 7LN",10,567700,246778,"E92000001","E19000001","E18000006","E10000029","E07000245","E05012776"
"CB9 7LP",10,567774,246780,"E92000001","E19000001","E18000006","E10000029","E07000245","E05012776"
"CB9 7LQ",10,567839,250186,"E92000001","E19000001","E18000006","E10000029","E07000245","E05012805"
"CB9 7LR",10,564507,246488,"E92000001","E19000001","E18000006","E10000029","E07000245","E05012805"
"CB9 7LS",10,567645,241093,"E92000001","E19000001","E18000006","E10000012","E07000067","E05010371"
"CB9 7LT",10,567469,246780,"E92000001","E19000001","E18000006","E10000029","E07000245","E05012776"
"CB9 7LU",10,567518,246753,"E92000001","E19000001","E18000006","E10000029","E07000245","E05012776"
"CB9 7LW",10,567409,246930,"E92000001","E19000001","E18000006","E10000029","E07000245","E05012776"
"CB9 7LX",50,567518,246753,"E92000001","E19000001","E18000006","E10000029","E07000245","E05012776"
"CB9 7LY",50,567518,246753,"E92000001","E19000001","E18000006","E10000029","E07000245","E05012776"
"CB9 7NA",10,570418,246423,"E92000001","E19000001","E18000006","E10000029","E07000245","E05012771"
"CB9 7NB",10,570429,246437,"E92000001","E19000001","E18000006","E10000029","E07000245","E05012771"
"CB9 7NE",10,570434,246463,"E92000001","E19000001","E18000006","E10000029","E07000245","E05012771"
"CB9 7NF",10,570223,246724,"E92000001","E19000001","E18000006","E10000029","E07000245","E05012771"
"CB9 7NG",10,570320,246676,"E92000001","E19000001","E18000006","E10000029","E07000245","E05012771"
"CB9 7NH",10,570273,246462,"E92000001","E19000001","E18000006","E10000029","E07000245","E05012771"
"CB9 7NJ",10,570291,246601,"E92000001","E19000001","E18000006","E10000029","E07000245","E05012771"
"CB9 7NL",10,570212,246605,"E92000001","E19000001","E18000006","E10000029","E07000245","E05012771"
"CB9 7NN",10,570567,246966,"E92000001","E19000001","E18000006","E10000029","E07000245","E05012771"
"CB9 7NP",10,567341,246852,"E92000001","E19000001","E18000006","E10000029","E07000245","E05012776"
"CB9 7NR",10,570071,246711,"E92000001","E19000001","E18000006","E10000029","E07000245","E05012771"
"CB9 7NS",10,570168,246577,"E92000001","E19000001","E18000006","E10000029","E07000245","E05012771"
"CB9 7NT",10,570199,246401,"E92000001","E19000001","E18000006","E10000029","E07000245","E05012771"
"CB9 7NU",10,570129,246592,"E92000001","E19000001","E18000006","E10000029","E07000245","E05012771"
"CB9 7NW",10,570171,246842,"E92000001","E19000001","E18000006","E10000029","E07000245","E05012771"
"CB9 7NX",10,570096,246566,"E92000001","E19000001","E18000006","E10000029","E07000245","E05012771"
"CB9 7NY",10,565618,242230,"E92000001","E19000001","E18000006","E10000012","E07000067","E05010371"
"CB9 7PF",10,567291,246829,"E92000001","E19000001","E18000006","E10000029","E07000245","E05012776"
"CB9 7PG",10,567306,246768,"E92000001","E19000001","E18000006","E10000029","E07000245","E05012776"
"CB9 7PH",10,570793,246689,"E92000001","E19000001","E18000006","E10000029","E07000245","E05012771"
"CB9 7PJ",10,570750,246854,"E92000001","E19000001","E18000006","E10000029","E07000245","E05012771"
"CB9 7PL",10,570684,246780,"E92000001","E19000001","E18000006","E10000029","E07000245","E05012771"
"CB9 7PN",10,570651,246738,"E92000001","E19000001","E18000006","E10000029","E07000245","E05012771"
"CB9 7PP",10,567304,246717,"E92000001","E19000001","E18000006","E10000029","E07000245","E05012776"
"CB9 7PR",10,570711,246710,"E92000001","E19000001","E18000006","E10000029","E07000245","E05012771"
"CB9 7PS",10,570682,246608,"E92000001","E19000001","E18000006","E10000029","E07000245","E05012771"
"CB9 7PT",10,570808,246574,"E92000001","E19000001","E18000006","E10000029","E07000245","E05012771"
"CB9 7PU",10,567378,246770,"E92000001","E19000001","E18000006","E10000029","E07000245","E05012776"
"CB9 7PW",10,570783,246768,"E92000001","E19000001","E18000006","E10000029","E07000245","E05012771"
"CB9 7PX",60,568032,245818,"E92000001","","","","",""
"CB9 7PZ",10,567625,244255,"E92000001","E19000001","E18000006","E10000012","E07000067","E05010371"
"CB9 7QA",50,564938,246547,"E92000001","E19000001","E18000006","E10000029","E07000245","E05012805"
"CB9 7QE",10,564938,246547,"E92000001","E19000001","E18000006","E10000029","E07000245","E05012805"
"CB9 7QG",10,570550,246597,"E92000001","E19000001","E18000006","E10000029","E07000245","E05012771"
"CB9 7QH",10,570598,246698,"E92000001","E19000001","E18000006","E10000029","E07000245","E05012771"
"CB9 7QJ",10,570580,246622,"E92000001","E19000001","E18000006","E10000029","E07000245","E05012771"
"CB9 7QL",10,570666,246545,"E92000001","E19000001","E18000006","E10000029","E07000245","E05012771"
"CB9 7QN",10,570880,245610,"E92000001","E19000001","E18000006","E10000029","E07000245","E05012771"
"CB9 7QP",10,571648,246265,"E92000001","E19000001","E18000006","E10000029","E07000245","E05012771"
"CB9 7QQ",10,570545,246428,"E92000001","E19000001","E18000006","E10000029","E07000245","E05012771"
"CB9 7QR",10,570852,246937,"E92000001","E19000001","E18000006","E10000029","E07000245","E05012771"
"CB9 7QS",10,570868,247009,"E92000001","E19000001","E18000006","E10000029","E07000245","E05012771"
"CB9 7QT",10,571104,246912,"E92000001","E19000001","E18000006","E10000029","E07000245","E05012771"
"CB9 7QU",10,571109,247346,"E92000001","E19000001","E18000006","E10000029","E07000245","E05012771"
"CB9 7QW",10,571209,246166,"E92000001","E19000001","E18000006","E10000029","E07000245","E05012771"
"CB9 7QX",10,570643,247118,"E92000001","E19000001","E18000006","E10000029","E07000245","E05012771"
"CB9 7QZ",10,570540,246910,"E92000001","E19000001","E18000006","E10000029","E07000245","E05012771"
"CB9 7RA",10,566162,246705,"E92000001","E19000001","E18000006","E10000029","E07000245","E05012776"
"CB9 7RB",10,566064,246741,"E92000001","E19000001","E18000006","E10000029","E07000245","E05012776"
"CB9 7RD",10,566067,246787,"E92000001","E19000001","E18000006","E10000029","E07000245","E05012776"
"CB9 7RE",10,565242,246237,"E92000001","E19000001","E18000006","E10000029","E07000245","E05012779"
"CB9 7RF",10,565194,246286,"E92000001","E19000001","E18000006","E10000029","E07000245","E05012779"
"CB9 7RG",10,566139,246762,"E92000001","E19000001","E18000006","E10000029","E07000245","E05012776"
"CB9 7RN",10,566196,246474,"E92000001","E19000001","E18000006","E10000029","E07000245","E05012776"
"CB9 7RP",10,564776,246215,"E92000001","E19000001","E18000006","E10000029","E07000245","E05012805"
"CB9 7RR",10,565793,246687,"E92000001","E19000001","E18000006","E10000029","E07000245","E05012805"
"CB9 7RS",10,565849,246664,"E92000001","E19000001","E18000006","E10000029","E07000245","E05012805"
"CB9 7RT",10,565567,246892,"E92000001","E19000001","E18000006","E10000029","E07000245","E05012805"
"CB9 7RU",10,565223,247639,"E92000001","E19000001","E18000006","E10000029","E07000245","E05012805"
"CB9 7RW",10,566145,246479,"E92000001","E19000001","E18000006","E10000029","E07000245","E05012779"
"CB9 7RX",10,565401,247745,"E92000001","E19000001","E18000006","E10000029","E07000245","E05012805"
"CB9 7RY",10,565424,247784,"E92000001","E19000001","E18000006","E10000029","E07000245","E05012805"
"CB9 7RZ",10,565407,247848,"E92000001","E19000001","E18000006","E10000029","E07000245","E05012805"
"CB9 7SA",10,565650,248000,"E92000001","E19000001","E18000006","E10000029","E07000245","E05012805"
"CB9 7SB",10,565732,248316,"E92000001","E19000001","E18000006","E10000029","E07000245","E05012805"
"CB9 7SD",10,565792,248214,"E92000001","E19000001","E18000006","E10000029","E07000245","E05012805"
"CB9 7SE",10,566003,248341,"E92000001","E19000001","E18000006","E10000029","E07000245","E05012805"
"CB9 7SF",10,566076,248194,"E92000001","E19000001","E18000006","E10000029","E07000245","E05012805"
"CB9 7SG",10,565084,247713,"E92000001","E19000001","E18000006","E10000029","E07000245","E05012805"
"CB9 7SH",10,564802,247831,"E92000001","E19000001","E18000006","E10000029","E07000245","E05012805"
"CB9 7SJ",10,564248,248738,"E92000001","E19000001","E18000006","E10000029","E07000245","E05012805"
"CB9 7SL",10,564605,247773,"E92000001","E19000001","E18000006","E10000029","E07000245","E05012805"
"CB9 7SN",10,564216,247638,"E92000001","E19000001","E18000006","E10000029","E07000245","E05012805"
"CB9 7SP",10,564991,247640,"E92000001","E19000001","E18000006","E10000029","E07000245","E05012805"
"CB9 7SQ",10,564899,246498,"E92000001","E19000001","E18000006","E10000029","E07000245","E05012805"
"CB9 7SR",10,565606,246262,"E92000001","E19000001","E18000006","E10000029","E07000245","E05012779"
"CB9 7SS",10,564859,246492,"E92000001","E19000001","E18000006","E10000029","E07000245","E05012805"
"CB9 7ST",10,564816,246345,"E92000001","E19000001","E18000006","E10000029","E07000245","E05012805"
"CB9 7SU",10,565498,246261,"E92000001","E19000001","E18000006","E10000029","E07000245","E05012779"
"CB9 7SW",10,564189,246748,"E92000001","E19000001","E18000006","E10000029","E07000245","E05012805"
"CB9 7SX",10,564887,246382,"E92000001","E19000001","E18000006","E10000029","E07000245","E05012805"
"CB9 7SY",10,564811,246304,"E92000001","E19000001","E18000006","E10000029","E07000245","E05012805"
"CB9 7TA",10,567534,246596,"E92000001","E19000001","E18000006","E10000029","E07000245","E05012776"
"CB9 7TB",10,568733,246350,"E92000001","E19000001","E18000006","E10000029","E07000245","E05012775"
"CB9 7TD",10,569600,247785,"E92000001","E19000001","E18000006","E10000029","E07000245","E05012805"
"CB9 7TE",10,570007,247894,"E92000001","E19000001","E18000006","E10000029","E07000245","E05012805"
"CB9 7TF",10,570889,249249,"E92000001","E19000001","E18000006","E10000029","E07000245","E05012771"
"CB9 7TG",10,571454,250204,"E92000001","E19000001","E18000006","E10000029","E07000245","E05012771"
"CB9 7TH",10,571250,249138,"E92000001","E19000001","E18000006","E10000029","E07000245","E05012771"
"CB9 7TJ",10,571397,249063,"E92000001","E19000001","E18000006","E10000029","E07000245","E05012771"
"CB9 7TL",10,571174,248674,"E92000001","E19000001","E18000006","E10000029","E07000245","E05012771"
"CB9 7TN",10,571153,248818,"E92000001","E19000001","E18000006","E10000029","E07000245","E05012771"
"CB9 7TQ",10,570565,250013,"E92000001","E19000001","E18000006","E10000029","E07000245","E05012771"
"CB9 7TS",10,565013,246468,"E92000001","E19000001","E18000006","E10000029","E07000245","E05012805"
"CB9 7TW",10,570916,248839,"E92000001","E19000001","E18000006","E10000029","E07000245","E05012771"
"CB9 7UD",10,567947,246837,"E92000001","E19000001","E18000006","E10000029","E07000245","E05012805"
"CB9 7UE",10,568074,246662,"E92000001","E19000001","E18000006","E10000029","E07000245","E05012775"
"CB9 7UF",10,568055,246690,"E92000001","E19000001","E18000006","E10000029","E07000245","E05012775"
"CB9 7UG",10,568985,247575,"E92000001","E19000001","E18000006","E10000029","E07000245","E05012805"
"CB9 7UH",10,568006,246727,"E92000001","E19000001","E18000006","E10000029","E07000245","E05012775"
"CB9 7UJ",10,570014,246946,"E92000001","E19000001","E18000006","E10000029","E07000245","E05012771"
"CB9 7UL",10,570023,246925,"E92000001","E19000001","E18000006","E10000029","E07000245","E05012771"
"CB9 7UN",10,569962,245291,"E92000001","E19000001","E18000006","E10000029","E07000245","E05012771"
"CB9 7UP",10,568027,246796,"E92000001","E19000001","E18000006","E10000029","E07000245","E05012775"
"CB9 7UQ",10,569864,247189,"E92000001","E19000001","E18000006","E10000029","E07000245","E05012805"
"CB9 7UR",10,568218,244849,"E92000001","E19000001","E18000006","E10000029","E07000245","E05012778"
"CB9 7UT",10,568150,244765,"E92000001","E19000001","E18000006","E10000029","E07000245","E05012778"
"CB9 7UU",10,568037,244729,"E92000001","E19000001","E18000006","E10000029","E07000245","E05012778"
"CB9 7UW",10,569099,244863,"E92000001","E19000001","E18000006","E10000012","E07000067","E05010371"
"CB9 7UX",10,568488,244575,"E92000001","E19000001","E18000006","E10000029","E07000245","E05012778"
"CB9 7UY",10,569134,244260,"E92000001","E19000001","E18000006","E10000012","E07000067","E05010371"
"CB9 7UZ",10,569154,244226,"E92000001","E19000001","E18000006","E10000012","E07000067","E05010371"
"CB9 7WA",10,565120,245966,"E92000001","E19000001","E18000006","E10000029","E07000245","E05012779"
"CB9 7WB",10,565418,246137,"E92000001","E19000001","E18000006","E10000029","E07000245","E05012779"
"CB9 7WD",10,565328,246107,"E92000001","E19000001","E18000006","E10000029","E07000245","E05012779"
"CB9 7WE",10,565288,246066,"E92000001","E19000001","E18000006","E10000029","E07000245","E05012779"
"CB9 7WF",10,564990,245895,"E92000001","E19000001","E18000006","E10000029","E07000245","E05012779"
"CB9 7WG",10,565064,245926,"E92000001","E19000001","E18000006","E10000029","E07000245","E05012779"
"CB9 7WH",10,565098,245786,"E92000001","E19000001","E18000006","E10000029","E07000245","E05012779"
"CB9 7WJ",10,568110,244814,"E92000001","E19000001","E18000006","E10000029","E07000245","E05012778"
"CB9 7WL",10,565006,245840,"E92000001","E19000001","E18000006","E10000029","E07000245","E05012779"
"CB9 7WN",10,565054,245782,"E92000001","E19000001","E18000006","E10000029","E07000245","E05012779"
"CB9 7WP",10,568205,245856,"E92000001","E19000001","E18000006","E10000029","E07000245","E05012775"
"CB9 7WQ",10,565096,245711,"E92000001","E19000001","E18000006","E10000029","E07000245","E05012779"
"CB9 7WR",10,565112,245828,"E92000001","E19000001","E18000006","E10000029","E07000245","E05012779"
"CB9 7WS",10,565124,245932,"E92000001","E19000001","E18000006","E10000029","E07000245","E05012779"
"CB9 7WT",10,565079,245946,"E92000001","E19000001","E18000006","E10000029","E07000245","E05012779"
"CB9 7WU",10,565576,246384,"E92000001","E19000001","E18000006","E10000029","E07000245","E05012779"
"CB9 7WW",10,565139,245816,"E92000001","E19000001","E18000006","E10000029","E07000245","E05012779"
"CB9 7WX",10,568077,245750,"E92000001","E19000001","E18000006","E10000029","E07000245","E05012775"
"CB9 7WY",10,568084,245884,"E92000001","E19000001","E18000006","E10000029","E07000245","E05012775"
"CB9 7WZ",10,568264,245884,"E92000001","E19000001","E18000006","E10000029","E07000245","E05012775"
"CB9 7XA",10,569190,244188,"E92000001","E19000001","E18000006","E10000012","E07000067","E05010371"
"CB9 7XB",10,569210,244168,"E92000001","E19000001","E18000006","E10000012","E07000067","E05010371"
"CB9 7XD",10,568989,243884,"E92000001","E19000001","E18000006","E10000012","E07000067","E05010371"
"CB9 7XE",10,569349,244165,"E92000001","E19000001","E18000006","E10000012","E07000067","E05010371"
"CB9 7XF",10,569672,243996,"E92000001","E19000001","E18000006","E10000012","E07000067","E05010371"
"CB9 7XG",10,569599,244031,"E92000001","E19000001","E18000006","E10000012","E07000067","E05010371"
"CB9 7XH",10,569892,243811,"E92000001","E19000001","E18000006","E10000012","E07000067","E05010371"
"CB9 7XJ",10,569849,243896,"E92000001","E19000001","E18000006","E10000012","E07000067","E05010371"
"CB9 7XL",10,569909,243854,"E92000001","E19000001","E18000006","E10000012","E07000067","E05010371"
"CB9 7XN",10,570275,243684,"E92000001","E19000001","E18000006","E10000012","E07000067","E05010371"
"CB9 7XP",10,569702,243700,"E92000001","E19000001","E18000006","E10000012","E07000067","E05010371"
"CB9 7XQ",10,569634,243957,"E92000001","E19000001","E18000006","E10000012","E07000067","E05010371"
"CB9 7XR",10,569815,244077,"E92000001","E19000001","E18000006","E10000012","E07000067","E05010371"
"CB9 7XS",10,569732,244646,"E92000001","E19000001","E18000006","E10000012","E07000067","E05010371"
"CB9 7XT",10,569368,244212,"E92000001","E19000001","E18000006","E10000012","E07000067","E05010371"
"CB9 7XU",10,568286,244481,"E92000001","E19000001","E18000006","E10000029","E07000245","E05012778"
"CB9 7XW",10,570459,243548,"E92000001","E19000001","E18000006","E10000012","E07000067","E05010371"
"CB9 7XX",10,569312,244222,"E92000001","E19000001","E18000006","E10000012","E07000067","E05010371"
"CB9 7XY",10,569288,244250,"E92000001","E19000001","E18000006","E10000012","E07000067","E05010371"
"CB9 7XZ",10,568262,244264,"E92000001","E19000001","E18000006","E10000029","E07000245","E05012778"
"CB9 7YA",10,565767,246000,"E92000001","E19000001","E18000006","E10000029","E07000245","E05012779"
"CB9 7YB",10,565549,245879,"E92000001","E19000001","E18000006","E10000029","E07000245","E05012779"
"CB9 7YD",10,565791,246089,"E92000001","E19000001","E18000006","E10000029","E07000245","E05012779"
"CB9 7YE",10,565709,246069,"E92000001","E19000001","E18000006","E10000029","E07000245","E05012779"
"CB9 7YF",10,565615,245984,"E92000001","E19000001","E18000006","E10000029","E07000245","E05012779"
"CB9 7YG",10,565494,245959,"E92000001","E19000001","E18000006","E10000029","E07000245","E05012779"
"CB9 7YH",10,568498,244334,"E92000001","E19000001","E18000006","E10000029","E07000245","E05012778"
"CB9 7YJ",10,568221,245913,"E92000001","E19000001","E18000006","E10000029","E07000245","E05012775"
"CB9 7YL",10,565128,246271,"E92000001","E19000001","E18000006","E10000029","E07000245","E05012779"
"CB9 7YN",10,568113,245955,"E92000001","E19000001","E18000006","E10000029","E07000245","E05012775"
"CB9 7YQ",10,568176,245833,"E92000001","E19000001","E18000006","E10000029","E07000245","E05012775"
"CB9 7YS",10,568139,245830,"E92000001","E19000001","E18000006","E10000029","E07000245","E05012775"
"CB9 7YT",10,569320,244122,"E92000001","E19000001","E18000006","E10000012","E07000067","E05010371"
"CB9 7YU",10,569299,244157,"E92000001","E19000001","E18000006","E10000012","E07000067","E05010371"
"CB9 7YX",10,569250,244144,"E92000001","E19000001","E18000006","E10000012","E07000067","E05010371"
"CB9 7YY",10,568168,245920,"E92000001","E19000001","E18000006","E10000029","E07000245","E05012775"
"CB9 7YZ",10,568191,246773,"E92000001","E19000001","E18000006","E10000029","E07000245","E05012775"
"CB9 7ZD",10,570259,246980,"E92000001","E19000001","E18000006","E10000029","E07000245","E05012771"
"CB9 7ZE",10,570205,246950,"E92000001","E19000001","E18000006","E10000029","E07000245","E05012771"
"CB9 7ZF",10,570269,247032,"E92000001","E19000001","E18000006","E10000029","E07000245","E05012771"
"CB9 7ZG",10,570185,247043,"E92000001","E19000001","E18000006","E10000029","E07000245","E05012771"
"CB9 7ZH",10,569463,244136,"E92000001","E19000001","E18000006","E10000012","E07000067","E05010371"
"CB9 8AA",10,567187,245477,"E92000001","E19000001","E18000006","E10000029","E07000245","E05012774"
"CB9 8AB",10,567213,245537,"E92000001","E19000001","E18000006","E10000029","E07000245","E05012774"
"CB9 8AD",10,567244,245475,"E92000001","E19000001","E18000006","E10000029","E07000245","E05012774"
"CB9 8AE",10,567295,245426,"E92000001","E19000001","E18000006","E10000029","E07000245","E05012774"
"CB9 8AG",10,567275,245546,"E92000001","E19000001","E18000006","E10000029","E07000245","E05012774"
"CB9 8AH",10,567363,245337,"E92000001","E19000001","E18000006","E10000029","E07000245","E05012774"
"CB9 8AJ",10,566219,245243,"E92000001","E19000001","E18000006","E10000029","E07000245","E05012777"
"CB9 8AL",10,567363,245330,"E92000001","E19000001","E18000006","E10000029","E07000245","E05012774"
"CB9 8AN",10,567434,245228,"E92000001","E19000001","E18000006","E10000029","E07000245","E05012774"
"CB9 8AP",10,567441,245191,"E92000001","E19000001","E18000006","E10000029","E07000245","E05012774"
"CB9 8AR",10,567333,245321,"E92000001","E19000001","E18000006","E10000029","E07000245","E05012774"
"CB9 8AU",10,567218,245404,"E92000001","E19000001","E18000006","E10000029","E07000245","E05012774"
"CB9 8AX",10,567183,245492,"E92000001","E19000001","E18000006","E10000029","E07000245","E05012774"
"CB9 8AY",10,566755,245469,"E92000001","E19000001","E18000006","E10000029","E07000245","E05012774"
"CB9 8AZ",10,567213,245537,"E92000001","E19000001","E18000006","E10000029","E07000245","E05012774"
"CB9 8BA",10,567199,245468,"E92000001","E19000001","E18000006","E10000029","E07000245","E05012774"
"CB9 8BB",10,567118,245503,"E92000001","E19000001","E18000006","E10000029","E07000245","E05012774"
"CB9 8BD",10,567068,245411,"E92000001","E19000001","E18000006","E10000029","E07000245","E05012774"
"CB9 8BE",10,566977,245430,"E92000001","E19000001","E18000006","E10000029","E07000245","E05012774"
"CB9 8BG",10,566977,245349,"E92000001","E19000001","E18000006","E10000029","E07000245","E05012774"
"CB9 8BH",10,567022,245294,"E92000001","E19000001","E18000006","E10000029","E07000245","E05012774"
"CB9 8BJ",10,567080,245351,"E92000001","E19000001","E18000006","E10000029","E07000245","E05012774"
"CB9 8BL",10,567098,245281,"E92000001","E19000001","E18000006","E10000029","E07000245","E05012774"
"CB9 8BN",10,567207,245230,"E92000001","E19000001","E18000006","E10000029","E07000245","E05012774"
"CB9 8BP",10,567097,245238,"E92000001","E19000001","E18000006","E10000029","E07000245","E05012774"
"CB9 8BT",10,567053,245186,"E92000001","E19000001","E18000006","E10000029","E07000245","E05012774"
"CB9 8BU",10,566967,245192,"E92000001","E19000001","E18000006","E10000029","E07000245","E05012774"
"CB9 8BW",10,567148,245192,"E92000001","E19000001","E18000006","E10000029","E07000245","E05012774"
"CB9 8BX",10,566976,245074,"E92000001","E19000001","E18000006","E10000029","E07000245","E05012774"
"CB9 8BY",10,566854,245212,"E92000001","E19000001","E18000006","E10000029","E07000245","E05012774"
"CB9 8BZ",10,567305,245349,"E92000001","E19000001","E18000006","E10000029","E07000245","E05012774"
"CB9 8DA",10,567366,245376,"E92000001","E19000001","E18000006","E10000029","E07000245","E05012774"
"CB9 8DD",10,567251,245468,"E92000001","E19000001","E18000006","E10000029","E07000245","E05012774"
"CB9 8DE",10,567032,245389,"E92000001","E19000001","E18000006","E10000029","E07000245","E05012774"
"CB9 8DF",10,566669,245162,"E92000001","E19000001","E18000006","E10000029","E07000245","E05012777"
"CB9 8DG",10,567173,244789,"E92000001","E19000001","E18000006","E10000029","E07000245","E05012777"
"CB9 8DN",10,567271,245217,"E92000001","E19000001","E18000006","E10000029","E07000245","E05012774"
"CB9 8DP",10,567151,245117,"E92000001","E19000001","E18000006","E10000029","E07000245","E05012774"
"CB9 8DQ",10,566264,245268,"E92000001","E19000001","E18000006","E10000029","E07000245","E05012777"
"CB9 8DR",10,566966,245030,"E92000001","E19000001","E18000006","E10000029","E07000245","E05012774"
"CB9 8DS",10,567015,245010,"E92000001","E19000001","E18000006","E10000029","E07000245","E05012777"
"CB9 8DT",10,567427,245151,"E92000001","E19000001","E18000006","E10000029","E07000245","E05012774"
"CB9 8DW",10,567359,245178,"E92000001","E19000001","E18000006","E10000029","E07000245","E05012774"
"CB9 8DX",10,567439,245307,"E92000001","E19000001","E18000006","E10000029","E07000245","E05012774"
"CB9 8DZ",10,567483,245350,"E92000001","E19000001","E18000006","E10000029","E07000245","E05012774"
"CB9 8EA",10,567489,245288,"E92000001","E19000001","E18000006","E10000029","E07000245","E05012774"
"CB9 8ED",10,567539,245247,"E92000001","E19000001","E18000006","E10000029","E07000245","E05012774"
"CB9 8EE",10,567514,245111,"E92000001","E19000001","E18000006","E10000029","E07000245","E05012774"
"CB9 8EF",10,567579,245224,"E92000001","E19000001","E18000006","E10000029","E07000245","E05012774"
"CB9 8EG",10,567609,245145,"E92000001","E19000001","E18000006","E10000029","E07000245","E05012774"
"CB9 8EH",10,567667,245004,"E92000001","E19000001","E18000006","E10000029","E07000245","E05012774"
"CB9 8EJ",10,567673,244872,"E92000001","E19000001","E18000006","E10000029","E07000245","E05012774"
"CB9 8EL",10,567793,244771,"E92000001","E19000001","E18000006","E10000029","E07000245","E05012774"
"CB9 8EN",10,567753,244754,"E92000001","E19000001","E18000006","E10000029","E07000245","E05012774"
"CB9 8EP",10,567570,245132,"E92000001","E19000001","E18000006","E10000029","E07000245","E05012774"
"CB9 8EQ",10,567673,245143,"E92000001","E19000001","E18000006","E10000029","E07000245","E05012774"
"CB9 8EZ",10,567433,245265,"E92000001","E19000001","E18000006","E10000029","E07000245","E05012774"
"CB9 8FE",10,566184,244881,"E92000001","E19000001","E18000006","E10000029","E07000245","E05012777"
"CB9 8FF",10,566265,245250,"E92000001","E19000001","E18000006","E10000029","E07000245","E05012777"
"CB9 8FG",10,566292,245262,"E92000001","E19000001","E18000006","E10000029","E07000245","E05012777"
"CB9 8FH",10,567187,245573,"E92000001","E19000001","E18000006","E10000029","E07000245","E05012774"
"CB9 8FJ",10,567322,245316,"E92000001","E19000001","E18000006","E10000029","E07000245","E05012774"
"CB9 8GY",10,566943,245523,"E92000001","E19000001","E18000006","E10000029","E07000245","E05012774"
"CB9 8HA",10,566667,245271,"E92000001","E19000001","E18000006","E10000029","E07000245","E05012777"
"CB9 8HB",10,567066,245544,"E92000001","E19000001","E18000006","E10000029","E07000245","E05012774"
"CB9 8HD",10,566723,245208,"E92000001","E19000001","E18000006","E10000029","E07000245","E05012777"
"CB9 8HE",10,566895,245496,"E92000001","E19000001","E18000006","E10000029","E07000245","E05012774"
"CB9 8HF",10,566896,245483,"E92000001","E19000001","E18000006","E10000029","E07000245","E05012774"
"CB9 8HG",10,566690,245330,"E92000001","E19000001","E18000006","E10000029","E07000245","E05012777"
"CB9 8HH",10,566667,245221,"E92000001","E19000001","E18000006","E10000029","E07000245","E05012777"
"CB9 8HJ",10,566610,245165,"E92000001","E19000001","E18000006","E10000029","E07000245","E05012777"
"CB9 8HL",10,566554,245166,"E92000001","E19000001","E18000006","E10000029","E07000245","E05012777"
"CB9 8HN",10,566523,245274,"E92000001","E19000001","E18000006","E10000029","E07000245","E05012777"
"CB9 8HP",10,566440,245252,"E92000001","E19000001","E18000006","E10000029","E07000245","E05012777"
"CB9 8HQ",10,566662,245296,"E92000001","E19000001","E18000006","E10000029","E07000245","E05012777"
"CB9 8HR",10,566480,245198,"E92000001","E19000001","E18000006","E10000029","E07000245","E05012777"
"CB9 8HS",10,566501,245134,"E92000001","E19000001","E18000006","E10000029","E07000245","E05012777"
"CB9 8HT",10,566436,245169,"E92000001","E19000001","E18000006","E10000029","E07000245","E05012777"
"CB9 8HU",10,566418,245131,"E92000001","E19000001","E18000006","E10000029","E07000245","E05012777"
"CB9 8HW",10,566442,245310,"E92000001","E19000001","E18000006","E10000029","E07000245","E05012777"
"CB9 8HX",10,566412,245113,"E92000001","E19000001","E18000006","E10000029","E07000245","E05012777"
"CB9 8HY",10,566240,245135,"E92000001","E19000001","E18000006","E10000029","E07000245","E05012777"
"CB9 8HZ",10,566219,245115,"E92000001","E19000001","E18000006","E10000029","E07000245","E05012777"
"CB9 8JA",10,566186,245052,"E92000001","E19000001","E18000006","E10000029","E07000245","E05012777"
"CB9 8JB",10,566122,245027,"E92000001","E19000001","E18000006","E10000029","E07000245","E05012777"
"CB9 8JD",10,566107,245125,"E92000001","E19000001","E18000006","E10000029","E07000245","E05012777"
"CB9 8JE",10,566188,245183,"E92000001","E19000001","E18000006","E10000029","E07000245","E05012777"
"CB9 8JF",10,566269,245160,"E92000001","E19000001","E18000006","E10000029","E07000245","E05012777"
"CB9 8JG",10,566268,245203,"E92000001","E19000001","E18000006","E10000029","E07000245","E05012777"
"CB9 8JH",10,566353,245077,"E92000001","E19000001","E18000006","E10000029","E07000245","E05012777"
"CB9 8JJ",10,566441,245071,"E92000001","E19000001","E18000006","E10000029","E07000245","E05012777"
"CB9 8JL",10,566457,245031,"E92000001","E19000001","E18000006","E10000029","E07000245","E05012777"
"CB9 8JN",10,566489,245069,"E92000001","E19000001","E18000006","E10000029","E07000245","E05012777"
"CB9 8JP",10,566691,245123,"E92000001","E19000001","E18000006","E10000029","E07000245","E05012777"
"CB9 8JQ",10,566348,245205,"E92000001","E19000001","E18000006","E10000029","E07000245","E05012777"
"CB9 8JR",10,566721,245080,"E92000001","E19000001","E18000006","E10000029","E07000245","E05012774"
"CB9 8JS",10,566369,245271,"E92000001","E19000001","E18000006","E10000029","E07000245","E05012777"
"CB9 8JT",10,566832,245095,"E92000001","E19000001","E18000006","E10000029","E07000245","E05012774"
"CB9 8JU",50,566832,245095,"E92000001","E19000001","E18000006","E10000029","E07000245","E05012774"
"CB9 8JW",10,566653,245085,"E92000001","E19000001","E18000006","E10000029","E07000245","E05012777"
"CB9 8JY",10,566998,245483,"E92000001","E19000001","E18000006","E10000029","E07000245","E05012774"
"CB9 8LG",10,566874,244884,"E92000001","E19000001","E18000006","E10000029","E07000245","E05012777"
"CB9 8LH",10,566679,244905,"E92000001","E19000001","E18000006","E10000029","E07000245","E05012777"
"CB9 8LJ",10,566685,244985,"E92000001","E19000001","E18000006","E10000029","E07000245","E05012777"
"CB9 8LN",10,566552,244999,"E92000001","E19000001","E18000006","E10000029","E07000245","E05012777"
"CB9 8LP",10,566584,244871,"E92000001","E19000001","E18000006","E10000029","E07000245","E05012777"
"CB9 8LQ",10,566751,244966,"E92000001","E19000001","E18000006","E10000029","E07000245","E05012777"
"CB9 8LR",10,566484,244856,"E92000001","E19000001","E18000006","E10000029","E07000245","E05012777"
"CB9 8LS",10,566491,244937,"E92000001","E19000001","E18000006","E10000029","E07000245","E05012777"
"CB9 8LT",10,566470,244989,"E92000001","E19000001","E18000006","E10000029","E07000245","E05012777"
"CB9 8LU",10,566422,244780,"E92000001","E19000001","E18000006","E10000029","E07000245","E05012777"
"CB9 8LW",10,566590,244944,"E92000001","E19000001","E18000006","E10000029","E07000245","E05012777"
"CB9 8LX",10,566384,244969,"E92000001","E19000001","E18000006","E10000029","E07000245","E05012777"
"CB9 8LY",10,566292,245015,"E92000001","E19000001","E18000006","E10000029","E07000245","E05012777"
"CB9 8LZ",10,566237,245029,"E92000001","E19000001","E18000006","E10000029","E07000245","E05012777"
"CB9 8NA",10,566170,244926,"E92000001","E19000001","E18000006","E10000029","E07000245","E05012777"
"CB9 8NB",10,566268,244957,"E92000001","E19000001","E18000006","E10000029","E07000245","E05012777"
"CB9 8ND",10,566287,244885,"E92000001","E19000001","E18000006","E10000029","E07000245","E05012777"
"CB9 8NE",10,566379,244865,"E92000001","E19000001","E18000006","E10000029","E07000245","E05012777"
"CB9 8NF",10,566451,244752,"E92000001","E19000001","E18000006","E10000029","E07000245","E05012777"
"CB9 8NG",10,566589,244767,"E92000001","E19000001","E18000006","E10000029","E07000245","E05012777"
"CB9 8NH",10,566637,245043,"E92000001","E19000001","E18000006","E10000029","E07000245","E05012777"
"CB9 8NJ",10,566249,244791,"E92000001","E19000001","E18000006","E10000029","E07000245","E05012777"
"CB9 8NP",10,567344,245011,"E92000001","E19000001","E18000006","E10000029","E07000245","E05012774"
"CB9 8NR",10,567433,244995,"E92000001","E19000001","E18000006","E10000029","E07000245","E05012774"
"CB9 8NS",10,567596,244881,"E92000001","E19000001","E18000006","E10000029","E07000245","E05012774"
"CB9 8NU",10,567492,244932,"E92000001","E19000001","E18000006","E10000029","E07000245","E05012774"
"CB9 8NW",10,567525,244887,"E92000001","E19000001","E18000006","E10000029","E07000245","E05012774"
"CB9 8NX",10,567565,244823,"E92000001","E19000001","E18000006","E10000029","E07000245","E05012774"
"CB9 8PA",10,567053,244509,"E92000001","E19000001","E18000006","E10000029","E07000245","E05012777"
"CB9 8PB",10,567172,244888,"E92000001","E19000001","E18000006","E10000029","E07000245","E05012777"
"CB9 8PD",10,567113,244882,"E92000001","E19000001","E18000006","E10000029","E07000245","E05012777"
"CB9 8PH",10,567144,244473,"E92000001","E19000001","E18000006","E10000029","E07000245","E05012777"
"CB9 8PJ",10,567240,244871,"E92000001","E19000001","E18000006","E10000029","E07000245","E05012777"
"CB9 8PL",10,567277,244813,"E92000001","E19000001","E18000006","E10000029","E07000245","E05012777"
"CB9 8PP",10,567672,244577,"E92000001","E19000001","E18000006","E10000029","E07000245","E05012774"
"CB9 8PR",10,567467,244752,"E92000001","E19000001","E18000006","E10000029","E07000245","E05012774"
"CB9 8PU",10,567628,244550,"E92000001","E19000001","E18000006","E10000029","E07000245","E05012774"
"CB9 8PX",10,567756,244442,"E92000001","E19000001","E18000006","E10000029","E07000245","E05012774"
"CB9 8QA",10,567851,244548,"E92000001","E19000001","E18000006","E10000029","E07000245","E05012774"
"CB9 8QB",10,567926,244669,"E92000001","E19000001","E18000006","E10000029","E07000245","E05012774"
"CB9 8QD",10,567925,244635,"E92000001","E19000001","E18000006","E10000029","E07000245","E05012774"
"CB9 8QE",10,567933,244608,"E92000001","E19000001","E18000006","E10000029","E07000245","E05012774"
"CB9 8QF",10,567903,244593,"E92000001","E19000001","E18000006","E10000029","E07000245","E05012774"
"CB9 8QG",10,567793,244643,"E92000001","E19000001","E18000006","E10000029","E07000245","E05012774"
"CB9 8QL",10,567961,244925,"E92000001","E19000001","E18000006","E10000029","E07000245","E05012774"
"CB9 8QN",10,567734,245017,"E92000001","E19000001","E18000006","E10000029","E07000245","E05012774"
"CB9 8QP",10,566583,244420,"E92000001","E19000001","E18000006","E10000029","E07000245","E05012777"
"CB9 8QQ",10,567807,244854,"E92000001","E19000001","E18000006","E10000029","E07000245","E05012774"
"CB9 8QT",10,567111,244606,"E92000001","E19000001","E18000006","E10000029","E07000245","E05012777"
"CB9 8QU",10,566708,244441,"E92000001","E19000001","E18000006","E10000029","E07000245","E05012777"
"CB9 8QX",10,567028,244369,"E92000001","E19000001","E18000006","E10000029","E07000245","E05012777"
"CB9 8RU",10,567213,245537,"E92000001","E19000001","E18000006","E10000029","E07000245","E05012774"
"CB9 8SA",10,567366,244866,"E92000001","E19000001","E18000006","E10000029","E07000245","E05012774"
"CB9 9AA",10,566338,245368,"E92000001","E19000001","E18000006","E10000029","E07000245","E05012777"
"CB9 9AB",10,566288,245390,"E92000001","E19000001","E18000006","E10000029","E07000245","E05012777"
"CB9 9AD",10,566251,245303,"E92000001","E19000001","E18000006","E10000029","E07000245","E05012777"
"CB9 9AE",10,566146,246397,"E92000001","E19000001","E18000006","E10000029","E07000245","E05012779"
"CB9 9AF",10,565476,245008,"E92000001","E19000001","E18000006","E10000029","E07000245","E05012779"
"CB9 9AG",10,566164,245326,"E92000001","E19000001","E18000006","E10000029","E07000245","E05012777"
"CB9 9AH",10,566266,245419,"E92000001","E19000001","E18000006","E10000029","E07000245","E05012777"
"CB9 9AJ",10,566194,245494,"E92000001","E19000001","E18000006","E10000029","E07000245","E05012777"
"CB9 9AL",10,566268,245472,"E92000001","E19000001","E18000006","E10000029","E07000245","E05012777"
"CB9 9AN",10,566192,245525,"E92000001","E19000001","E18000006","E10000029","E07000245","E05012777"
"CB9 9AP",10,566346,245535,"E92000001","E19000001","E18000006","E10000029","E07000245","E05012777"
"CB9 9AQ",10,566245,245376,"E92000001","E19000001","E18000006","E10000029","E07000245","E05012777"
"CB9 9AR",10,566292,245589,"E92000001","E19000001","E18000006","E10000029","E07000245","E05012777"
"CB9 9AS",10,566160,245585,"E92000001","E19000001","E18000006","E10000029","E07000245","E05012777"
"CB9 9AT",10,566291,245729,"E92000001","E19000001","E18000006","E10000029","E07000245","E05012777"
"CB9 9AU",10,566048,245604,"E92000001","E19000001","E18000006","E10000029","E07000245","E05012777"
"CB9 9AW",10,566267,245555,"E92000001","E19000001","E18000006","E10000029","E07000245","E05012777"
"CB9 9AX",10,566027,245661,"E92000001","E19000001","E18000006","E10000029","E07000245","E05012777"
"CB9 9AY",10,566100,245663,"E92000001","E19000001","E18000006","E10000029","E07000245","E05012777"
"CB9 9AZ",10,566010,245689,"E92000001","E19000001","E18000006","E10000029","E07000245","E05012777"
"CB9 9BA",10,566068,245745,"E92000001","E19000001","E18000006","E10000029","E07000245","E05012777"
"CB9 9BB",10,565980,245768,"E92000001","E19000001","E18000006","E10000029","E07000245","E05012777"
"CB9 9BD",10,566034,245793,"E92000001","E19000001","E18000006","E10000029","E07000245","E05012777"
"CB9 9BE",10,566034,245833,"E92000001","E19000001","E18000006","E10000029","E07000245","E05012777"
"CB9 9BG",10,566103,245794,"E92000001","E19000001","E18000006","E10000029","E07000245","E05012777"
"CB9 9BH",10,566192,245800,"E92000001","E19000001","E18000006","E10000029","E07000245","E05012777"
"CB9 9BJ",10,566140,245774,"E92000001","E19000001","E18000006","E10000029","E07000245","E05012777"
"CB9 9BL",10,566224,245751,"E92000001","E19000001","E18000006","E10000029","E07000245","E05012777"
"CB9 9BN",10,566168,245698,"E92000001","E19000001","E18000006","E10000029","E07000245","E05012777"
"CB9 9BP",10,566137,245653,"E92000001","E19000001","E18000006","E10000029","E07000245","E05012777"
"CB9 9BQ",10,566173,245821,"E92000001","E19000001","E18000006","E10000029","E07000245","E05012777"
"CB9 9BS",10,566065,245548,"E92000001","E19000001","E18000006","E10000029","E07000245","E05012777"
"CB9 9BT",10,566125,245523,"E92000001","E19000001","E18000006","E10000029","E07000245","E05012777"
"CB9 9BU",10,566070,245492,"E92000001","E19000001","E18000006","E10000029","E07000245","E05012777"
"CB9 9BW",10,566226,245646,"E92000001","E19000001","E18000006","E10000029","E07000245","E05012777"
"CB9 9BX",10,566129,245491,"E92000001","E19000001","E18000006","E10000029","E07000245","E05012777"
"CB9 9BY",10,566119,245415,"E92000001","E19000001","E18000006","E10000029","E07000245","E05012777"
"CB9 9BZ",10,566061,245419,"E92000001","E19000001","E18000006","E10000029","E07000245","E05012777"
"CB9 9DA",10,566090,245337,"E92000001","E19000001","E18000006","E10000029","E07000245","E05012777"
"CB9 9DB",10,566157,245358,"E92000001","E19000001","E18000006","E10000029","E07000245","E05012777"
"CB9 9DD",10,566149,245413,"E92000001","E19000001","E18000006","E10000029","E07000245","E05012777"
"CB9 9DE",10,565911,245355,"E92000001","E19000001","E18000006","E10000029","E07000245","E05012777"
"CB9 9DF",10,566080,245201,"E92000001","E19000001","E18000006","E10000029","E07000245","E05012777"
"CB9 9DG",10,566227,245619,"E92000001","E19000001","E18000006","E10000029","E07000245","E05012777"
"CB9 9DH",10,565928,246516,"E92000001","E19000001","E18000006","E10000029","E07000245","E05012779"
"CB9 9DJ",10,566077,246479,"E92000001","E19000001","E18000006","E10000029","E07000245","E05012779"
"CB9 9DL",10,565817,246455,"E92000001","E19000001","E18000006","E10000029","E07000245","E05012779"
"CB9 9DN",10,566159,246257,"E92000001","E19000001","E18000006","E10000029","E07000245","E05012779"
"CB9 9DP",10,567080,245600,"E92000001","E19000001","E18000006","E10000029","E07000245","E05012774"
"CB9 9DQ",10,565978,245183,"E92000001","E19000001","E18000006","E10000029","E07000245","E05012777"
"CB9 9DR",10,565592,245247,"E92000001","E19000001","E18000006","E10000029","E07000245","E05012779"
"CB9 9DS",10,565624,245442,"E92000001","E19000001","E18000006","E10000029","E07000245","E05012779"
"CB9 9DT",10,566916,245927,"E92000001","E19000001","E18000006","E10000029","E07000245","E05012776"
"CB9 9DU",10,566137,245726,"E92000001","E19000001","E18000006","E10000029","E07000245","E05012777"
"CB9 9DW",50,566620,245929,"E92000001","E19000001","E18000006","E10000029","E07000245","E05012777"
"CB9 9DX",10,566161,245509,"E92000001","E19000001","E18000006","E10000029","E07000245","E05012777"
"CB9 9DY",10,567141,245604,"E92000001","E19000001","E18000006","E10000029","E07000245","E05012774"
"CB9 9DZ",10,567097,245612,"E92000001","E19000001","E18000006","E10000029","E07000245","E05012774"
"CB9 9EA",10,565853,246147,"E92000001","E19000001","E18000006","E10000029","E07000245","E05012779"
"CB9 9EB",50,565853,246147,"E92000001","E19000001","E18000006","E10000029","E07000245","E05012779"
"CB9 9EE",10,567027,245687,"E92000001","E19000001","E18000006","E10000029","E07000245","E05012774"
"CB9 9EF",10,567105,245652,"E92000001","E19000001","E18000006","E10000029","E07000245","E05012774"
"CB9 9EG",10,567101,245685,"E92000001","E19000001","E18000006","E10000029","E07000245","E05012774"
"CB9 9EH",10,566117,246158,"E92000001","E19000001","E18000006","E10000029","E07000245","E05012779"
"CB9 9EJ",10,565979,246213,"E92000001","E19000001","E18000006","E10000029","E07000245","E05012779"
"CB9 9EL",10,566055,246093,"E92000001","E19000001","E18000006","E10000029","E07000245","E05012779"
"CB9 9EN",10,565948,246129,"E92000001","E19000001","E18000006","E10000029","E07000245","E05012779"
"CB9 9EP",10,565930,246046,"E92000001","E19000001","E18000006","E10000029","E07000245","E05012779"
"CB9 9EQ",10,567188,245624,"E92000001","E19000001","E18000006","E10000029","E07000245","E05012774"
"CB9 9ER",10,566015,246132,"E92000001","E19000001","E18000006","E10000029","E07000245","E05012779"
"CB9 9ES",10,566091,246206,"E92000001","E19000001","E18000006","E10000029","E07000245","E05012779"
"CB9 9ET",10,566017,246382,"E92000001","E19000001","E18000006","E10000029","E07000245","E05012779"
"CB9 9EW",10,566022,246044,"E92000001","E19000001","E18000006","E10000029","E07000245","E05012779"
"CB9 9EX",10,566332,246121,"E92000001","E19000001","E18000006","E10000029","E07000245","E05012777"
"CB9 9EY",10,565832,246089,"E92000001","E19000001","E18000006","E10000029","E07000245","E05012779"
"CB9 9EZ",10,566440,246486,"E92000001","E19000001","E18000006","E10000029","E07000245","E05012776"
"CB9 9FA",10,566388,246490,"E92000001","E19000001","E18000006","E10000029","E07000245","E05012776"
"CB9 9FB",10,566440,246546,"E92000001","E19000001","E18000006","E10000029","E07000245","E05012776"
"CB9 9FD",10,566342,246575,"E92000001","E19000001","E18000006","E10000029","E07000245","E05012776"
"CB9 9FE",10,566404,246586,"E92000001","E19000001","E18000006","E10000029","E07000245","E05012776"
"CB9 9FF",10,567109,246746,"E92000001","E19000001","E18000006","E10000029","E07000245","E05012776"
"CB9 9FG",10,567032,246723,"E92000001","E19000001","E18000006","E10000029","E07000245","E05012776"
"CB9 9FH",10,567068,246715,"E92000001","E19000001","E18000006","E10000029","E07000245","E05012776"
"CB9 9FJ",10,566974,246654,"E92000001","E19000001","E18000006","E10000029","E07000245","E05012776"
"CB9 9FL",10,567058,246674,"E92000001","E19000001","E18000006","E10000029","E07000245","E05012776"
"CB9 9FN",10,566958,246607,"E92000001","E19000001","E18000006","E10000029","E07000245","E05012776"
"CB9 9FP",10,567014,246630,"E92000001","E19000001","E18000006","E10000029","E07000245","E05012776"
"CB9 9HA",10,566985,245807,"E92000001","E19000001","E18000006","E10000029","E07000245","E05012776"
"CB9 9HB",10,567048,245643,"E92000001","E19000001","E18000006","E10000029","E07000245","E05012774"
"CB9 9HD",10,566982,245909,"E92000001","E19000001","E18000006","E10000029","E07000245","E05012776"
"CB9 9HE",10,566853,245971,"E92000001","E19000001","E18000006","E10000029","E07000245","E05012776"
"CB9 9HF",10,566853,245914,"E92000001","E19000001","E18000006","E10000029","E07000245","E05012776"
"CB9 9HG",10,566625,246156,"E92000001","E19000001","E18000006","E10000029","E07000245","E05012776"
"CB9 9HJ",10,566475,246206,"E92000001","E19000001","E18000006","E10000029","E07000245","E05012777"
"CB9 9HL",10,566370,246269,"E92000001","E19000001","E18000006","E10000029","E07000245","E05012777"
"CB9 9HN",10,566291,246225,"E92000001","E19000001","E18000006","E10000029","E07000245","E05012777"
"CB9 9HP",10,566242,246344,"E92000001","E19000001","E18000006","E10000029","E07000245","E05012777"
"CB9 9HQ",10,566592,246224,"E92000001","E19000001","E18000006","E10000029","E07000245","E05012776"
"CB9 9HR",10,566166,246340,"E92000001","E19000001","E18000006","E10000029","E07000245","E05012777"
"CB9 9HS",10,566565,246104,"E92000001","E19000001","E18000006","E10000029","E07000245","E05012777"
"CB9 9HT",10,566526,246079,"E92000001","E19000001","E18000006","E10000029","E07000245","E05012777"
"CB9 9HU",10,566657,245957,"E92000001","E19000001","E18000006","E10000029","E07000245","E05012777"
"CB9 9HW",10,566260,246171,"E92000001","E19000001","E18000006","E10000029","E07000245","E05012777"
"CB9 9HX",10,566723,245956,"E92000001","E19000001","E18000006","E10000029","E07000245","E05012777"
"CB9 9HY",10,566617,245869,"E92000001","E19000001","E18000006","E10000029","E07000245","E05012777"
"CB9 9HZ",10,566374,246107,"E92000001","E19000001","E18000006","E10000029","E07000245","E05012777"
"CB9 9JA",10,566514,246009,"E92000001","E19000001","E18000006","E10000029","E07000245","E05012777"
"CB9 9JB",10,566447,246012,"E92000001","E19000001","E18000006","E10000029","E07000245","E05012777"
"CB9 9JD",10,566576,245859,"E92000001","E19000001","E18000006","E10000029","E07000245","E05012777"
"CB9 9JE",10,566455,245798,"E92000001","E19000001","E18000006","E10000029","E07000245","E05012777"
"CB9 9JF",10,566497,245779,"E92000001","E19000001","E18000006","E10000029","E07000245","E05012777"
"CB9 9JG",10,566540,245753,"E92000001","E19000001","E18000006","E10000029","E07000245","E05012777"
"CB9 9JH",10,566793,245988,"E92000001","E19000001","E18000006","E10000029","E07000245","E05012776"
"CB9 9JJ",10,566636,246444,"E92000001","E19000001","E18000006","E10000029","E07000245","E05012776"
"CB9 9JL",10,566624,246488,"E92000001","E19000001","E18000006","E10000029","E07000245","E05012776"
"CB9 9JN",10,566682,246502,"E92000001","E19000001","E18000006","E10000029","E07000245","E05012776"
"CB9 9JP",10,566807,246500,"E92000001","E19000001","E18000006","E10000029","E07000245","E05012776"
"CB9 9JQ",10,566632,246370,"E92000001","E19000001","E18000006","E10000029","E07000245","E05012776"
"CB9 9JR",10,566739,246486,"E92000001","E19000001","E18000006","E10000029","E07000245","E05012776"
"CB9 9JS",10,566723,246398,"E92000001","E19000001","E18000006","E10000029","E07000245","E05012776"
"CB9 9JT",10,566845,246470,"E92000001","E19000001","E18000006","E10000029","E07000245","E05012776"
"CB9 9JU",10,566794,246334,"E92000001","E19000001","E18000006","E10000029","E07000245","E05012776"
"CB9 9JW",10,566731,246561,"E92000001","E19000001","E18000006","E10000029","E07000245","E05012776"
"CB9 9JX",10,566886,246595,"E92000001","E19000001","E18000006","E10000029","E07000245","E05012776"
"CB9 9JY",10,566817,246636,"E92000001","E19000001","E18000006","E10000029","E07000245","E05012776"
"CB9 9JZ",10,566712,246180,"E92000001","E19000001","E18000006","E10000029","E07000245","E05012776"
"CB9 9LA",10,566973,245775,"E92000001","E19000001","E18000006","E10000029","E07000245","E05012774"
"CB9 9LB",10,566965,245759,"E92000001","E19000001","E18000006","E10000029","E07000245","E05012774"
"CB9 9LD",10,566901,245799,"E92000001","E19000001","E18000006","E10000029","E07000245","E05012774"
"CB9 9LE",10,566869,245796,"E92000001","E19000001","E18000006","E10000029","E07000245","E05012774"
"CB9 9LF",10,566837,245796,"E92000001","E19000001","E18000006","E10000029","E07000245","E05012777"
"CB9 9LG",10,566783,245667,"E92000001","E19000001","E18000006","E10000029","E07000245","E05012774"
"CB9 9LH",10,566884,245630,"E92000001","E19000001","E18000006","E10000029","E07000245","E05012774"
"CB9 9LJ",10,566830,245623,"E92000001","E19000001","E18000006","E10000029","E07000245","E05012774"
"CB9 9LL",10,566984,245666,"E92000001","E19000001","E18000006","E10000029","E07000245","E05012774"
"CB9 9LN",10,566881,245547,"E92000001","E19000001","E18000006","E10000029","E07000245","E05012774"
"CB9 9LP",10,566723,245617,"E92000001","E19000001","E18000006","E10000029","E07000245","E05012774"
"CB9 9LQ",10,566950,245657,"E92000001","E19000001","E18000006","E10000029","E07000245","E05012774"
"CB9 9LR",10,566583,245408,"E92000001","E19000001","E18000006","E10000029","E07000245","E05012777"
"CB9 9LS",10,566554,245281,"E92000001","E19000001","E18000006","E10000029","E07000245","E05012777"
"CB9 9LT",10,566604,245419,"E92000001","E19000001","E18000006","E10000029","E07000245","E05012777"
"CB9 9LU",10,566630,245370,"E92000001","E19000001","E18000006","E10000029","E07000245","E05012777"
"CB9 9LW",10,566713,245669,"E92000001","E19000001","E18000006","E10000029","E07000245","E05012777"
"CB9 9LX",10,566449,245432,"E92000001","E19000001","E18000006","E10000029","E07000245","E05012777"
"CB9 9LY",10,566355,245432,"E92000001","E19000001","E18000006","E10000029","E07000245","E05012777"
"CB9 9LZ",10,566350,245475,"E92000001","E19000001","E18000006","E10000029","E07000245","E05012777"
"CB9 9NA",10,566389,245557,"E92000001","E19000001","E18000006","E10000029","E07000245","E05012777"
"CB9 9NB",10,566415,245651,"E92000001","E19000001","E18000006","E10000029","E07000245","E05012777"
"CB9 9ND",10,566487,245535,"E92000001","E19000001","E18000006","E10000029","E07000245","E05012777"
"CB9 9NE",10,566464,245602,"E92000001","E19000001","E18000006","E10000029","E07000245","E05012777"
"CB9 9NF",10,566456,245669,"E92000001","E19000001","E18000006","E10000029","E07000245","E05012777"
"CB9 9NG",10,566535,245648,"E92000001","E19000001","E18000006","E10000029","E07000245","E05012777"
"CB9 9NH",10,566600,245521,"E92000001","E19000001","E18000006","E10000029","E07000245","E05012777"
"CB9 9NJ",10,566653,246557,"E92000001","E19000001","E18000006","E10000029","E07000245","E05012776"
"CB9 9NL",10,566658,246604,"E92000001","E19000001","E18000006","E10000029","E07000245","E05012776"
"CB9 9NN",10,566697,246639,"E92000001","E19000001","E18000006","E10000029","E07000245","E05012776"
"CB9 9NP",10,566937,246504,"E92000001","E19000001","E18000006","E10000029","E07000245","E05012776"
"CB9 9NQ",10,566616,245561,"E92000001","E19000001","E18000006","E10000029","E07000245","E05012777"
"CB9 9NR",10,566429,246226,"E92000001","E19000001","E18000006","E10000029","E07000245","E05012777"
"CB9 9NT",10,566648,246182,"E92000001","E19000001","E18000006","E10000029","E07000245","E05012776"
"CB9 9NW",10,566844,246391,"E92000001","E19000001","E18000006","E10000029","E07000245","E05012776"
"CB9 9PF",10,567030,245774,"E92000001","E19000001","E18000006","E10000029","E07000245","E05012776"
"CB9 9PG",10,565737,245067,"E92000001","E19000001","E18000006","E10000029","E07000245","E05012779"
"CB9 9PH",10,565832,245106,"E92000001","E19000001","E18000006","E10000029","E07000245","E05012779"
"CB9 9PJ",10,565818,245135,"E92000001","E19000001","E18000006","E10000029","E07000245","E05012779"
"CB9 9PL",10,565891,245059,"E92000001","E19000001","E18000006","E10000029","E07000245","E05012779"
"CB9 9PP",10,565489,245409,"E92000001","E19000001","E18000006","E10000029","E07000245","E05012779"
"CB9 9PQ",10,565723,245124,"E92000001","E19000001","E18000006","E10000029","E07000245","E05012779"
"CB9 9PR",10,565499,245466,"E92000001","E19000001","E18000006","E10000029","E07000245","E05012779"
"CB9 9PS",10,565514,245369,"E92000001","E19000001","E18000006","E10000029","E07000245","E05012779"
"CB9 9PT",10,565581,245394,"E92000001","E19000001","E18000006","E10000029","E07000245","E05012779"
"CB9 9PU",10,565849,244980,"E92000001","E19000001","E18000006","E10000029","E07000245","E05012779"
"CB9 9QA",10,566640,245445,"E92000001","E19000001","E18000006","E10000029","E07000245","E05012777"
"CB9 9QD",10,565710,245526,"E92000001","E19000001","E18000006","E10000029","E07000245","E05012779"
"CB9 9QE",10,565619,245595,"E92000001","E19000001","E18000006","E10000029","E07000245","E05012779"
"CB9 9QF",10,565653,245602,"E92000001","E19000001","E18000006","E10000029","E07000245","E05012779"
"CB9 9QG",10,565440,245678,"E92000001","E19000001","E18000006","E10000029","E07000245","E05012779"
"CB9 9QH",10,565251,245669,"E92000001","E19000001","E18000006","E10000029","E07000245","E05012779"
"CB9 9QL",10,566022,245020,"E92000001","E19000001","E18000006","E10000029","E07000245","E05012779"
"CB9 9QN",10,565955,244947,"E92000001","E19000001","E18000006","E10000029","E07000245","E05012779"
"CB9 9QP",10,565354,245786,"E92000001","E19000001","E18000006","E10000029","E07000245","E05012779"
"CB9 9QQ",10,565319,245643,"E92000001","E19000001","E18000006","E10000029","E07000245","E05012779"
"CB9 9QR",10,565316,245893,"E92000001","E19000001","E18000006","E10000029","E07000245","E05012779"
"CB9 9QS",10,565367,245735,"E92000001","E19000001","E18000006","E10000029","E07000245","E05012779"
"CB9 9QT",10,565951,245112,"E92000001","E19000001","E18000006","E10000029","E07000245","E05012779"
"CB9 9QU",10,566007,244894,"E92000001","E19000001","E18000006","E10000029","E07000245","E05012779"
"CB9 9QW",10,565310,245801,"E92000001","E19000001","E18000006","E10000029","E07000245","E05012779"
"CB9 9QX",10,565915,244832,"E92000001","E19000001","E18000006","E10000029","E07000245","E05012779"
"CB9 9QY",10,565890,244907,"E92000001","E19000001","E18000006","E10000029","E07000245","E05012779"
"CB9 9QZ",10,565920,244877,"E92000001","E19000001","E18000006","E10000029","E07000245","E05012779"
"CB9 9RA",10,565758,245467,"E92000001","E19000001","E18000006","E10000029","E07000245","E05012777"
"CB9 9RB",10,565713,245428,"E92000001","E19000001","E18000006","E10000029","E07000245","E05012777"
"CB9 9SA",10,566559,246787,"E92000001","E19000001","E18000006","E10000029","E07000245","E05012776"
"CB9 9SB",10,566482,246659,"E92000001","E19000001","E18000006","E10000029","E07000245","E05012776"
"CB9 9SD",10,566449,246638,"E92000001","E19000001","E18000006","E10000029","E07000245","E05012776"
"CB9 9SE",10,566501,246799,"E92000001","E19000001","E18000006","E10000029","E07000245","E05012776"
"CB9 9SF",10,566388,246662,"E92000001","E19000001","E18000006","E10000029","E07000245","E05012776"
"CB9 9SG",10,566569,246675,"E92000001","E19000001","E18000006","E10000029","E07000245","E05012776"
"CB9 9SH",10,566500,246677,"E92000001","E19000001","E18000006","E10000029","E07000245","E05012776"
"CB9 9SJ",10,566481,246872,"E92000001","E19000001","E18000006","E10000029","E07000245","E05012776"
"CB9 9SL",10,566482,246845,"E92000001","E19000001","E18000006","E10000029","E07000245","E05012776"
"CB9 9SN",10,566600,246885,"E92000001","E19000001","E18000006","E10000029","E07000245","E05012776"
"CB9 9XA",10,567213,245537,"E92000001","E19000001","E18000006","E10000029","E07000245","E05012774"
